 -0.00045293255959380  0.00252625706853902  0.00429054519698362  0.00618327093076667
  0.00844352855212310  0.01108044307096576  0.01409970577523694  0.01742957099091691
  0.02092153229593980  0.02488523088110712  0.02894732059666755  0.03330359428926419
  0.03788163490166768  0.04261438972181121  0.04791182569180487  0.05338249875911571
  0.05909908762275736  0.06547887033040689  0.07210045750645705  0.07888245634652703
  0.08579509554122595  0.09267021897690242  0.09960112083062794  0.10663154992210104
  0.11391847942888882  0.12140508187833607  0.12904437051966053  0.13682660349824169
  0.14465935045878831  0.15262189150929675  0.16083050141787392  0.16932439989302775
  0.17819417069625165  0.18756359661697491  0.19724033062944615  0.20724386287410534
  0.21739075179770351  0.22759573178703885  0.23802742607271918  0.24855083643444192
  0.25957102195990550  0.27200060872080289  0.28370165573792139  0.29597021089011111
  0.30861371349271188  0.32100864687897790  0.33314328369497637  0.34626255192077543
  0.35940291072043595  0.37240787770379841  0.38551603846430998  0.39867855213106834
  0.41147266348018757  0.42387030387970076  0.43655619727863010  0.44961753712138397
  0.46345784623814462  0.47735878008211785  0.49136604680680196  0.50580709626054765
  0.52031272528113059  0.53507780602514787  0.55017615120731356  0.56525919474566044
  0.58016774832968165  0.59459546805893104  0.60813360207245537  0.62144802495026508
  0.63494593967326862  0.64857515495774209  0.66212199791245896  0.67559935084734013
  0.68935942670344530  0.70326814406085580  0.71751699117604917  0.73230706172665960
  0.74711284709210835  0.76157933894135887  0.77591624380118918  0.78991847596361420
  0.80402837961765328  0.81800304111020705  0.83188233470997153  0.84565630358330068
  0.85917819562183839  0.87281668569298620  0.88621306230036745  0.89950728153624704
  0.91258025039355839  0.92534103457102324  0.93787480905667497  0.95034546159249456
  0.96283632405053554  0.97528211163528689  0.98765758764050149  1.00000000000000000
 -0.00220962620779098  0.01021739281047243  0.02043984466481857  0.03079163516979109
  0.04142942241630776  0.05190487995799795  0.06208354193396485  0.07166156918011894
  0.08158685286922782  0.09167818387413126  0.10177007098742512  0.11194740982932684
  0.12204626764075999  0.13264470921344268  0.14277606885139638  0.15361305045088916
  0.16461091788442875  0.17556763393641345  0.18650214981286839  0.19722661997148688
  0.20785112454915800  0.21780953197844249  0.22739263083227068  0.23697927990907394
  0.24682630208039388  0.25693994257653641  0.26705847782766129  0.27728054231928273
  0.28767689713265404  0.29825221809740043  0.30917711901754152  0.32058975351415431
  0.33230776236779364  0.34386105152029650  0.35509147869127045  0.36624394999448517
  0.37683764618619625  0.38704669950287623  0.39694045378973286  0.40686967717593769
  0.41716769198598841  0.42780328911418486  0.43838844727248993  0.44863849933437971
  0.45897709958205052  0.47000713578546549  0.48133533224472269  0.49225063096074145
  0.50279616728001875  0.51306030786013246  0.52317724358950135  0.53328065647768885
  0.54359109038296693  0.55403506464295926  0.56459660596654271  0.57568293675990190
  0.58717979727772429  0.59857327789244075  0.60941539559425506  0.61989261330307965
  0.63062028048002361  0.64156016572176100  0.65270825703627544  0.66404872011696658
  0.67553661057850156  0.68721462336775485  0.69911318518741250  0.71051886424201693
  0.72115373205875333  0.73153604215978274  0.74185296778172405  0.75205435747232219
  0.76191743375814036  0.77193095944291534  0.78230618335372548  0.79300561534035430
  0.80382738610464155  0.81481212333257191  0.82560254875510863  0.83603283715619159
  0.84647248349747639  0.85712998945556851  0.86831781886444626  0.87954883737283751
  0.89028552770285962  0.90035473590715476  0.90997951054741266  0.91970995748292828
  0.92992169938000124  0.94001032597282286  0.94957445689491904  0.95879410357036621
  0.96855185348551465  0.97909431305341510  0.98961031948184874  1.00000000000000000
  0.00120875344746847  0.01719786381030769  0.03197939394720296  0.04419095685963029
  0.05528214336123670  0.06565060963959529  0.07537952871594342  0.08450393468323204
  0.09357449088385181  0.10249082796617434  0.11119710639233304  0.11977387304953049
  0.12812225778761985  0.13697640482611420  0.14540795975268095  0.15299597892227179
  0.16071406232639582  0.16832814166898385  0.17557387759998447  0.18266448343139435
  0.18949387388427757  0.19662963789273546  0.20395502078268338  0.21210919827215347
  0.22097878808347554  0.22961537980251620  0.23764162733954650  0.24543678383017584
  0.25284730033095265  0.26016368626088454  0.26774750072171449  0.27517840294102419
  0.28242764061726183  0.28958584572753149  0.29648428313373854  0.30365736859234410
  0.31087500605949003  0.31831066680069009  0.32579520521796146  0.33302023927428004
  0.34014790383429977  0.34717176218962942  0.35439150512586176  0.36223572933837483
  0.37022932865856528  0.37796369109089267  0.38531458308535699  0.39267523908810359
  0.40037759043633908  0.40836083791404632  0.41666489154227537  0.42428649703226734
  0.43156750644134806  0.43865404563908250  0.44548053752887445  0.45238615305599922
  0.45968378197942245  0.46736012592218629  0.47533329689711717  0.48352782966155894
  0.49172723814381347  0.49978671436508432  0.50803526233948471  0.51659315052493238
  0.52524390432299750  0.53397168595246092  0.54260999232681684  0.55089341731517827
  0.55940456543870853  0.56792175651566845  0.57662960850934597  0.58527379722271811
  0.59425422330369237  0.60383452332906640  0.61419933726298892  0.62500626467919984
  0.63568303757058398  0.64649006453063784  0.65738743974525315  0.66854220482259041
  0.67984884609848217  0.69121386153389774  0.70330340131233682  0.71617339012118042
  0.72911725621966628  0.74166169907300972  0.75451984557238827  0.76834104852787399
  0.78350201561156196  0.79957049360323140  0.81575249982608100  0.83343122563589800
  0.85444522006155188  0.88023872108422141  0.92117021235516028  1.00000000000000000
 -0.01891256097724701  0.14435071130001884  0.19556391064750370  0.22713973868929263
  0.25304834621866734  0.27427641412856285  0.29280658047828889  0.30886749173721006
  0.32329154391703235  0.33694698677260460  0.34978787064610989  0.36171309233031090
  0.37295140893699952  0.38384978718195267  0.39417618580111952  0.40379541695763915
  0.41279858837943456  0.42168822311994958  0.43034193592862224  0.43883855662741089
  0.44692396937932743  0.45489156230635064  0.46287936479199693  0.47067199527612408
  0.47813699428903006  0.48539802766260065  0.49272445912357987  0.50014096846254130
  0.50726482956363894  0.51419820046599396  0.52092409380231919  0.52747505943937811
  0.53388951564162512  0.54016863588174413  0.54627308649471518  0.55231479487311907
  0.55850325835634484  0.56459992383241431  0.56996720006686441  0.57518496976994338
  0.58048755550056275  0.58555850602918225  0.59048930755566509  0.59540118293591593
  0.60022862125112264  0.60491538265992006  0.60975272529904756  0.61451345357411946
  0.61945670637668770  0.62440884009648967  0.62924812092610116  0.63406622980742344
  0.63888913195050934  0.64378175613898614  0.64886641312979232  0.65403179254525223
  0.65909426126143922  0.66402264169663094  0.66891920731885879  0.67392352143054712
  0.67896208658082280  0.68397653677668535  0.68905562776565032  0.69425565778551646
  0.69947460706036269  0.70475368974395114  0.71018807669885375  0.71570892823063026
  0.72125152798714587  0.72681122166785972  0.73205708075203435  0.73704268290581776
  0.74202735946317722  0.74709535803607985  0.75218885663969237  0.75729082839318584
  0.76237250484356500  0.76755942434654822  0.77310578173880606  0.77896914429291808
  0.78488279360555868  0.79059321615303413  0.79679045267710746  0.80336480758308659
  0.81022200228056096  0.81799120803146474  0.82632964692063915  0.83456672092678330
  0.84276926031731103  0.85137137538199203  0.86176610381705765  0.87367551438062474
  0.88751800614898568  0.90521519855120980  0.93208147560101740  1.00000000000000000
  5.03551578805288086E-005  -1.0000000000000000     
 T T T T F F F F F F F F T T T T T T T T F F F F F F F F T T T T
  <DiscreteSampler_grid>
  grouped_processes
  1 # 1 for a reference and 2 for a running grid.
  10 # Attribute 'min_bin_probing_points' of the grid.
  1 # Attribute 'grid_mode' of the grid. 1=='default',2=='initialization'
  0.0000000000000000 # Attribute 'small_contrib_threshold' of the grid.
  0.5000000000000000 # Attribute 'damping_power' of the grid.
 # binID   n_entries weight   weight_sqr   abs_weight
    16   10   2.567651430007085E+008   6.663994902122757E+016   2.567651430007085E+008
    17   10   2.567651430007084E+008   6.663994902122756E+016   2.567651430007084E+008
    22   10   2.694249610182127E+008   7.356634244943461E+016   2.694249610182127E+008
    23   10   2.694249610182127E+008   7.356634244943459E+016   2.694249610182127E+008
  </DiscreteSampler_grid>
