 -0.00258058295423042  0.01024450329386302  0.02060124829239732  0.03116752794166171
  0.04178761864070514  0.05249200731747869  0.06316546001461343  0.07378925012861355
  0.08417932918796704  0.09465511007520841  0.10532233318920640  0.11606724188965414
  0.12695488895612039  0.13766729250689722  0.14819218624577685  0.15838823711238445
  0.16857680916467524  0.17886788001673612  0.18924763432428954  0.19957196700870711
  0.20991488203832301  0.22017473780962021  0.23057761250213762  0.24109953878574369
  0.25165973489279730  0.26218124898963752  0.27282059101996609  0.28352567229839049
  0.29426786569189550  0.30476445849341272  0.31535877796858364  0.32597227852053118
  0.33652772309908796  0.34682011214379788  0.35708928037466209  0.36740772937460237
  0.37765143129765238  0.38783976173346774  0.39803956106933874  0.40839916762323208
  0.41887609098671713  0.42935472315317474  0.43979033509056564  0.45024611954354604
  0.46076644795464472  0.47128478599564477  0.48169305488431780  0.49187683543030963
  0.50203112882223233  0.51232312580894546  0.52269760433194168  0.53349490064086291
  0.54435325656707134  0.55554505093112383  0.56667882365561595  0.57768416896386909
  0.58855348673323371  0.59927428300729768  0.60986343390130671  0.62045170546167649
  0.63091415967836462  0.64136459540818824  0.65180486482341538  0.66235034470645637
  0.67294965283059893  0.68353508556848697  0.69412772483329910  0.70468350108013766
  0.71518435580549000  0.72552766409223557  0.73561275683760785  0.74557445290790858
  0.75565363254028706  0.76599009940288942  0.77648086619845735  0.78704961223495384
  0.79771720221202669  0.80843347144659594  0.81911202366652380  0.82982532696466094
  0.84043216038407831  0.85109845215973812  0.86183173448971861  0.87272229598432804
  0.88340662924284019  0.89401138019363213  0.90466783839823428  0.91520415077896078
  0.92571276660999513  0.93609462410252453  0.94666294281114372  0.95715994882141675
  0.96763000561914903  0.97831716354421139  0.98909154242778574  1.00000000000000000
 -0.01680217527745532  0.09540500227626816  0.12966907552967522  0.15133440269824325
  0.16929306901905289  0.18472990623935479  0.19858521030880918  0.21123382714687872
  0.22297623919716339  0.23399086516694284  0.24438833435459009  0.25428154162674216
  0.26371805337855242  0.27280699509263667  0.28149446987830712  0.28994904056090515
  0.29810613973258582  0.30604863573378216  0.31381444549929199  0.32133360243657544
  0.32873959198186503  0.33595614788738426  0.34301955296887604  0.34999081510172120
  0.35683311143411672  0.36355331729388790  0.37019173742376976  0.37674467522085214
  0.38320378690783485  0.38959315389951688  0.39592983883771032  0.40217446317096434
  0.40836609225991766  0.41453258634464524  0.42061757021930257  0.42665867467258756
  0.43267448822567911  0.43865656849720513  0.44459132899772114  0.45050388416420833
  0.45639752306623071  0.46226268803840126  0.46810524904962403  0.47393666237412285
  0.47975656666552807  0.48556431848399356  0.49136298594195588  0.49715978415942530
  0.50295483826032972  0.50875105046174385  0.51454938030196939  0.52035690005369628
  0.52617646553672137  0.53200731558688696  0.53784951480563492  0.54371423916604011
  0.54960736045974590  0.55551935321036605  0.56145378040026428  0.56743756921932631
  0.57345414024338548  0.57949554935600955  0.58558360033556345  0.59175102500578824
  0.59794512890597318  0.60419154535398878  0.61053301014860228  0.61692726987248425
  0.62339177268883406  0.62995128307554371  0.63659558804537308  0.64332249758789739
  0.65017123209109584  0.65714828561592287  0.66421871478519134  0.67143819027503726
  0.67883921285409055  0.68635425740517098  0.69411768103246019  0.70205342540175508
  0.71020571861497439  0.71865777186734359  0.72733669169102022  0.73642932984124498
  0.74585917234069998  0.75575350884279513  0.76614963539372372  0.77716729515898475
  0.78891506261560929  0.80157321086575539  0.81543585625336379  0.83087128282345424
  0.84879987408298796  0.87050445623971862  0.90490215887893366  1.00000000000000000
   8.8434606175928762E-005  -1.0000000000000000     
 T F F T F F F F
  <DiscreteSampler_grid>
  grouped_processes
  1 # 1 for a reference and 2 for a running grid.
  10 # Attribute 'min_bin_probing_points' of the grid.
  1 # Attribute 'grid_mode' of the grid. 1=='default',2=='initialization'
  0.0000000000000000 # Attribute 'small_contrib_threshold' of the grid.
  0.5000000000000000 # Attribute 'damping_power' of the grid.
 # binID   n_entries weight   weight_sqr   abs_weight
    10   10   4.482794364313952E+006   2.009544531272492E+013   4.482794364313952E+006
  </DiscreteSampler_grid>
