 -0.00041463081588308  0.00274551141962377  0.00469646208086822  0.00703241225337006
  0.00985496798988852  0.01293994113073492  0.01646220858473326  0.02045929550613094
  0.02482468893896296  0.02935571078140869  0.03393981012209257  0.03875986324293739
  0.04415145232315742  0.04993579763760723  0.05578028924111822  0.06192500619585652
  0.06841175233688924  0.07516285252134086  0.08196525975181752  0.08886087604801012
  0.09595934736542519  0.10346820845919147  0.11144424551095446  0.11998183831325879
  0.12874360933856915  0.13758331245773403  0.14635078134441165  0.15502777784388200
  0.16350355608196548  0.17200877669510548  0.18080998478239932  0.18983439663301363
  0.19906205562153551  0.20853541382175161  0.21801368890746103  0.22737242516113168
  0.23694811878945227  0.24643170769611802  0.25626081875047541  0.26651522743580675
  0.27685797895920361  0.28698359055435724  0.29740648277470583  0.30825010886028231
  0.31951410880124742  0.33104111630761279  0.34255134516731622  0.35397098833675172
  0.36552776858832159  0.37768096590100270  0.39066231805000295  0.40385063217642941
  0.41667973722901780  0.42921200557769268  0.44226721879618475  0.45535178224037198
  0.46805009517107726  0.48056880727372137  0.49322982010796651  0.50609681428598396
  0.51868046078916252  0.53091059055837464  0.54293847583462962  0.55490493885158043
  0.56710147998888527  0.57952984014871745  0.59193699694723545  0.60484673335029815
  0.61811585183984541  0.63094875316855781  0.64438247271998483  0.65805529623623371
  0.67158276843204512  0.68504499896904070  0.69921582506560986  0.71338416291192908
  0.72762698960743832  0.74199189405373633  0.75644827213767696  0.77090881158086977
  0.78531945153239413  0.79903480408887673  0.81271782008829929  0.82644046447318342
  0.84022644342763964  0.85446032854467857  0.86883697549942962  0.88336311046933391
  0.89795804890953757  0.91253303556418242  0.92700535065722856  0.94158751821361164
  0.95617152267139138  0.97080629851289824  0.98546814254333981  1.00000000000000000
 -0.00267603757617778  0.01112888811088475  0.02265651502897542  0.03369157430405455
  0.04501468644428812  0.05621237820363813  0.06718324274643826  0.07781796689036462
  0.08852811740412155  0.09950271317307653  0.11034670872016969  0.12101265080605544
  0.13156429905692849  0.14204569754708546  0.15240066036220112  0.16272418974621286
  0.17309232371752781  0.18321936984765838  0.19368788147752092  0.20399356084881817
  0.21557506749228894  0.22754432352104276  0.23971486538035805  0.25140881295151235
  0.26206938708216915  0.27239831866826847  0.28255565263540366  0.29314088421544682
  0.30419288158658292  0.31494443886822004  0.32522142330173193  0.33526121115318658
  0.34559324723335166  0.35587488012910373  0.36639581639775687  0.37672597161508581
  0.38757956797011683  0.39810198715041450  0.40875186506239936  0.41898432122627272
  0.42936491802894755  0.43948258491460002  0.44977079778880408  0.46024525398682337
  0.47071647936378130  0.48129173372162348  0.49204678925135270  0.50273367475933728
  0.51319032180571544  0.52350163473681988  0.53388843432457722  0.54429217749076986
  0.55429014013377842  0.56446273844745620  0.57479621351582544  0.58500960954666137
  0.59510926653539953  0.60533172595261076  0.61534277028233542  0.62520914198467092
  0.63503698258122410  0.64506914774673840  0.65587998163466843  0.66670498380757337
  0.67812932905895573  0.68901041664976437  0.69934005982571845  0.70977849707456453
  0.72105440815096555  0.73214294289931237  0.74312691264672193  0.75387319985612677
  0.76392282661359778  0.77369436820849347  0.78385208474579648  0.79393954377012177
  0.80407538628290964  0.81388355032030280  0.82417958305141670  0.83477587118222252
  0.84478344688402929  0.85525121056185138  0.86493281012349643  0.87474810769792632
  0.88507624748781399  0.89557263157901201  0.90682896586310202  0.91738301285086610
  0.92826254397032582  0.93901647933163568  0.94961486110329951  0.96036420372827125
  0.97055979886101595  0.98072685113749858  0.99046240799414709  1.00000000000000000
  0.00161967520934243  0.01676829359537721  0.03004424650796799  0.04106960788094378
  0.05074816128905252  0.05971671778742871  0.06852254844778063  0.07716839804859198
  0.08550733515963366  0.09341322881395281  0.10127309255116163  0.10895880605278385
  0.11656950095941371  0.12407601616305054  0.13131575705570350  0.13809320807301945
  0.14448084716936108  0.15069624343989144  0.15698135579721503  0.16354694584627863
  0.17033741332285413  0.17720131190563093  0.18398813573040260  0.19083806199650019
  0.19786290901799747  0.20509341394708860  0.21197463578849229  0.21906753395386697
  0.22596113747608040  0.23280696205356807  0.23958756476903370  0.24636210944407544
  0.25316091462609919  0.25996889037283821  0.26692604833273131  0.27390790553315053
  0.28038132195823595  0.28686595246069141  0.29330090354582450  0.29963777936790692
  0.30600561299476203  0.31251929098665526  0.31907938203178732  0.32549916281637081
  0.33187329966960544  0.33833279802925348  0.34494260159580470  0.35176427821096318
  0.35877607228793307  0.36591548358918674  0.37301730201118610  0.38017827062011178
  0.38725469384085603  0.39423425318116589  0.40107741445108258  0.40794387899569851
  0.41479223627335315  0.42155753373866095  0.42836312824638001  0.43541176105049534
  0.44281625396823288  0.45041283758921402  0.45832565263059621  0.46711772434117660
  0.47616781024540084  0.48486976835368478  0.49340831630342430  0.50184193590839121
  0.51043746134205115  0.51940636850117294  0.52847585860199509  0.53801263600978322
  0.54741664278452018  0.55684320908010254  0.56614308452171858  0.57611924134268100
  0.58676127542668421  0.59750040644915925  0.60823895523894700  0.61856498620238265
  0.62918107394033240  0.64038130076788569  0.65297658417438886  0.66676764408778344
  0.68023605308154722  0.69410384017283622  0.70806686077552572  0.72277944991419307
  0.73816145987602100  0.75458261995105136  0.77342875724308879  0.79624088527453685
  0.82139122504603612  0.85026136521489548  0.89232831459826178  1.00000000000000000
 -0.02068393537168696  0.12010463632961982  0.15785027874847660  0.18113043943496279
  0.19957566666300364  0.21476230712328770  0.22768966408220839  0.23894331611930272
  0.24943275367565756  0.25944025919805097  0.26945265018432363  0.27838933907376379
  0.28687865532885354  0.29492069164016660  0.30259403103770555  0.30998024109873223
  0.31703601903614859  0.32388477564972940  0.33095647838983799  0.33808301445482125
  0.34493470033905527  0.35143984577836979  0.35757943826141958  0.36351745940480207
  0.36935634206474799  0.37490125354261661  0.38034151080829171  0.38596770742016284
  0.39168056733970269  0.39745276430606424  0.40316711219091927  0.40881415638124374
  0.41453958575876187  0.42039605983342876  0.42627035343710445  0.43221971129301812
  0.43830234629513581  0.44392463160047513  0.44965767786841127  0.45501947249499380
  0.46044189373643180  0.46597131354103083  0.47159716136886370  0.47715029337666376
  0.48269828978959906  0.48820397028574131  0.49362997935209385  0.49920187341186584
  0.50478252086122088  0.51034297635265047  0.51577902063741798  0.52107515872146837
  0.52641269454442785  0.53181657657360093  0.53724109204332615  0.54274115989737326
  0.54831527098003296  0.55397388989354679  0.55956105606607698  0.56524948489035010
  0.57098681417986652  0.57686736516989234  0.58275291177836774  0.58832632353618064
  0.59368923279364638  0.59909309710122871  0.60450951727898872  0.60994217876465295
  0.61543758803370641  0.62111244443797886  0.62711595256593777  0.63327905885295710
  0.63929670732394417  0.64503936474387236  0.65082550596014943  0.65689153570503134
  0.66301902789816036  0.66947690476069455  0.67622172052340068  0.68309148578949841
  0.69024569098287469  0.69771132775464118  0.70543589572666876  0.71347005455395474
  0.72187358256722911  0.73063142398600178  0.74020088620839986  0.74997573310071253
  0.76078267439638603  0.77259518370603786  0.78634188533327487  0.80196509116355919
  0.82009040607353256  0.84212129654038637  0.88071820369465459  1.00000000000000000
  1.59739350722178889E-005  -1.0000000000000000     
 T T T T T T T T T T T T T T T T F F F F F F F F F F F F F F F F
  <DiscreteSampler_grid>
  grouped_processes
  1 # 1 for a reference and 2 for a running grid.
  10 # Attribute 'min_bin_probing_points' of the grid.
  1 # Attribute 'grid_mode' of the grid. 1=='default',2=='initialization'
  0.0000000000000000 # Attribute 'small_contrib_threshold' of the grid.
  0.5000000000000000 # Attribute 'damping_power' of the grid.
 # binID   n_entries weight   weight_sqr   abs_weight
    10   10   1.851256230438351E+007   3.714459484965187E+014   1.851256230438351E+007
  </DiscreteSampler_grid>
