  0.00822933078431973  0.01774927130345130  0.02876602979073668  0.03965327406523694
  0.04974074442245015  0.05991407221633038  0.07001821574887596  0.08009375992685618
  0.09029155674975432  0.10053771352634211  0.11117086101045101  0.12219717200686479
  0.13298227535863427  0.14353102291780073  0.15381109328268494  0.16369934721682691
  0.17360640068854791  0.18347646859380706  0.19347282810954444  0.20338114374216701
  0.21363979956822482  0.22398385380765498  0.23440950974077457  0.24463578712674000
  0.25506797305289347  0.26548879235209943  0.27622885405764791  0.28680069208679365
  0.29731620715725909  0.30774493479836235  0.31864945977835873  0.32977189172117399
  0.34082144345322490  0.35157236120557139  0.36200052710622244  0.37229727526415257
  0.38246598997115061  0.39266481135852549  0.40277324118037311  0.41278721312254940
  0.42252282191115503  0.43212605513603880  0.44197368771117140  0.45210903932115665
  0.46225877745592597  0.47237564937797177  0.48248277424914676  0.49251175530367763
  0.50235150543545526  0.51199565827333038  0.52181828297372235  0.53242229285158482
  0.54335196270654007  0.55448892408183814  0.56554140759111915  0.57640917467299391
  0.58690862288607659  0.59675808589346524  0.60631193682574647  0.61594182520077334
  0.62603528316077972  0.63653950076655874  0.64733647518345150  0.65835988993734729
  0.66948242631106802  0.68050464672687216  0.69129162247639508  0.70184929536302532
  0.71222200624266141  0.72271357646416634  0.73312928095721741  0.74327291578386123
  0.75347249827087837  0.76368963843791304  0.77397818014715170  0.78448349244098392
  0.79506235928056290  0.80588069610267754  0.81651597170948720  0.82690498600348195
  0.83756051739285353  0.84818295980027836  0.85862796637772421  0.86882878075186287
  0.87887014570777544  0.88874436597158002  0.89847990148561563  0.90843071358341521
  0.91840141350213333  0.92837513550026818  0.93829659446660396  0.94834137588038070
  0.95869630854325516  0.96906662860703585  0.97953442276878167  1.00000000000000000
 -0.00042518260798768  0.00258081557615789  0.00440114739616322  0.00652961941797908
  0.00901357151332728  0.01189256364793351  0.01517609529683692  0.01882257043874474
  0.02279561890036239  0.02725008459683800  0.03201326283475674  0.03700893643987719
  0.04224340178121607  0.04783747622221610  0.05359625289173564  0.05941081260538317
  0.06553848474126962  0.07210015692516152  0.07904067105338253  0.08612134320553962
  0.09339562162587653  0.10097394439843041  0.10875110092777958  0.11658494866436493
  0.12465868459918979  0.13310882390379530  0.14179931763432008  0.15057109570405733
  0.15944645322184509  0.16847101423025357  0.17769377980885823  0.18726992630345027
  0.19706390163218643  0.20707483044480898  0.21722422702086291  0.22735613244202951
  0.23752240190987778  0.24801619952155091  0.25895951656792227  0.27002954568880716
  0.28097191479648026  0.29202345626238357  0.30342034838961690  0.31470757278534378
  0.32612114272518711  0.33776951205482758  0.34949828854501686  0.36134150637048296
  0.37316216384402379  0.38499287813987126  0.39681075959694623  0.40844153593723748
  0.41977720975053029  0.43117834104295949  0.44321505887923540  0.45540658055878319
  0.46791738551557061  0.48113837627312711  0.49431136846549140  0.50753750220495020
  0.52055172876577127  0.53317161713302363  0.54555199099463547  0.55800664506018349
  0.57060077919043961  0.58304445221482248  0.59544649461285171  0.60809627580241166
  0.62056935622918252  0.63315973054229591  0.64638178132034185  0.65987105298260729
  0.67273263920586401  0.68672427166122063  0.70065216713896639  0.71427897268177898
  0.72821081788568887  0.74297908604176954  0.75751895716245676  0.77196385671772716
  0.78615071203337006  0.80028750245857783  0.81443161537454611  0.82857586304121700
  0.84286599251697580  0.85708704072509423  0.87133189618934404  0.88529086571521376
  0.89908165470119439  0.91310875817768100  0.92741874189466400  0.94180523328627763
  0.95641993932133462  0.97104605740402938  0.98552833605700418  1.00000000000000000
 -0.00246000531559533  0.00881283637423681  0.01910878340334579  0.02943638902378256
  0.04022210697587217  0.05096084756666997  0.06176050083047322  0.07237475865411402
  0.08270543957933224  0.09397422835048092  0.10518781612368283  0.11562064718867172
  0.12604523803694401  0.13563726162581885  0.14549632678378832  0.15534766247038634
  0.16546654825682544  0.17549219642858768  0.18526280062060288  0.19523715120711341
  0.20527176649778051  0.21544463903726802  0.22584964124163254  0.23700673068295630
  0.24846824277796464  0.25948013844866497  0.27048716938301987  0.28140914002509948
  0.29261578852496767  0.30361479606447506  0.31454643761106943  0.32498122546161584
  0.33545454455601770  0.34583606509117965  0.35621647328737638  0.36659449967043800
  0.37717473137997498  0.38799792839226377  0.39874011632161521  0.40943899432682634
  0.42025170996706468  0.43120385128704025  0.44154072949670281  0.45134548807001534
  0.46144549203226459  0.47166711310738335  0.48167948442409830  0.49158221341002045
  0.50162896279250158  0.51188286107181480  0.52232827485964339  0.53295560574299894
  0.54387589986451035  0.55516883451043364  0.56632270504717186  0.57768892102356095
  0.58878075225862014  0.59974983577131835  0.61054881434930819  0.62129493540448510
  0.63243566333972434  0.64367567441324780  0.65483974887625018  0.66603543908936258
  0.67714606632825880  0.68805818303627619  0.69870256243279183  0.70948108703155754
  0.72033121489132412  0.73099739946355424  0.74142036420199775  0.75178288974297403
  0.76204821465669048  0.77241758542529804  0.78263478237646789  0.79297952774104230
  0.80315491921006588  0.81361325709404242  0.82427693387225143  0.83478830817370986
  0.84506787501012470  0.85549224438976934  0.86593566325171734  0.87622784249269348
  0.88633223257015559  0.89631769679643947  0.90661223283476278  0.91704332016845680
  0.92804788982647157  0.93893330159999611  0.94944481131540326  0.95977395964956536
  0.96962733069195894  0.97943414801763307  0.98957372883533345  1.00000000000000000
 -0.00174853000766295  0.00742913798468827  0.01594829587276767  0.02500631507911230
  0.03448199074440778  0.04401695465830954  0.05318959627655122  0.06229230508926673
  0.07161284644734066  0.08109775188637602  0.09057409376235812  0.09983026227182369
  0.10951055199627116  0.11970896233281297  0.13022698033679772  0.14119920274847989
  0.15243933930098386  0.16377861838748825  0.17447897277772162  0.18488362903586786
  0.19550785525534395  0.20638939418571767  0.21697554685004783  0.22750330001872285
  0.23843232119271410  0.24945239307266279  0.26019949139895121  0.27079095255763275
  0.28154016711397689  0.29221723242368602  0.30254550189872031  0.31278752269966148
  0.32308740522711676  0.33339621786133339  0.34415845299490788  0.35446909435329810
  0.36531623845209271  0.37593943074336184  0.38751669224221491  0.39874667789513762
  0.40954079380160258  0.42060892354623891  0.43153703699930240  0.44237765446085631
  0.45328292262186154  0.46474645031460193  0.47696624110391900  0.48909144792306652
  0.50122484921876131  0.51318348144197368  0.52526849929018493  0.53730302311401934
  0.54909795617627244  0.56059320237053090  0.57218104349667398  0.58378126873928737
  0.59564838249098917  0.60771906625835759  0.61980728779750671  0.63154448618182990
  0.64298959884270523  0.65433487760124842  0.66571403397133055  0.67703276206905150
  0.68824482552223065  0.69920525681741164  0.71000816246404730  0.72054556735002451
  0.73102298507432706  0.74177898741767567  0.75274234893238900  0.76361765460510678
  0.77400716035736339  0.78412121418963299  0.79417264516353114  0.80412742955129957
  0.81388806037633710  0.82367289867605931  0.83348482436708504  0.84340281278493945
  0.85304693862924075  0.86270727743917475  0.87242139250258521  0.88230650352107276
  0.89239958074072812  0.90233698584477540  0.91229324741830553  0.92200190347658362
  0.93173827534825981  0.94134370178893612  0.95069602400935671  0.96033026805541422
  0.97018564774090799  0.98007065300415852  0.99006903184450146  1.00000000000000000
 -0.00245920662821430  0.01021069538886574  0.02032509062756026  0.03072385082912778
  0.04076941228786835  0.05102980684230422  0.06141249213822290  0.07216709655760302
  0.08300065607449825  0.09351233499537967  0.10389729707873469  0.11428796476333326
  0.12456943777802673  0.13500212859531299  0.14558665709778859  0.15658075895014861
  0.16742582948544893  0.17739878854290789  0.18747277777511817  0.19800460265621270
  0.20883821339150332  0.21957650331502934  0.23028677898476180  0.24027008213964490
  0.25039441603075496  0.25988917209908619  0.26929263035461459  0.27864964008270493
  0.28818521391513091  0.29806470455201362  0.30826830143783274  0.31833708134690103
  0.32839517325140977  0.33816741097374586  0.34798634548681262  0.35817477515582713
  0.36843392994508184  0.37865507106411184  0.38896603178030065  0.39953993345961558
  0.41035885650709741  0.42126384398135375  0.43229433449595672  0.44315299014509962
  0.45363240119420950  0.46402712108787519  0.47428933124223727  0.48447178488758841
  0.49465378856413911  0.50492211664245912  0.51511880199033144  0.52518032529450365
  0.53510301722531883  0.54498646391579841  0.55487763788263444  0.56497027241651221
  0.57558415642793637  0.58668062947034105  0.59798440631728123  0.60895855954342770
  0.61942096277005565  0.62966627022698041  0.63990520862889111  0.65014931266256504
  0.66046747861694388  0.67108357732607249  0.68210488330903174  0.69335874981961632
  0.70468255648719647  0.71584767823036066  0.72669010521678012  0.73750916444231251
  0.74849147146552064  0.75959699048626339  0.77095220223702721  0.78211776972783553
  0.79318763156264727  0.80398913026711727  0.81471323274015783  0.82538148278695733
  0.83619053323873838  0.84712720433831623  0.85794853781463309  0.86864120654824339
  0.87928416687834599  0.88994850252951319  0.90066673974754408  0.91136338385775739
  0.92214528853511057  0.93301881818199672  0.94402838033711456  0.95525987183674876
  0.96631080297999228  0.97727846600543944  0.98842664503791267  1.00000000000000000
 -0.00175530083593772  0.04378805211576290  0.06093504424981592  0.07298991612659590
  0.08329155061877171  0.09287946705930197  0.10205086196731217  0.11099414852142664
  0.11969278972982238  0.12823165381396176  0.13665573569306158  0.14501601997989452
  0.15311597177521635  0.16114266438036903  0.16906710990360588  0.17687110968942121
  0.18475884355984121  0.19231568875972749  0.19972800764436044  0.20696835020403617
  0.21419024879252849  0.22142913647520587  0.22866260982256623  0.23568497466952712
  0.24271899616261616  0.24974103356121419  0.25672515622841080  0.26357320301424847
  0.27044193565643032  0.27717071894120204  0.28385893796042821  0.29059070774826568
  0.29735718886756995  0.30415839692431546  0.31092279874347040  0.31771901745099157
  0.32466289756478989  0.33157670465548111  0.33870067834536211  0.34578341700676540
  0.35290386072292496  0.35975342938344468  0.36657095107513404  0.37355096086517814
  0.38056435529076088  0.38771668372614843  0.39498176271879110  0.40191925933854727
  0.40886000332004074  0.41568702052474066  0.42273431143989687  0.42987618887746498
  0.43711169950213280  0.44456407464437919  0.45211515107821637  0.45973929968826915
  0.46745981274032045  0.47528685221893840  0.48321535302886864  0.49132924377873305
  0.49960387735443662  0.50758952998127316  0.51564814250132385  0.52373958238822060
  0.53202741819373345  0.54052308702772733  0.54930541212293260  0.55823827516038005
  0.56727204987219704  0.57635734215058876  0.58562025414590391  0.59507194222317605
  0.60429322510692995  0.61307402262114463  0.62197961720178252  0.63140768553192950
  0.64112248841311748  0.65092195101005434  0.66069678558033329  0.67081048916921882
  0.68113341481153544  0.69200610599006063  0.70366109662597998  0.71547309798808667
  0.72741008902307835  0.74011860759377324  0.75382682886800279  0.76810043642512371
  0.78341063156573010  0.79964348410371011  0.81721839817158914  0.83646223686402399
  0.85813360437474984  0.88423157489076709  0.92222160273287745  1.00000000000000000
 -0.02105839500199654  0.14647550974924156  0.19932274225695554  0.23266120847228300
  0.25838438692774646  0.27924067579606077  0.29625424837477493  0.31151158609905505
  0.32604346124035649  0.33970865194356770  0.35270361544886270  0.36491482036641032
  0.37639352166595008  0.38686320739858843  0.39675602881042410  0.40627649455684611
  0.41562374820812742  0.42474862814146380  0.43356375875273451  0.44204749978711566
  0.45018990636099904  0.45826938351903479  0.46573162283218628  0.47299462267421949
  0.48004321188355742  0.48669042738433133  0.49309470848426962  0.49936265244818084
  0.50554943172883215  0.51170840343408230  0.51782807937260744  0.52382702787131619
  0.52974834954957428  0.53565996026631801  0.54158173104199281  0.54747742895283080
  0.55324300526265391  0.55889599962730008  0.56447421995237468  0.56994474074186185
  0.57544898261779387  0.58093244951543654  0.58631776724080642  0.59157288907219785
  0.59676903464633702  0.60176740115450611  0.60681335794631330  0.61178053752151351
  0.61676533126844002  0.62180116661811624  0.62687097999986130  0.63200034448078857
  0.63716074467333761  0.64223238627851864  0.64721097618913892  0.65214058288345911
  0.65697788480434305  0.66182537259785301  0.66671857224836795  0.67167652609267614
  0.67666670923577910  0.68162602111751891  0.68654012684101795  0.69151148543890451
  0.69646467108743237  0.70135070587600146  0.70624790938722670  0.71118008203787442
  0.71620371996469634  0.72132008855135099  0.72637664001381064  0.73145093924378635
  0.73658409880541109  0.74179083276173530  0.74710426405179853  0.75269619042053793
  0.75836865739537684  0.76402658242570221  0.76981535613085161  0.77588046672151800
  0.78222013637332233  0.78885996550995829  0.79584486944162658  0.80337716935250603
  0.81103047550595653  0.81879436981086706  0.82693199488715163  0.83548564202580178
  0.84429649632929371  0.85332188439812584  0.86296023073481609  0.87342735293244333
  0.88706760476196478  0.90447146014329260  0.93184306522161486  1.00000000000000000
  5.10253515194084416E-007  -1.0000000000000000     
 F F T T F F F F F F F F F F T T F F T T F F F F F F F F F F T T
  <DiscreteSampler_grid>
  grouped_processes
  1 # 1 for a reference and 2 for a running grid.
  10 # Attribute 'min_bin_probing_points' of the grid.
  1 # Attribute 'grid_mode' of the grid. 1=='default',2=='initialization'
  0.0000000000000000 # Attribute 'small_contrib_threshold' of the grid.
  0.5000000000000000 # Attribute 'damping_power' of the grid.
 # binID   n_entries weight   weight_sqr   abs_weight
    16   10   6.481582808812577E+005   6.924777724846862E+011   6.481582808812577E+005
    17   10   6.481582808812589E+005   6.924777724846892E+011   6.481582808812589E+005
    22   10   6.503107408566365E+005   6.964866056154386E+011   6.503107408566365E+005
    23   10   6.503107408566377E+005   6.964866056154419E+011   6.503107408566377E+005
  </DiscreteSampler_grid>
