 -0.00041184106467707  0.00248902255521694  0.00424272251482231  0.00614218553933955
  0.00846545583998808  0.01114593764398180  0.01411435690675764  0.01739881196675636
  0.02109207093476092  0.02498889272341092  0.02925028140552138  0.03372718990818172
  0.03850508410592937  0.04362728509450006  0.04903377048238756  0.05447099744359912
  0.06012335234280222  0.06621937516204866  0.07261854447659136  0.07914534879040200
  0.08590497576665185  0.09284362969897739  0.09993807907732394  0.10722424285839091
  0.11492947867936544  0.12281251136539943  0.13069415893357403  0.13875090956714137
  0.14710213676332343  0.15603261041331962  0.16516477133216020  0.17449222599300129
  0.18402009066906003  0.19378029631262264  0.20375808168769344  0.21387923057664834
  0.22416755288232559  0.23461734191459196  0.24510211046190777  0.25557664578387651
  0.26617171940533763  0.27701489546450908  0.28819146228184145  0.29949764655427114
  0.31110701875422819  0.32310551850744551  0.33518577000214145  0.34729218580998739
  0.35950184568238602  0.37233186799558332  0.38520431246278608  0.39799580638709559
  0.41071577396622150  0.42344983623992211  0.43625396206946238  0.44898224411258164
  0.46160633001415069  0.47447391616612916  0.48743422753140642  0.50074704327897035
  0.51450282221433741  0.52823012832548655  0.54185589410128698  0.55577060779644327
  0.57013253850887269  0.58473386688354112  0.59949800561662347  0.61398384373509740
  0.62855244460370652  0.64300989824491761  0.65746572501125722  0.67196325902421594
  0.68650967558080656  0.70115973287404509  0.71573948173435886  0.73060257564231068
  0.74544407357393094  0.76020535720822979  0.77489452144923454  0.78932551860442746
  0.80401538701551423  0.81855154980159572  0.83283149356264419  0.84686438541140774
  0.86076787000916088  0.87439522159913630  0.88782125694738490  0.90096430443835507
  0.91386238415174115  0.92661765336389934  0.93921052642635516  0.95173257853733773
  0.96397758932234101  0.97605765431122393  0.98806776070445856  1.00000000000000000
 -0.00257204800196211  0.01044785958049828  0.02114348713925204  0.03152889007002146
  0.04209207415166291  0.05219890368212329  0.06212152315034125  0.07185698074925283
  0.08172442528748879  0.09208864128937588  0.10252554822545239  0.11299577658798506
  0.12321229799678489  0.13394767633213034  0.14449950504193976  0.15536923714069445
  0.16607586816544331  0.17703518642994492  0.18831915367753019  0.19919762721118192
  0.20978891809244299  0.22063833277160488  0.23187303582343000  0.24356425440744356
  0.25489471484169296  0.26592341136889974  0.27653515993200339  0.28709055240351228
  0.29702142137459286  0.30682384718120631  0.31680593580390470  0.32662763061994238
  0.33634304464689041  0.34597960678160522  0.35593080342173616  0.36655880635425991
  0.37701467343119971  0.38718930580235350  0.39732792507492021  0.40756880070931334
  0.41778885204744981  0.42783228789550798  0.43806955883687881  0.44868137206865955
  0.45936212692692130  0.47017627482119817  0.48123119540156389  0.49243508366451932
  0.50350703300170485  0.51426374138376219  0.52482538803093726  0.53510180359223725
  0.54538096566017724  0.55588687906309930  0.56664414663572804  0.57785684175407503
  0.58870822838839920  0.59910253763620336  0.60912659988089690  0.61884816615058824
  0.62855679015976595  0.63833666254495969  0.64842967329579082  0.65906789234694740
  0.66969012243613646  0.68024882849949375  0.69064198563647428  0.70072973231866165
  0.71091125887925377  0.72135770083697914  0.73225217341024806  0.74337136811087134
  0.75411449071527048  0.76449075566161806  0.77478200107608708  0.78521069706992042
  0.79589853185241666  0.80666462554793272  0.81739621943480545  0.82801975100264658
  0.83837546766871551  0.84850103259616327  0.85883194462385060  0.86916133154321817
  0.87962089095671936  0.89038180534641453  0.90137217318206864  0.91265632949155884
  0.92358434881862672  0.93440396587508412  0.94552079790443588  0.95719035555853427
  0.96839661862118953  0.97968266060194598  0.98982921597777407  1.00000000000000000
  0.00131928651110514  0.01661449958729188  0.03048194255068701  0.04218471076559584
  0.05256404265729769  0.06221724960559888  0.07164966549287914  0.08091134897749307
  0.08999060814802763  0.09870206834443603  0.10727423672948874  0.11577673141445723
  0.12425107809569327  0.13253908905315662  0.14056410544209752  0.14856353537466008
  0.15633277320394670  0.16409648311968608  0.17160926945383234  0.17897345291578021
  0.18630707230120974  0.19350683148094813  0.20064737422052287  0.20795549024402823
  0.21518985125107465  0.22232938023117610  0.22934360699028158  0.23605030895360260
  0.24283262499150557  0.24970423843004058  0.25674128941151558  0.26393965669257208
  0.27121778096701926  0.27869887233807222  0.28610747688575039  0.29337150915237314
  0.30041401230258774  0.30757228493742544  0.31482243275547089  0.32213536347608729
  0.32929535190076265  0.33625540270945597  0.34312869318086159  0.35004731448692972
  0.35712678123183894  0.36443894996790144  0.37199159589316239  0.37974536017629978
  0.38748820797806371  0.39501310857327748  0.40252070111677024  0.40989800201906612
  0.41731784411353268  0.42514578732269465  0.43317114304062559  0.44109571841686435
  0.44871031644448028  0.45612716885923976  0.46360763575516128  0.47115181181285043
  0.47903402662573585  0.48706493679601737  0.49520504843609225  0.50352229276483984
  0.51219685599944564  0.52096894719409148  0.52997974270939052  0.53909779048308004
  0.54833690188207196  0.55771389398247440  0.56673343076186411  0.57554985000833692
  0.58471288514224273  0.59438954481393680  0.60422355836442199  0.61398299465595085
  0.62400317031369468  0.63416850453234319  0.64448791915701298  0.65522315486283111
  0.66678111398620887  0.67887165483129108  0.69075744987673582  0.70335458442398824
  0.71624159213240812  0.73000363147879677  0.74496058596929116  0.76068278850828175
  0.77679689936453455  0.79369219721482276  0.81139112869043994  0.83104943607310666
  0.85405583534654950  0.88164435610775482  0.92039636234578370  1.00000000000000000
 -0.02078060203155668  0.14510013127297350  0.19617404037976027  0.22872054440053177
  0.25421077746948728  0.27576632054847455  0.29433127180620078  0.31087900271037922
  0.32621933443743178  0.34077100935634924  0.35431017232010004  0.36655804132780062
  0.37786070053966775  0.38857281930016518  0.39911751570023640  0.40916895057510416
  0.41875031660810519  0.42797633473737456  0.43705248026755578  0.44578400659958517
  0.45429141476764229  0.46234241494318046  0.47000167484255806  0.47738087439207294
  0.48451890397177128  0.49141611334529089  0.49840581887427554  0.50495509718673215
  0.51152345379206721  0.51799002025993679  0.52426344133721781  0.53036675332760752
  0.53634216644167831  0.54218176169276633  0.54785136216772257  0.55339160613537097
  0.55888012409125010  0.56436506219857607  0.56986724885969542  0.57530029842120733
  0.58090338007599041  0.58628375348874573  0.59153270321592599  0.59670363440090202
  0.60182956604005444  0.60686282193880137  0.61182220425728673  0.61670181253040945
  0.62152746122600588  0.62634669024548906  0.63118368338444386  0.63614156884641371
  0.64119381930481978  0.64628151266885503  0.65113179515895647  0.65586528519985599
  0.66057038296228510  0.66531993529051481  0.67013902891005739  0.67507487218740525
  0.68002825803510336  0.68490022123687277  0.68970124086083529  0.69447064088651966
  0.69930541315821826  0.70423700159998748  0.70913707078930088  0.71408110718293460
  0.71891340768853784  0.72380703222240994  0.72883320516805994  0.73399483592837478
  0.73919360382863053  0.74430584980680226  0.74944675229597568  0.75492441157667034
  0.76059020649950404  0.76650822685882281  0.77269288719121476  0.77899212152455743
  0.78532268919152148  0.79159733738047200  0.79809513867370119  0.80483438473274893
  0.81183532793189939  0.81911578383152850  0.82667642632958582  0.83472679490817214
  0.84337607223699818  0.85269030646357669  0.86307785823919370  0.87496343197841997
  0.88877666429108637  0.90595239987758969  0.93287002066451141  1.00000000000000000
  1.38607151816492381E-005  -1.0000000000000000     
 T T T T F F F F F F F F T T T T T T T T F F F F F F F F T T T T
  <DiscreteSampler_grid>
  grouped_processes
  1 # 1 for a reference and 2 for a running grid.
  10 # Attribute 'min_bin_probing_points' of the grid.
  1 # Attribute 'grid_mode' of the grid. 1=='default',2=='initialization'
  0.0000000000000000 # Attribute 'small_contrib_threshold' of the grid.
  0.5000000000000000 # Attribute 'damping_power' of the grid.
 # binID   n_entries weight   weight_sqr   abs_weight
    16   10   2.669500496172280E+008   7.147855561275710E+016   2.669500496172280E+008
    17   10   2.669500496172280E+008   7.147855561275710E+016   2.669500496172280E+008
    22   10   2.784425935462836E+008   7.787530894239714E+016   2.784425935462836E+008
    23   10   2.784425935462836E+008   7.787530894239712E+016   2.784425935462836E+008
  </DiscreteSampler_grid>
