  0.00957017369200922  0.01575151374335511  0.02482479392238193  0.03555400740338738
  0.04585097512936320  0.05630139102475964  0.06683138509387210  0.07734229796758928
  0.08777597305458167  0.09814333866120159  0.10857734843390902  0.11904329978992506
  0.12948931786330120  0.13985223166550489  0.15019765941851915  0.16060077347811891
  0.17102536762716722  0.18143368222590761  0.19178073021003628  0.20213492671990466
  0.21247959667895300  0.22281361468085722  0.23316464699079101  0.24353206547174974
  0.25395305959299969  0.26439731248864895  0.27487323183300605  0.28536559697067232
  0.29580259136182152  0.30620677234421384  0.31656830440058176  0.32698782158051537
  0.33736860823739462  0.34776744379183022  0.35815391612238340  0.36857848078998023
  0.37902336188658775  0.38943218800467061  0.39980843323101767  0.41019053788573062
  0.42056310910271083  0.43089118800023612  0.44115255198336761  0.45144536681977904
  0.46178794125484501  0.47215788847678625  0.48251994018088107  0.49289615511427032
  0.50324008119381514  0.51355689804533688  0.52387591053154703  0.53426347458240608
  0.54466978422433965  0.55507973551824008  0.56549114428399860  0.57592832249729409
  0.58636249104619986  0.59680128744357275  0.60726973270064244  0.61772582671528165
  0.62813821746086163  0.63850027595867975  0.64886015887458848  0.65925514664785301
  0.66965919849043998  0.68004944360468567  0.69039723479220028  0.70070911299160688
  0.71100827722682269  0.72131822745257057  0.73169049394097740  0.74212038979272132
  0.75255110534969372  0.76297709885552722  0.77339637471839784  0.78377885546240744
  0.79413282052435563  0.80445910574316382  0.81478786750437926  0.82511698400490086
  0.83547491441841981  0.84583508718303113  0.85620276741879398  0.86650693880955099
  0.87692017411412171  0.88735144277388034  0.89782384366407353  0.90823625773378325
  0.91862059344337565  0.92897515905754768  0.93936707180117929  0.94976694322932520
  0.96016967375433460  0.97046268017213189  0.98070197781126156  1.00000000000000000
  0.00956080713043919  0.01561685874941766  0.02488330954007287  0.03560543060420455
  0.04587809991259420  0.05618560679769373  0.06647383030145482  0.07685262160807019
  0.08725746951295311  0.09768110320511192  0.10806840235856797  0.11841671816703114
  0.12875764398974082  0.13911899646370071  0.14952338565179646  0.15992101937532427
  0.17028898416209029  0.18069180668993018  0.19110561925685693  0.20154790228032854
  0.21199425668678165  0.22240353646350819  0.23279128557244272  0.24312936403844640
  0.25350981558084534  0.26389078420211881  0.27431548314090753  0.28473853611793926
  0.29518209382394961  0.30560677179906620  0.31598116398682219  0.32631027673598406
  0.33667473850055535  0.34709149033247166  0.35753053100835291  0.36791349423236797
  0.37826595685251707  0.38860937097383541  0.39896908364539879  0.40933025103640680
  0.41969528720750671  0.43006775326695285  0.44043675889881073  0.45082388690156966
  0.46121889464265198  0.47164405705902357  0.48208238761416206  0.49252153441612107
  0.50295196057358060  0.51337055468105530  0.52381701953250037  0.53427668258793792
  0.54474739690589591  0.55521305017618450  0.56563948121190166  0.57603485989162251
  0.58642435570504392  0.59682008276462750  0.60725597884300675  0.61769162444576398
  0.62812146213545472  0.63853878534524333  0.64888890229050100  0.65922148691198623
  0.66956832043048875  0.67994864094575902  0.69033555531081436  0.70065421460945498
  0.71091685133776972  0.72114218830657595  0.73138440228243418  0.74166357382883918
  0.75198695964028339  0.76235123876987076  0.77271342206580762  0.78305736993104735
  0.79338458057026096  0.80378356386359862  0.81423209331841251  0.82470134992765309
  0.83514284146690621  0.84560324366381023  0.85603644341715168  0.86641280138377896
  0.87680895500217060  0.88722124560988058  0.89768038813301021  0.90811045252168865
  0.91853937988955159  0.92893452739546067  0.93930283659087310  0.94967400119380596
  0.96001715973447510  0.97030806151392779  0.98060236625714259  1.00000000000000000
  0.00946516728258152  0.01604871202864428  0.02508649475162573  0.03594939657750545
  0.04634244108600279  0.05678036437907116  0.06719434712699954  0.07758063612507789
  0.08795540922811057  0.09833210950576793  0.10866153267823243  0.11900864952976720
  0.12937166878461787  0.13977042547991436  0.15012223915543371  0.16045303501502933
  0.17083140387755152  0.18128282269864193  0.19172168343108925  0.20207819665910129
  0.21244228936321696  0.22285350151547395  0.23328795477484546  0.24366352046690065
  0.25402019799008702  0.26443317651462134  0.27482027084892524  0.28518956155865643
  0.29552565150542387  0.30585429921774271  0.31620362920809397  0.32653877553064159
  0.33689324506331336  0.34725194546702876  0.35764262218039866  0.36803324840472101
  0.37841086757137060  0.38879245535838880  0.39918327304783435  0.40959668233919422
  0.42002795753984973  0.43047382780144122  0.44089871918591977  0.45127606877776072
  0.46164252716521037  0.47200090620040119  0.48238836582076788  0.49278588803218415
  0.50318949214659181  0.51357547389199476  0.52396278360516690  0.53435456032902962
  0.54473883175029147  0.55507980406892099  0.56540327734124329  0.57573396611627636
  0.58607586828912550  0.59640240621583773  0.60672652549232631  0.61706929292612711
  0.62742656667541519  0.63780569088991323  0.64816526640437178  0.65852456137309034
  0.66890129474370386  0.67930637106282277  0.68974899265612966  0.70014047234297694
  0.71050480279691441  0.72080826593036618  0.73113192536847937  0.74146583689888756
  0.75183252274790313  0.76221261799718498  0.77258925692791625  0.78295256923160883
  0.79332102452890285  0.80366960175399949  0.81402221388634755  0.82433052324883493
  0.83467701589810128  0.84500995265443957  0.85534048166326482  0.86565866378956469
  0.87605856415663796  0.88651169426780552  0.89695801665156849  0.90735868799941599
  0.91782087976449744  0.92827172707551198  0.93873519258078197  0.94912621880173120
  0.95953369279885992  0.96994791139108649  0.98035571125561838  1.00000000000000000
  0.00953569481279045  0.01555112708316678  0.02483650443450724  0.03558781553689705
  0.04593568420607386  0.05626794051022074  0.06662600630785760  0.07695211341159754
  0.08730168018948006  0.09765761314885466  0.10803416616837094  0.11835692440886512
  0.12868331415930340  0.13902002732221502  0.14934385636519626  0.15970215449640307
  0.17006168972164021  0.18047451408558532  0.19086391099857281  0.20124335890513279
  0.21165644456776711  0.22209725087471574  0.23254513285128778  0.24299844522581193
  0.25340775103035096  0.26381480874497065  0.27420914114658795  0.28460685207186504
  0.29501828855772561  0.30537113676554828  0.31572570258666777  0.32605976179821394
  0.33644679939215788  0.34684747040037583  0.35727155318010095  0.36763664663092999
  0.37799536200986528  0.38827961346385415  0.39858350821663169  0.40885115331699806
  0.41918063818022294  0.42951812653300647  0.43987826589804652  0.45021279178457957
  0.46056171481347347  0.47094238756189033  0.48136658709536606  0.49179543816637805
  0.50223911507267682  0.51265605789860724  0.52307590427264272  0.53345557894071582
  0.54383307002018699  0.55423902477544873  0.56465496172210450  0.57506956554442745
  0.58547888087495603  0.59589695419695887  0.60630999022744403  0.61671230889719875
  0.62712006786062535  0.63755603940035677  0.64796965225304826  0.65834777654578347
  0.66871173047464905  0.67905725429519737  0.68942251873592897  0.69980828762463176
  0.71022338792662143  0.72063702544855612  0.73101175606556845  0.74135392709394599
  0.75170864046188446  0.76212240427900513  0.77257499205016900  0.78300033373504296
  0.79341884014964004  0.80379847282140304  0.81413282112258301  0.82445483139351761
  0.83479027009337625  0.84520329319568677  0.85566616000744744  0.86616740790051450
  0.87663975063601529  0.88710443607940836  0.89755684811744429  0.90802471960046571
  0.91836531025867296  0.92870356750751015  0.93900453904411529  0.94941241642011687
  0.95984758387813018  0.97029306570567309  0.98064127315451621  1.00000000000000000
 -0.00244432397249502  0.00957176019842691  0.01975163929409306  0.03025087190875854
  0.04073904114767785  0.05121903117806701  0.06180515615870681  0.07243176574366436
  0.08306120915164633  0.09362060980734781  0.10419718857659585  0.11472795959732449
  0.12531191433696034  0.13588984133671358  0.14643892349133961  0.15687664789957484
  0.16729844625794535  0.17779058694159930  0.18830228747796299  0.19880324239858355
  0.20930381484908472  0.21980594927410901  0.23031819964899855  0.24085294436479254
  0.25142947943716354  0.26202583795633105  0.27263391859631192  0.28319205778305478
  0.29372906474823174  0.30425014690764934  0.31478581286253032  0.32533880950969035
  0.33585791784573954  0.34639828702955766  0.35698111903392266  0.36758902735467214
  0.37821092062091638  0.38879635647157029  0.39936538644806430  0.40991747912385318
  0.42042179509838706  0.43093286583886797  0.44143987387948586  0.45195709408237433
  0.46245907096609240  0.47299279459241078  0.48354843531772568  0.49405590101384145
  0.50451831867468599  0.51496341322262928  0.52553685483195678  0.53610866616774477
  0.54670039460530173  0.55724198330779096  0.56782987945797891  0.57842057198263475
  0.58896410160410451  0.59945791232345857  0.60998389190726554  0.62054830203023881
  0.63109974473864516  0.64158427720960320  0.65209761037467528  0.66265440196263081
  0.67324523801964620  0.68378014967981970  0.69429377789627078  0.70481139976871865
  0.71538224135015871  0.72599583489573782  0.73662849565025379  0.74721186535039208
  0.75776701179237360  0.76827881853044810  0.77880201252934811  0.78934104581855447
  0.79986054007903384  0.81042018540268157  0.82092353088263537  0.83143685193255146
  0.84190715162283025  0.85240170075016519  0.86289843106435415  0.87339378079630947
  0.88395106354920494  0.89455782658370409  0.90516199624123994  0.91578366674254996
  0.92632583089202669  0.93686826898979103  0.94733959955805247  0.95786563747769715
  0.96836365474554587  0.97889820440510666  0.98942735207106436  1.00000000000000000
 -0.00240648363132778  0.00952567470409276  0.01968028577510871  0.03022729945596256
  0.04073673176707356  0.05125918067092705  0.06178716781431930  0.07232366691632675
  0.08291070408828687  0.09347287001765835  0.10404335660667491  0.11456209755091795
  0.12509432412989507  0.13566602292781971  0.14625478965107525  0.15686998272516989
  0.16747637796684309  0.17801552117486641  0.18858244535728586  0.19906601420328821
  0.20954337947649346  0.21995695099918794  0.23043797826958146  0.24097372893279895
  0.25155254429708679  0.26214343865601669  0.27277686254850447  0.28342364541718629
  0.29398365516358343  0.30449363257360851  0.31504979542866657  0.32568253663199792
  0.33630829999660056  0.34684592761415878  0.35739364223394493  0.36797070538021215
  0.37852459165164465  0.38907988750709538  0.39959025058165354  0.41009425839543528
  0.42048696665886470  0.43092499453248362  0.44138149302103147  0.45188434956989604
  0.46238019962785337  0.47282987888639089  0.48328994712454026  0.49370417646920023
  0.50416684389883726  0.51468431752269428  0.52517813411449921  0.53574447039656492
  0.54627332684603436  0.55689815435018064  0.56746428397257653  0.57808232950427241
  0.58864743724410240  0.59922530433801313  0.60977173150143982  0.62031364603711170
  0.63087997687478625  0.64137302647409211  0.65188078710228226  0.66231608242848306
  0.67287872485563327  0.68348580604589959  0.69420160445400103  0.70481581686101047
  0.71539755141175998  0.72589539119239255  0.73647559170153298  0.74701264112169374
  0.75762915292420419  0.76819016274710328  0.77883794773024306  0.78939863162035329
  0.79992708990357597  0.81044796525297669  0.82097123435470443  0.83151072470172427
  0.84197076265075788  0.85247240100671728  0.86299087072223390  0.87356745491819254
  0.88415111257822943  0.89473517426946725  0.90523670296455117  0.91571535739105347
  0.92613585500751439  0.93656526915308602  0.94704852822240948  0.95758545531262718
  0.96816834991548095  0.97872260371937236  0.98935068077769484  1.00000000000000000
 -0.00249884709457741  0.00971909075462420  0.01996187746840896  0.03047881212724749
  0.04103082768983428  0.05160038545901668  0.06216821117515961  0.07269079755602009
  0.08317405889789271  0.09365005300208681  0.10415769824263418  0.11462762075236553
  0.12506101961591901  0.13552730147268355  0.14599250865876615  0.15651052261743054
  0.16708634207748579  0.17770506706535552  0.18828981296235880  0.19886644854157662
  0.20946611490038577  0.22004778210848935  0.23056505505757433  0.24114075348662992
  0.25172578955711816  0.26229345624783140  0.27281313284022551  0.28334859661722583
  0.29394173011739039  0.30443175477658541  0.31491272222280342  0.32533118500627267
  0.33581106827859009  0.34632299224481883  0.35687301731767351  0.36743602266252645
  0.37798120796373919  0.38844998490255583  0.39891957351027779  0.40938928526108598
  0.41994067642185418  0.43047926266173020  0.44099840637402560  0.45146464395589941
  0.46192307307670094  0.47238286261336609  0.48293169592061358  0.49353772318193123
  0.50413877088054948  0.51466233170299547  0.52519620561542879  0.53579979166394898
  0.54646827383572327  0.55706408067595681  0.56759950339170107  0.57815753894588739
  0.58874924101688941  0.59938406424779267  0.60997553572761787  0.62057952398743554
  0.63116577188682732  0.64168592612270858  0.65217757963858958  0.66269216024151711
  0.67327457345193609  0.68384496370900560  0.69440012631402059  0.70491841038819358
  0.71541817273408781  0.72596511245814699  0.73657632555303632  0.74720442514187757
  0.75776078811732417  0.76823175062407645  0.77872570946640640  0.78920355908310902
  0.79968375955977222  0.81010318899961931  0.82058556370369762  0.83107494044560559
  0.84161345856002678  0.85213674246596205  0.86272546581055831  0.87330952886614632
  0.88386100712940519  0.89439151991805088  0.90496399180561604  0.91556482891916524
  0.92610131910376359  0.93663975366144470  0.94712287374784510  0.95762057733638672
  0.96812833517598662  0.97874566230894888  0.98938335726406712  1.00000000000000000
 -0.00241883683293767  0.00959484247466259  0.01977998562929131  0.03040151223581987
  0.04098390224594319  0.05150851763099641  0.06201325932964413  0.07257101964769352
  0.08316036023478207  0.09372272512691447  0.10431040562277785  0.11492639849118498
  0.12557932426893478  0.13610473470274911  0.14661839552862505  0.15708878669382859
  0.16761400607344443  0.17809810979369484  0.18861644234037866  0.19914230874561914
  0.20972455553740207  0.22024462624718405  0.23073570152971190  0.24126183606268614
  0.25183921211829124  0.26248869393915930  0.27302451493330732  0.28348675455371991
  0.29394674215984973  0.30445221970765624  0.31503791569767770  0.32553802205783355
  0.33595423726785090  0.34629930746575183  0.35670403018362534  0.36716260641243897
  0.37763674263481484  0.38814184582741262  0.39864189002744260  0.40912096698763684
  0.41954132804055372  0.42998478842178262  0.44047609321685982  0.45095338139272456
  0.46145336728231612  0.47195746156596113  0.48246817733135750  0.49299170147132521
  0.50352873664274711  0.51407308842188926  0.52467059139872008  0.53525232161487213
  0.54582481207317735  0.55636887154221004  0.56691410999563518  0.57755765486121458
  0.58817145028733286  0.59879593659990260  0.60938975691038044  0.62005123023656428
  0.63073121191178538  0.64140397407910954  0.65206359887198595  0.66263345557674957
  0.67305715698005530  0.68341704142488768  0.69385150241955329  0.70436552559274623
  0.71489112050973547  0.72540710375347972  0.73594521521287648  0.74651101170747280
  0.75707902934277649  0.76765253310543358  0.77822620711681822  0.78882567494625278
  0.79940780471481621  0.80995914898015853  0.82052718627334564  0.83110326636539400
  0.84167002827898529  0.85215380477216640  0.86268137946519163  0.87319883248699104
  0.88376219496173258  0.89432746577014766  0.90496761243464263  0.91559014463375987
  0.92615741326023626  0.93674172900985520  0.94732704149583058  0.95789058553795658
  0.96838613351535496  0.97889719828005317  0.98944068347049086  1.00000000000000000
 -0.00241317389247133  0.00954939833952974  0.01966511318093786  0.03018590823719601
  0.04076735274861339  0.05140149467055991  0.06193864709422331  0.07248171255931873
  0.08296676978302574  0.09344688771928736  0.10392758031364939  0.11446918060737353
  0.12505424462771911  0.13563092441424163  0.14619463099056804  0.15679926704305955
  0.16749789360750150  0.17822779731109678  0.18894519307710383  0.19959116931672410
  0.21020631746667115  0.22084022873220874  0.23142669818552511  0.24196289185856773
  0.25245550155243712  0.26302735974587932  0.27358747179527504  0.28413255733347825
  0.29464129558325014  0.30520907186483048  0.31584988132578828  0.32649016329495112
  0.33713134820790064  0.34766238442926112  0.35813526428015863  0.36860897681347549
  0.37910551143313465  0.38965120228421496  0.40019180818652106  0.41075070668365149
  0.42122735077463724  0.43172744903412297  0.44220304385635451  0.45278757047082707
  0.46335309008908465  0.47396563604496195  0.48445771207605526  0.49497149368193710
  0.50550987423965521  0.51614346416998880  0.52672809109454788  0.53726987739782650
  0.54787331609867240  0.55844646479927207  0.56903791032140760  0.57956707232457372
  0.59011633046288181  0.60063023743640787  0.61112009501781317  0.62163935475429044
  0.63218527504822430  0.64275307679471916  0.65334602518992546  0.66396937867827732
  0.67454254402257441  0.68507965305236040  0.69555290103394229  0.70604757362814508
  0.71650713312061354  0.72696075888132028  0.73737811771638961  0.74776995031471138
  0.75822126017479419  0.76872865096971121  0.77927627893047458  0.78984418505902865
  0.80040695044379140  0.81100742368787360  0.82151620292877015  0.83203317938155796
  0.84255193213914692  0.85305401328612362  0.86357467864645343  0.87407355192404146
  0.88458545437253833  0.89506653431847394  0.90553431226503167  0.91609931522239518
  0.92667219016692959  0.93720834310881052  0.94767643424067449  0.95817947351345889
  0.96871770003558677  0.97924022828875246  0.98964014212690787  1.00000000000000000
 -0.00245898577042382  0.00937277889749684  0.01951985231921777  0.03008172715619290
  0.04070250503419343  0.05124208384333336  0.06182640452146448  0.07238690278499892
  0.08298250144640620  0.09350397481736944  0.10405326370516171  0.11456306157418647
  0.12500979112384505  0.13549471167471716  0.14599809649970152  0.15657929989399888
  0.16712067731073524  0.17766023512118645  0.18822190204085548  0.19879500953370455
  0.20934376404968716  0.21989189771064541  0.23040188073146803  0.24096028003071024
  0.25148912670320372  0.26203215481682618  0.27255671012447247  0.28307602919178487
  0.29361224600623048  0.30410030978512825  0.31457387828623135  0.32507194994077521
  0.33570491353889909  0.34639916111881652  0.35711072984879560  0.36770710803596496
  0.37823496114380750  0.38875420799923321  0.39925939431448348  0.40978268140498464
  0.42027495501543949  0.43078443692423346  0.44133459890829840  0.45190118539162616
  0.46247171397513115  0.47303537791543848  0.48353494728365870  0.49411063192590260
  0.50464142860068506  0.51519688841027356  0.52571641238899591  0.53622187556997070
  0.54667903721438604  0.55709259864244842  0.56751146614426140  0.57800335690874960
  0.58856813530684360  0.59920504594949675  0.60981045954075352  0.62034727189743666
  0.63088452464888600  0.64144963845089464  0.65204535549856879  0.66256751664128455
  0.67311850202636281  0.68361705347474377  0.69416185810527742  0.70463489244194077
  0.71509522239889367  0.72556495070236315  0.73610498780207967  0.74671318496695138
  0.75725982187098306  0.76772486648215355  0.77815658909332663  0.78861760313214768
  0.79918912569204625  0.80972927565630759  0.82032152902288769  0.83075170706357082
  0.84126556993905210  0.85169482993687895  0.86226447245961713  0.87282732223992754
  0.88348450027346304  0.89412093152254013  0.90471320884697015  0.91523804507410145
  0.92573416942691655  0.93629113744710812  0.94689778275858383  0.95753065487697675
  0.96816978649809449  0.97878725497210850  0.98940530132868620  1.00000000000000000
 -0.00251545878894148  0.00934117559851855  0.01942035246296629  0.02979617531442471
  0.04025389191559255  0.05073949235116795  0.06129910388915342  0.07183273226965123
  0.08240053947822999  0.09288452476038171  0.10344074249351740  0.11393452564671128
  0.12445943637244453  0.13498996182653647  0.14557035923960604  0.15620097223843774
  0.16681576892423777  0.17744748881589686  0.18804189951668859  0.19863900747481192
  0.20918871971339292  0.21975344853950585  0.23030576047291559  0.24089426274292178
  0.25145951173391051  0.26202388816566119  0.27251460462017951  0.28301442864536946
  0.29351736545006157  0.30404844567366424  0.31456580852827609  0.32508797684065299
  0.33558130995981783  0.34611310374106330  0.35657691349439063  0.36710268791121670
  0.37759018263753141  0.38813986575061521  0.39868653401874987  0.40922211229577182
  0.41973192194147507  0.43025287399116952  0.44081920374784883  0.45141368583492675
  0.46201793709187300  0.47260250293760053  0.48317900666839292  0.49373387157907189
  0.50426508380284607  0.51480324134083255  0.52538969375657474  0.53600328371715511
  0.54658274883592961  0.55711485088000934  0.56763624769501897  0.57816865697157316
  0.58871403205011053  0.59930384707901529  0.60992215140816586  0.62051178800874374
  0.63102500072903611  0.64153929838208146  0.65203422262680455  0.66256181804140180
  0.67315063238335660  0.68373214386877201  0.69434889198985916  0.70490402073419112
  0.71551313054881682  0.72607650218633302  0.73664627946775618  0.74716675866479743
  0.75770643599713794  0.76820453852556259  0.77867222457283591  0.78913245098155638
  0.79956971003257249  0.81008763395721783  0.82055903852440970  0.83113888324846852
  0.84167666820533360  0.85222013207513314  0.86268210099346188  0.87308506901393934
  0.88354106148217992  0.89406494057102770  0.90466963049584215  0.91530100758623967
  0.92586029864354424  0.93645284861329880  0.94699907305398012  0.95755916554408593
  0.96812731409209174  0.97871477098012838  0.98936963382897980  1.00000000000000000
 -0.00244198629743097  0.00977719873992094  0.02001172816975157  0.03056071594543511
  0.04106683509100817  0.05159851247733960  0.06213477822555590  0.07270474799996038
  0.08319733478036043  0.09367962648803056  0.10420765679910131  0.11475777300323126
  0.12528903640195729  0.13577798119040912  0.14620036220333324  0.15664520608022103
  0.16706347193980767  0.17761004730668600  0.18822392898936186  0.19884408762018671
  0.20944470793128128  0.21997401962213911  0.23044635684218390  0.24093632713315188
  0.25147288716180122  0.26205232761046160  0.27255287227637792  0.28300476871199925
  0.29354301817085782  0.30412431564802050  0.31473556949746961  0.32530623813698689
  0.33589425784619187  0.34651413461550784  0.35718189398811850  0.36781378260313652
  0.37846522461316501  0.38903330337546749  0.39961172368097964  0.41013887200874322
  0.42064148021717007  0.43115130383811129  0.44166672640972460  0.45220639305102184
  0.46274826338562131  0.47328122172166298  0.48384468139647119  0.49436201277706249
  0.50486125286453409  0.51534091846750141  0.52586657547694626  0.53637871115961955
  0.54691574131648846  0.55740386999871150  0.56791270056355381  0.57846740352987869
  0.58904536533489882  0.59969117113975168  0.61024328845690201  0.62082673041764169
  0.63139501958167099  0.64192289917703882  0.65247941137981191  0.66297626304108692
  0.67349740085902743  0.68404402315314183  0.69459790604114391  0.70519631664282056
  0.71570545668176344  0.72617271424729823  0.73664316665733132  0.74716785106302097
  0.75773069319081587  0.76831459180090678  0.77886381558772133  0.78947286044381026
  0.80000657653470675  0.81055067361818156  0.82106010279882413  0.83159338918043435
  0.84217814295512194  0.85272758776942859  0.86331516261279129  0.87380918792296047
  0.88433748396976131  0.89483955451039865  0.90535982994199549  0.91588350303419952
  0.92644685408621952  0.93706308941632399  0.94764526932407089  0.95818986300562281
  0.96870370413438756  0.97918130297229067  0.98961041190087906  1.00000000000000000
 -0.00253173893834823  0.00950837212119513  0.01967097014235169  0.03011361083710158
  0.04058452630387697  0.05105916803651573  0.06156000705490521  0.07208694139147524
  0.08262012018476261  0.09318617531561597  0.10370577127135891  0.11417111109357425
  0.12465096540371431  0.13515053255577136  0.14572914454007244  0.15627814570605461
  0.16680632960873557  0.17728901177967410  0.18778379743459384  0.19833716528304959
  0.20890875566977118  0.21949409905033770  0.23009639171302218  0.24068976177395981
  0.25126859984198574  0.26179579665384417  0.27233444654847022  0.28281986839323792
  0.29333558409181787  0.30381602364090898  0.31437737096291313  0.32495072758781074
  0.33555076785078264  0.34618757441416370  0.35682828232335650  0.36747696861811319
  0.37810886935218652  0.38872769148841568  0.39939108221404201  0.40998902045761842
  0.42056947793972849  0.43109709305071153  0.44166781283891743  0.45219381251874907
  0.46273731150687714  0.47323498481430409  0.48374566403387842  0.49428759356188440
  0.50486457237246718  0.51546475307207484  0.52603636733259895  0.53656461630807861
  0.54711593068680797  0.55766752491474503  0.56823578109505168  0.57881797585017714
  0.58931124693907366  0.59981359223380593  0.61029655605427735  0.62088762802618847
  0.63147583866312418  0.64200410373833283  0.65252359221302969  0.66299556577100038
  0.67349451440432928  0.68393573770544147  0.69442898646809803  0.70497074857194464
  0.71555341069748779  0.72614467001802319  0.73668600369366066  0.74726077266745139
  0.75782149969243062  0.76840970851677970  0.77897428070973129  0.78950367595351889
  0.79999145866137211  0.81040873406533576  0.82088475508362035  0.83137500433401823
  0.84189276439934901  0.85242510378953140  0.86302260023262345  0.87367938582844162
  0.88427896082273771  0.89478484920873946  0.90526041459274298  0.91576136467593716
  0.92630694028127469  0.93680037505758773  0.94736173379890076  0.95790692409354472
  0.96843813508533894  0.97896635625111839  0.98946246900512980  1.00000000000000000
 -0.00249482717674037  0.00943713228145224  0.01957789783468321  0.03016400716083339
  0.04079497199676532  0.05144155419726962  0.06205278942301653  0.07261511984806845
  0.08313362682329943  0.09366525748617591  0.10422040970046376  0.11472667698930568
  0.12525248420181193  0.13576857773805900  0.14634887964400636  0.15684917161720888
  0.16734741258203165  0.17786355629868880  0.18837667022932877  0.19891816730892453
  0.20942886388394535  0.21994505734236963  0.23043378366012179  0.24095264548969683
  0.25144750433863855  0.26195483064689207  0.27246190882749688  0.28299790837523425
  0.29354179247750600  0.30407289328864900  0.31460725086991198  0.32514955514529498
  0.33568857397597462  0.34620752065793592  0.35669064958774238  0.36716697148309385
  0.37767444611126838  0.38824637066757256  0.39880424149614041  0.40936431883877111
  0.41989170646543356  0.43047848511390624  0.44101971764686376  0.45157444050766993
  0.46204930557043800  0.47261742908314525  0.48316150573550898  0.49376218001440225
  0.50436516372280848  0.51503815292862731  0.52567605258035022  0.53627083833130373
  0.54684124578422733  0.55747908981059147  0.56807617600534899  0.57865810629551606
  0.58919952882887949  0.59982693660201214  0.61043909990411171  0.62105725305927106
  0.63157924142083566  0.64212206765505064  0.65266022778531430  0.66320487191409094
  0.67366680824249192  0.68413061784765761  0.69460263150955071  0.70513027383561189
  0.71561328881123532  0.72611819971128977  0.73663006653218766  0.74718514937516389
  0.75776063549551720  0.76833515158316434  0.77893063522887729  0.78947291734895508
  0.79996356479527209  0.81044208773678006  0.82090422895223525  0.83138665370712450
  0.84187070195786928  0.85241493890232090  0.86301493933030282  0.87363032735240165
  0.88423142380430686  0.89476775877911918  0.90530810158563990  0.91584302745913981
  0.92640588644019561  0.93694720533222231  0.94745511627096501  0.95796661515328063
  0.96848368106272098  0.97902074522455762  0.98953376195874809  1.00000000000000000
   2.0421109344679632E-012  -1.0000000000000000     
 T T T T T T T T T T T T T T T T T T T T T T T T T T T T T T T T T T T T T T T T T T T T T T T T T T T T T T T T T T T T T T T T F F F F F F F F F F F F F F F F F F F F F F F F F F F F F F F F F F F F F F F F F F F F F F F F F F F F F F F F F F F F F F F F
  <DiscreteSampler_grid>
  grouped_processes
  1 # 1 for a reference and 2 for a running grid.
  10 # Attribute 'min_bin_probing_points' of the grid.
  1 # Attribute 'grid_mode' of the grid. 1=='default',2=='initialization'
  0.0000000000000000 # Attribute 'small_contrib_threshold' of the grid.
  0.5000000000000000 # Attribute 'damping_power' of the grid.
 # binID   n_entries weight   weight_sqr   abs_weight
    10   10   3.584230696566724E+031   4.443658046883859E+063   3.584230696566724E+031
  </DiscreteSampler_grid>
