  0.00001735067639973  0.00004130600516048  0.00006663354471967  0.00009312635781997
  0.00012009896261964  0.00014707177370708  0.00017302445328624  0.00019781060500458
  0.00022169627556474  0.00024460101180826  0.00026690966029503  0.00028941400869324
  0.00031230441896133  0.00033562303795117  0.00035932682693213  0.00038333643394344
  0.00040774712241826  0.00043250753815707  0.00045794621652694  0.00048421594664821
  0.00051165992527187  0.00054003247035144  0.00056882879852675  0.00059808111542768
  0.00062790600802749  0.00065809296748912  0.00068943919622072  0.00072154089702552
  0.00075448642831803  0.00078799903730622  0.00082230869857910  0.00085734744151011
  0.00089328319246992  0.00093033812433900  0.00096872466930834  0.00100791081508288
  0.00104871647902441  0.00109096173498618  0.00113448247475080  0.00117984390683501
  0.00122613159390264  0.00127351082592154  0.00132253179405209  0.00137333650454787
  0.00142589814364372  0.00148076472071035  0.00153718402064896  0.00159698797412113
  0.00165989387740392  0.00172530233420494  0.00179416570484427  0.00186606236777333
  0.00194103412498723  0.00201918780041010  0.00209998998494161  0.00218292377580301
  0.00226844766078902  0.00235682134990296  0.00244979728008056  0.00254736962171541
  0.00265232975800897  0.00276406316690470  0.00288264858427800  0.00300971922632356
  0.00314452649673478  0.00328648497287808  0.00343719654251551  0.00359681956464423
  0.00376571010071537  0.00394419673517244  0.00413391846713454  0.00433911314031976
  0.00455956679788510  0.00480000413976565  0.00506993885335598  0.00536225502411621
  0.00567234198646160  0.00600764202076079  0.00636736375264707  0.00676208261590890
  0.00720378221776315  0.00770322914112238  0.00825952743597318  0.00889500040494949
  0.00961637440267314  0.01043327028534456  0.01138451354670630  0.01249561723863341
  0.01380438059176260  0.01537683706359332  0.01748234805960788  0.02019352608240662
  0.02385154423460223  0.03030604471492818  0.69211302617054826  1.00000000000000000
 -0.00235133859474064  0.00934357668149112  0.01918095555329108  0.02952915113781282
  0.03992658479650359  0.05050804234924003  0.06079068346937717  0.07124760212969151
  0.08175401403718244  0.09257940341962194  0.10329102172305826  0.11418736995096912
  0.12485935477409535  0.13584048294609069  0.14669231070762404  0.15745403582966677
  0.16832041396544184  0.17895949752696594  0.18975203618311484  0.20027020837826101
  0.21094711807279190  0.22156552341760599  0.23247491010040414  0.24358395223902904
  0.25466977270113805  0.26576037781871081  0.27638069588477665  0.28686013571017327
  0.29720647423787039  0.30776575596475658  0.31819530233801041  0.32848751615202326
  0.33884124863849413  0.34933460304116198  0.35971429926169635  0.36994538228325902
  0.37999305314479281  0.39016672958699372  0.40064200045051990  0.41156227164232745
  0.42215964872574224  0.43252420505012151  0.44294857441487262  0.45364687366523637
  0.46416948067361524  0.47475265395289978  0.48552158408514223  0.49614939929416829
  0.50651437533750454  0.51678129717882337  0.52724393273972681  0.53762011049669067
  0.54795357178775728  0.55831823922836199  0.56870950524247732  0.57902404055338885
  0.58916065711344723  0.59943721554916907  0.60988860936397193  0.62067632855021637
  0.63145194038004204  0.64225695524189375  0.65304331753466582  0.66378123590689520
  0.67441485867632378  0.68488371004583837  0.69540840930924108  0.70595788860923447
  0.71650517397197422  0.72703708831889235  0.73748416447764797  0.74786459175245557
  0.75810919573560664  0.76835867078759457  0.77872792072210273  0.78920835508020759
  0.79976469104588843  0.81036063382378742  0.82069758979705665  0.83096107319260026
  0.84132964338823146  0.85171324071620713  0.86209608605359023  0.87247238818795825
  0.88316917074480816  0.89378678935422406  0.90415004686660183  0.91432714387631808
  0.92474347276773339  0.93528574620163341  0.94601996872375615  0.95687439670554741
  0.96768364389436101  0.97864957697494992  0.98924153029059492  1.00000000000000000
  0.00020357882457394  0.02295347300548598  0.04157917190888792  0.05692377939903149
  0.07073226599739207  0.08360063547882815  0.09570887586735484  0.10712640757826931
  0.11802404204095916  0.12858808142140110  0.13893649893993570  0.14898418098503408
  0.15867070834377744  0.16813921129926410  0.17738766822370727  0.18642175717836618
  0.19528183106616098  0.20413645699205762  0.21291050058597155  0.22161199953435434
  0.23013912001217862  0.23849851399560348  0.24680155020212657  0.25501623774163162
  0.26310281321098478  0.27105128611559876  0.27885217413154734  0.28657000918062692
  0.29426663462667940  0.30190956319134898  0.30953991554171972  0.31718017521770525
  0.32487531114522294  0.33240129977344607  0.33993076494826724  0.34740047612364783
  0.35495137026260776  0.36260013624887827  0.37021715266134697  0.37774885705435585
  0.38524542946212786  0.39268262547696497  0.40018865079313148  0.40768361268955278
  0.41512791890035589  0.42256676276090827  0.42999727921268344  0.43747917528161717
  0.44497704346367989  0.45244106679803364  0.45991887940547349  0.46727090122004283
  0.47453510647701563  0.48181157384623019  0.48901793635711621  0.49630485451677037
  0.50366121980924927  0.51115974249551199  0.51872987022232753  0.52635871916860855
  0.53406250322483251  0.54178013171305073  0.54948393872448043  0.55715541540120916
  0.56481319799468699  0.57252655101363081  0.58031066389243524  0.58822421906485001
  0.59626981645967192  0.60437593947208434  0.61271605123286477  0.62112726861817225
  0.62987624648077456  0.63884744395271775  0.64795288327866829  0.65707395914819644
  0.66630997615305942  0.67591280578385293  0.68568517047422795  0.69547041935356924
  0.70522796145824507  0.71523204766460102  0.72566661965626733  0.73644080923925359
  0.74749582618495458  0.75874971934968194  0.77050991890847409  0.78319139680379857
  0.79661263295017015  0.81119379411870529  0.82743018421466974  0.84499978843170220
  0.86449065424807603  0.88860942698305212  0.92407442749143121  1.00000000000000000
 -0.02095371789391586  0.12221769182575541  0.16032751319590058  0.18290794035957422
  0.20038619173838523  0.21503762395816875  0.22816501608563186  0.23992028047120720
  0.25086745559570689  0.26083629763755467  0.27035432381518437  0.27937626310709696
  0.28804586602606380  0.29630260619889376  0.30416548487636685  0.31183190490348395
  0.31909453892896428  0.32620242549289791  0.33316512954189009  0.33990902832633491
  0.34656874303944629  0.35310292169844831  0.35939540977222900  0.36557448752284116
  0.37171314320704762  0.37773196784377294  0.38363198458250780  0.38947033040593770
  0.39525763440569001  0.40098509832680357  0.40666224876116247  0.41229424430474632
  0.41787702549335121  0.42342469653685239  0.42898731153704911  0.43457722113095981
  0.44004501350461389  0.44544968305508187  0.45080336939386284  0.45615169454876786
  0.46150249300717788  0.46681867724573001  0.47208092731592266  0.47732098544864854
  0.48257759148051443  0.48784422157784313  0.49308908343138963  0.49834470512189682
  0.50355862722998612  0.50884343583836356  0.51411141769403057  0.51935154902709346
  0.52452655236823897  0.52967159201596870  0.53483768183141689  0.54003643447478944
  0.54524839124254720  0.55045480138923408  0.55566158246689012  0.56089230286559233
  0.56616443193829136  0.57149423400937127  0.57694793921514542  0.58239879468283107
  0.58797192299651579  0.59354562190184212  0.59910753897134783  0.60473913218083231
  0.61048590798520930  0.61633107196908887  0.62219884183530538  0.62810460159993176
  0.63410070066409652  0.64013932855571376  0.64631991700364799  0.65266256431415948
  0.65909573530349375  0.66563014532381226  0.67238937257187636  0.67940488811604138
  0.68662277394221671  0.69427799631573472  0.70216733960941369  0.71026286304027841
  0.71891546681297724  0.72770762734718120  0.73740681004821962  0.74763456389608562
  0.75876071793250521  0.77064191777177538  0.78371565273309596  0.79850532121394269
  0.81646267123853089  0.84011456047306321  0.87882152509391220  1.00000000000000000
  2.69106365417038664E-005  -1.0000000000000000     
 T T T T T T T T T T T T T T T T F F F F F F F F F F F F F F F F
  <DiscreteSampler_grid>
  grouped_processes
  1 # 1 for a reference and 2 for a running grid.
  10 # Attribute 'min_bin_probing_points' of the grid.
  1 # Attribute 'grid_mode' of the grid. 1=='default',2=='initialization'
  0.0000000000000000 # Attribute 'small_contrib_threshold' of the grid.
  0.5000000000000000 # Attribute 'damping_power' of the grid.
 # binID   n_entries weight   weight_sqr   abs_weight
    10   10   3.673999636880035E+008   3.619908113004906E+017   3.673999636880035E+008
    16   10   3.673999636880034E+008   3.619908113004906E+017   3.673999636880034E+008
  </DiscreteSampler_grid>
