  0.00004003058934193  0.00006218726989176  0.00008132524893128  0.00011004982050813
  0.00013906858085146  0.00016755938693028  0.00019547784983030  0.00022219318926114
  0.00024594607453807  0.00026924719966833  0.00029304671793202  0.00031720547354383
  0.00034160565167766  0.00036622784197247  0.00039111288701977  0.00041690127410314
  0.00044327073188571  0.00047009482593684  0.00049719499871701  0.00052463678845655
  0.00055263835091885  0.00058130245335252  0.00061059115756775  0.00064118632147535
  0.00067185993083952  0.00070321532685709  0.00073516056223719  0.00076794850016976
  0.00080204078708379  0.00083733590672040  0.00087384390382316  0.00091167082959362
  0.00095019806474701  0.00098908362489688  0.00102851380443066  0.00106907707893603
  0.00111096464290363  0.00115404898474220  0.00119888987953155  0.00124556864143090
  0.00129377923744014  0.00134391077094097  0.00139543639244682  0.00144923534379642
  0.00150519705650886  0.00156362408849209  0.00162553001695842  0.00168831350254686
  0.00175400097167606  0.00182112317700798  0.00189162399826529  0.00196485888576934
  0.00204072539401717  0.00212053178602350  0.00220431951960761  0.00229169426793258
  0.00238356904713195  0.00247798364153459  0.00257977631645342  0.00268523482161553
  0.00279875569396717  0.00291759172241237  0.00304260254821696  0.00317593617442814
  0.00331826771901292  0.00347187093482151  0.00363565656103843  0.00380825399640420
  0.00399406381070916  0.00418446693842169  0.00438846488478085  0.00461094813332957
  0.00485400682932460  0.00512864595143195  0.00542638935669738  0.00574410052029661
  0.00608895234502501  0.00647373809098049  0.00689722330477287  0.00737114515712993
  0.00790295760304924  0.00849903350779681  0.00914143847194461  0.00984239251870396
  0.01064953092654157  0.01166156123413643  0.01295459150344795  0.01454876654205794
  0.01641376337634829  0.01881085133822007  0.02179317227944768  0.02634557532279231
  0.03319367790223040  0.04347488534517154  0.51924253083073046  1.00000000000000000
 -0.00246376872989893  0.00961942224006056  0.01991739090770712  0.03042366832158710
  0.04113412127096333  0.05142277946510727  0.06187899019084474  0.07220849123232369
  0.08273473451829542  0.09316279345630310  0.10363862650343675  0.11414705853394919
  0.12457151589124456  0.13491839422588919  0.14542728315522491  0.15586076753116326
  0.16640551261974237  0.17723847030879086  0.18817465905214698  0.19892531583581416
  0.20965839917927181  0.22047918497858185  0.23121144143987871  0.24185935823577306
  0.25263221702576122  0.26329770953523229  0.27390645663947077  0.28428078066466572
  0.29480920479288897  0.30547281027361095  0.31625292862154875  0.32685852881421590
  0.33732765232652095  0.34781897763975678  0.35801700637205708  0.36817765763497434
  0.37833715452526223  0.38907672164111523  0.39959233841285008  0.41004669598537202
  0.42041661743678416  0.43099582081076082  0.44132339732747078  0.45142627278712016
  0.46161585607137273  0.47215631261216767  0.48262451090696534  0.49284381227141472
  0.50299647398030278  0.51330462358195972  0.52368659329852252  0.53413103785270399
  0.54454483074529991  0.55487950766849192  0.56520345303903996  0.57562086120127443
  0.58600623995856338  0.59652850130689705  0.60721394879141199  0.61803032410806180
  0.62873972484677021  0.63918356154410172  0.64950138881628849  0.65963526175793774
  0.66988807290718255  0.68021479103197380  0.69039422684321938  0.70053261797533062
  0.71078187723201824  0.72126946479033505  0.73177460783726045  0.74246625294904578
  0.75318612695239728  0.76397561111910661  0.77473773113566524  0.78555511659717625
  0.79638294405278509  0.80712231197518414  0.81780489570774662  0.82836063387252046
  0.83890692018511670  0.84971410872535780  0.86072113952433826  0.87190735584962376
  0.88285008585260094  0.89390033599585739  0.90482033040641607  0.91603369560130432
  0.92681479042455273  0.93732370248939800  0.94760065100292379  0.95771028022227789
  0.96826251740762370  0.97881016834374945  0.98955559628237288  1.00000000000000000
  0.00008718782466477  0.02305394163311673  0.04162093608975007  0.05680660879443319
  0.07052097216271422  0.08339832258076305  0.09564457340796327  0.10721866317179329
  0.11825680418299671  0.12879659144334860  0.13909236563531355  0.14913580115657693
  0.15895575513160989  0.16847005274303836  0.17768715547381869  0.18669290448902801
  0.19551879301137393  0.20426159816015266  0.21293964374568874  0.22157463637492958
  0.23006292012724353  0.23838692028663550  0.24662971609346995  0.25479435631215336
  0.26289120657469284  0.27095410391890629  0.27892982680237466  0.28680716724856470
  0.29458877020764140  0.30217523164346333  0.30975619493124978  0.31736331971323428
  0.32496588855568559  0.33257621828195716  0.34029339378126156  0.34799615696809999
  0.35565568184832724  0.36330673553617737  0.37093332289127590  0.37850868044727726
  0.38603047736006285  0.39357374555078711  0.40099375871484888  0.40827998005983612
  0.41554570693848902  0.42279137666992245  0.43002039544552612  0.43722075221851031
  0.44433573615142236  0.45142953653066065  0.45857621747104854  0.46585884521120713
  0.47324990575731402  0.48069919095809066  0.48811401540616073  0.49567232703353198
  0.50327132426087962  0.51091307397698948  0.51856964759143231  0.52622309121500310
  0.53384236806688834  0.54136132953824945  0.54890298929298997  0.55656721456916280
  0.56439394421081246  0.57236882409858381  0.58039596673299854  0.58850884832928563
  0.59676993095756858  0.60509687927761613  0.61374900176431424  0.62242493529802290
  0.63116918444839620  0.64002908539579129  0.64918785048021543  0.65824333418642300
  0.66723345278994606  0.67622540063506331  0.68536955168542457  0.69495943623746714
  0.70476718434318464  0.71491689642309519  0.72547781739488748  0.73670993981164845
  0.74845858136167476  0.76039051376724376  0.77260104815857644  0.78538833092838245
  0.79892596587067788  0.81347170876835173  0.82921600416526597  0.84627529502551935
  0.86579817646791590  0.89021040825772402  0.92500435885033883  1.00000000000000000
 -0.02042088902681113  0.12165226084448191  0.15961490965074412  0.18264297210621500
  0.20059124919066051  0.21576131455584663  0.22904782382475170  0.24080926658337579
  0.25159938925133457  0.26145165291629091  0.27092264506974978  0.27968603943453801
  0.28816612092027405  0.29625674362810012  0.30399559303915813  0.31152222914728533
  0.31879913268945309  0.32590714873195287  0.33286737691102519  0.33958259490615222
  0.34614101078792653  0.35260272460296077  0.35894796883956903  0.36527825887515070
  0.37153775207052009  0.37769839380992626  0.38377825753660566  0.38981154439201410
  0.39580895491488460  0.40173312415699691  0.40755214909469928  0.41326913584766722
  0.41886056574998942  0.42430791699699688  0.42975780346835801  0.43515797531056344
  0.44048258660163853  0.44569873366137330  0.45092701563233556  0.45615141886767185
  0.46135401037278401  0.46651782448947743  0.47164961822523493  0.47678331306966737
  0.48191579749667002  0.48706837621552546  0.49221866678766052  0.49735449459680175
  0.50250328731668292  0.50763407998917920  0.51276170840259505  0.51791403571359007
  0.52312815387513001  0.52841832039392167  0.53374241540054868  0.53907990680001960
  0.54445835269949561  0.54987551511624011  0.55527823333392312  0.56067362202350446
  0.56615990239175218  0.57174116339785197  0.57732239065087387  0.58283958431206317
  0.58844627211319156  0.59407343612643737  0.59974657226826855  0.60554105585258122
  0.61146034591953891  0.61744704924589111  0.62346675374646232  0.62952705998005287
  0.63566569929910055  0.64188480625685740  0.64823571250165257  0.65468891974211774
  0.66124613134482391  0.66795937117405690  0.67481258509373876  0.68186708170550347
  0.68913434701578968  0.69687578331256927  0.70468076437182192  0.71277227360387829
  0.72129358750165928  0.73022848345935976  0.74001156208953356  0.74998593399113800
  0.76087711705097028  0.77244833266906210  0.78548743480265293  0.80011062737436200
  0.81768098518797994  0.84065318042895265  0.87875897670789604  1.00000000000000000
  2.68367861814467650E-005  -1.0000000000000000     
 T T T T T T T T T T T T T T T T F F F F F F F F F F F F F F F F
  <DiscreteSampler_grid>
  grouped_processes
  1 # 1 for a reference and 2 for a running grid.
  10 # Attribute 'min_bin_probing_points' of the grid.
  1 # Attribute 'grid_mode' of the grid. 1=='default',2=='initialization'
  0.0000000000000000 # Attribute 'small_contrib_threshold' of the grid.
  0.5000000000000000 # Attribute 'damping_power' of the grid.
 # binID   n_entries weight   weight_sqr   abs_weight
    10   10   1.660264187100677E+008   6.162273544081828E+016   1.660264187100677E+008
    16   10   1.660264187100677E+008   6.162273544081829E+016   1.660264187100677E+008
  </DiscreteSampler_grid>
