  0.00945896414145875  0.01606800603913291  0.02515225998534057  0.03601098550602467
  0.04632543362757946  0.05664739165654585  0.06699596348848949  0.07742253895273286
  0.08783981632575713  0.09826400480061245  0.10863770281892801  0.11901908485964346
  0.12940717186214507  0.13978685475776367  0.15010161026062285  0.16041380575095124
  0.17075477292313979  0.18112504145981570  0.19148279465491405  0.20188898093111429
  0.21232342773702698  0.22270977979510637  0.23304311124691485  0.24337090155848973
  0.25372671221722159  0.26412024680754154  0.27455860115781916  0.28501616410995323
  0.29547436406638383  0.30592601612443387  0.31637858115963025  0.32677143860475827
  0.33713644626751532  0.34749566842379725  0.35789201271239701  0.36830822279306696
  0.37870789820432699  0.38911393066179234  0.39951384668722723  0.40993319789535604
  0.42030663149833225  0.43065237853109234  0.44098897498404649  0.45134333677986160
  0.46173181332310886  0.47212383525357315  0.48251016154799009  0.49287623224051708
  0.50319789137041460  0.51349406626726168  0.52374305012582889  0.53398133779199308
  0.54424204833269463  0.55451252181280497  0.56482801106739655  0.57518553804456773
  0.58557794293000198  0.59599387415688421  0.60642654996321121  0.61689191519350073
  0.62738408438549331  0.63791666964597848  0.64845280764161528  0.65894390494813060
  0.66938305771945106  0.67982186846692183  0.69026003602448838  0.70068507515139966
  0.71107210860162917  0.72147387102493377  0.73189574113972611  0.74234457868943948
  0.75277108871397214  0.76318357645372359  0.77355150365512737  0.78389819044167297
  0.79426726971695660  0.80461923600355778  0.81503771635812527  0.82539686082093433
  0.83579629573313963  0.84618486164453488  0.85655973370028449  0.86690488197172832
  0.87722109590618658  0.88749903135151809  0.89781689449523239  0.90817103307596359
  0.91857742396002984  0.92897288553516522  0.93932012048106561  0.94965562021405148
  0.96001325273689808  0.97036952654788688  0.98070274181689787  1.00000000000000000
  0.00957032573731116  0.01570675710186814  0.02488273227957622  0.03567859258272640
  0.04606515089751015  0.05658448083066163  0.06708694563970721  0.07757908196074607
  0.08800147946209719  0.09834800412161755  0.10868196937746394  0.11904295304059564
  0.12940600338798733  0.13977298553586037  0.15010801780127420  0.16049950020054829
  0.17087128883523942  0.18126398219601306  0.19168549643830760  0.20206641825430219
  0.21241351766889882  0.22271719879138829  0.23315571246782574  0.24359902210114903
  0.25400704089230081  0.26432619933090695  0.27467128853663930  0.28504521574086822
  0.29546335462154677  0.30583851102294990  0.31622699434060292  0.32658539898572103
  0.33692832171240011  0.34729094140585504  0.35765488807759899  0.36802453033258153
  0.37839346855696021  0.38877676122660587  0.39920432417755503  0.40960461297549389
  0.41998045815547763  0.43030987346853378  0.44067436961262946  0.45110258988023311
  0.46156716515298646  0.47202391120602594  0.48241881574759271  0.49282211726190606
  0.50322197997681728  0.51362932693074603  0.52405276623115005  0.53447959672873446
  0.54490665741102495  0.55530285273416713  0.56566879366902434  0.57601749222676124
  0.58636142120269241  0.59668054914396451  0.60698840300430945  0.61730854471316443
  0.62768494680309705  0.63809570301094798  0.64848122565719013  0.65884360498692607
  0.66921650962572210  0.67963687028061182  0.69009817517837491  0.70056055279064366
  0.71100583718112809  0.72141230739681472  0.73179783546333432  0.74221028282666823
  0.75261745260975577  0.76302121349894192  0.77336235239710516  0.78367359758308719
  0.79397107894643659  0.80428000111361553  0.81459983949518056  0.82490835057454281
  0.83524218164081965  0.84556974836116494  0.85591129769863639  0.86621059586045090
  0.87652439113227110  0.88686730438188233  0.89722556805715881  0.90760613268235424
  0.91796399532139916  0.92835998596709401  0.93875230525482978  0.94919938620486644
  0.95960162276539918  0.97001054407024867  0.98036847213929590  1.00000000000000000
  0.00951401345659615  0.01573641885790741  0.02490952161300083  0.03567180879650086
  0.04598990816636159  0.05631542751384728  0.06670731932031512  0.07712923124190969
  0.08754857217074712  0.09797109110459856  0.10838496544124479  0.11884746880869132
  0.12930304474476617  0.13977699352719922  0.15022512211122122  0.16064049065603764
  0.17101713630224813  0.18142237806106623  0.19184492091280925  0.20224219347096845
  0.21264077891244185  0.22306067751199143  0.23350796966557164  0.24387195090263458
  0.25421152840147876  0.26459520915171869  0.27500973941810264  0.28537974558465201
  0.29574530547765321  0.30615507128882269  0.31656030803496510  0.32698279049430734
  0.33738745344007859  0.34777098666750145  0.35812079759518956  0.36847707294733745
  0.37886110891435604  0.38925592073175330  0.39964603703381557  0.41006675050311669
  0.42045799225029162  0.43084313817364372  0.44120176760597796  0.45155009330909573
  0.46187904612064906  0.47224174566428623  0.48262588054089978  0.49301665845204701
  0.50338477126368997  0.51375826892868592  0.52415092860124224  0.53455355240595503
  0.54494638593329670  0.55532157942467009  0.56569399978814994  0.57603709022428851
  0.58635633965857337  0.59667446985135064  0.60698539888637715  0.61729343656760083
  0.62760436463298352  0.63793274737830263  0.64827213566244590  0.65859386232975115
  0.66890430059635331  0.67922761734575832  0.68957078302296693  0.69994711215396721
  0.71033787639647916  0.72070970360867992  0.73109005365403112  0.74143186396558192
  0.75178161949072064  0.76213599298810109  0.77250887464733498  0.78287768838978578
  0.79321965040837261  0.80358480814716537  0.81398114708461067  0.82437340681515270
  0.83476321300696665  0.84517526981224722  0.85563594228701467  0.86613055768790059
  0.87660864685834239  0.88703447963507831  0.89745651111784974  0.90784840165213443
  0.91822480011381946  0.92856620598332373  0.93889250035143579  0.94924632377608242
  0.95956729176844291  0.96996299707083000  0.98034451262150657  1.00000000000000000
  0.00951800386835693  0.01586861657982208  0.02502643098340842  0.03579634273468545
  0.04611419157306729  0.05650478382579031  0.06689337973024657  0.07729556991166353
  0.08763939989520082  0.09799961231142068  0.10831756508608356  0.11859985881366754
  0.12886377760037562  0.13917804111862769  0.14954483035980148  0.15991137649360435
  0.17025002825978539  0.18057844823588531  0.19094216628552468  0.20138550814885903
  0.21183802258526838  0.22224056168108836  0.23265328538465899  0.24303465856891632
  0.25341235149788388  0.26375862561047936  0.27410131193435827  0.28449067542838280
  0.29489272786982224  0.30527419788037025  0.31564431435914625  0.32597711228086634
  0.33635388738815436  0.34675177544798691  0.35717491745811264  0.36755044894425798
  0.37790766083793254  0.38825508419226878  0.39864241545434853  0.40902973213002847
  0.41942449621209160  0.42983404428502919  0.44022990420154801  0.45060544141790948
  0.46099438727539399  0.47140579246006364  0.48181752621356067  0.49220667118821376
  0.50259082349864737  0.51301890867472744  0.52345803078906872  0.53384761342108555
  0.54417327389586023  0.55448208513683794  0.56486565477304274  0.57532779883573837
  0.58581105302416092  0.59627015204779732  0.60669580548615554  0.61710744117226235
  0.62751065124165195  0.63789798406993226  0.64826807330492686  0.65864966110804324
  0.66904267750905067  0.67940596779593110  0.68973507425821412  0.70003361029159739
  0.71033350665520023  0.72066822288019694  0.73105604394251522  0.74152003746625805
  0.75198964976765048  0.76242248463068452  0.77280931490361815  0.78316204225314279
  0.79351680419276172  0.80388313358866126  0.81428719816411432  0.82468273626215938
  0.83506057363774167  0.84543693615348547  0.85584621403248695  0.86623462432983345
  0.87660057552724446  0.88695587294436240  0.89734514723914316  0.90767932967011511
  0.91802659802951936  0.92837333251535281  0.93875480620197937  0.94915714359742365
  0.95957333304460779  0.97004497999398565  0.98041686154791186  1.00000000000000000
 -0.00231716084261594  0.00987599106018759  0.02016727414571213  0.03075320018955516
  0.04133061703942872  0.05190582058133872  0.06250673641590866  0.07311377068821776
  0.08373874901344577  0.09429160951660492  0.10488142759000625  0.11538794578127758
  0.12588203807690515  0.13632589223521183  0.14684985535704501  0.15742061380825109
  0.16803767125591151  0.17866533045598021  0.18927746399184323  0.19985666996930881
  0.21036818031972862  0.22087253513072594  0.23140462310860660  0.24198038652427609
  0.25252270232728918  0.26309541601518593  0.27363686046546581  0.28423731808314306
  0.29478627235360066  0.30531207801347460  0.31584384165910645  0.32637871542283364
  0.33693671832826200  0.34753666431787328  0.35811967425599051  0.36871154112509269
  0.37925854411348942  0.38976969126161276  0.40026357211027258  0.41069871623954718
  0.42114675095974580  0.43162050748172476  0.44218887273107038  0.45273186372232616
  0.46326257652067310  0.47370029819223752  0.48424465980232823  0.49473009672659207
  0.50530238084910795  0.51583673301642763  0.52637812736183165  0.53688396206832301
  0.54742251507484474  0.55797305589967261  0.56855759555246355  0.57905350022712110
  0.58958658972990297  0.60009922265457527  0.61070994761238928  0.62126714158941865
  0.63178610779922961  0.64221410251234035  0.65268960026731071  0.66313060073501406
  0.67356176242562615  0.68401188846834682  0.69455627569413514  0.70516402285124935
  0.71573045061096119  0.72627663917223118  0.73677525347287343  0.74730724267626503
  0.75777617825488630  0.76825731837249911  0.77872261025042300  0.78920703025655203
  0.79969582632259184  0.81015652494042911  0.82064435988186535  0.83119251516461445
  0.84174613081133753  0.85225519458316412  0.86275256539995926  0.87328050618842568
  0.88384662999953245  0.89437364064007452  0.90489918445252593  0.91545329462238101
  0.92603842643585210  0.93666957521780048  0.94728310450234210  0.95784068920693166
  0.96839324319105025  0.97890281508011223  0.98947081725375940  1.00000000000000000
 -0.00241263271869656  0.00958056926915346  0.01975815635537505  0.03026029586494352
  0.04081418544715110  0.05140862950310556  0.06192515301589936  0.07249461115826550
  0.08296848573806516  0.09351983038858173  0.10401933942564191  0.11456860495052994
  0.12512575038052279  0.13567186177977789  0.14623111951755990  0.15673844831621450
  0.16730732794230593  0.17784409997599790  0.18848464329201670  0.19905420872384613
  0.20966279894638595  0.22016324478560945  0.23064225090668680  0.24111752825237942
  0.25163591057462187  0.26219009780762220  0.27264364258460072  0.28311124739092308
  0.29356594306441991  0.30413425706948022  0.31475951501886146  0.32544780300257925
  0.33611091960151612  0.34666534945695437  0.35722245377173623  0.36777026696032694
  0.37835662079271093  0.38891895143874544  0.39944523160710677  0.40996189501374675
  0.42043082400478726  0.43093914558752239  0.44143871646474592  0.45194439190611901
  0.46248195867378350  0.47304852956369253  0.48365455362707688  0.49418934344767196
  0.50472985328092079  0.51520275941480520  0.52565046898847889  0.53604529759313291
  0.54651265482429823  0.55702490764867996  0.56757954894515639  0.57811642638485816
  0.58870576431815980  0.59930752435873325  0.60987713699906243  0.62045615424787104
  0.63101550990314081  0.64159364050332301  0.65212956550842216  0.66264712773538337
  0.67325472599341174  0.68385593450881865  0.69451171062488992  0.70508509709406963
  0.71565973898245250  0.72615601443762556  0.73668698801215782  0.74724898670269690
  0.75786019365624102  0.76844700437445246  0.77901617649843347  0.78954165191511561
  0.80007677042747660  0.81060253412053229  0.82113665101105637  0.83168082887529937
  0.84214691018871324  0.85260550590861350  0.86309222018212628  0.87359039548790585
  0.88413304817441030  0.89462109385001309  0.90513747840742032  0.91564249213957760
  0.92614432409556680  0.93670484546653854  0.94730068438611992  0.95790924932824173
  0.96842989370959820  0.97894848317757721  0.98945713777489097  1.00000000000000000
 -0.00248885623326076  0.00960268764065999  0.01974922617161736  0.03031353667648151
  0.04090453494698124  0.05146244816447251  0.06194986136108165  0.07252581465468909
  0.08315708830293284  0.09381589911851022  0.10441201259436984  0.11503171834995188
  0.12560034764252423  0.13613819560545956  0.14665230324763814  0.15714886218070076
  0.16762599586460500  0.17813741609152900  0.18867841541054015  0.19921777848875041
  0.20965776572077197  0.22013273533585270  0.23065061542245646  0.24129072347160568
  0.25189237296399464  0.26246475724568608  0.27294139281584973  0.28341600969173192
  0.29386088598856913  0.30436536296900746  0.31485545694094652  0.32535854646773782
  0.33585199281314310  0.34640385347777197  0.35702148936932238  0.36767609151562297
  0.37828250196137830  0.38889434137403728  0.39945153909076203  0.41008173355850808
  0.42060791994814478  0.43107793128531846  0.44146322541415817  0.45186234757624122
  0.46224641225392954  0.47267716151462708  0.48313162392063380  0.49369079827040663
  0.50420563570784849  0.51476057972903844  0.52527005244048330  0.53580164476770120
  0.54636139140082884  0.55687120381522137  0.56738331851667667  0.57780968598392257
  0.58830510071219422  0.59876103965484406  0.60922359847073582  0.61967685593103028
  0.63016766416229242  0.64070064460684251  0.65129188791768167  0.66187272053361645
  0.67245098238709644  0.68294559758995277  0.69350195771261502  0.70406094830842070
  0.71468517761086225  0.72525222028249459  0.73584684595810290  0.74641011148791514
  0.75695249999618952  0.76746580189529567  0.77797107928318310  0.78854523300639046
  0.79911020313374059  0.80968931353267193  0.82027001975683000  0.83080664303203067
  0.84135761435804468  0.85186025150628009  0.86238300844880256  0.87290258942456656
  0.88347831226490137  0.89409353371925993  0.90471669561889434  0.91532837450534255
  0.92595987874467345  0.93663654351729642  0.94723711373434050  0.95780177481294548
  0.96830637326729341  0.97884009133359184  0.98940233204167538  1.00000000000000000
 -0.00240995218949018  0.00970418059688219  0.01997174692650116  0.03058143470782740
  0.04115061645579536  0.05165952885074372  0.06217520277418287  0.07271076450683449
  0.08323960470147936  0.09377488153313651  0.10431466644841740  0.11487598120703266
  0.12542224755649123  0.13597620194338325  0.14652484096450610  0.15713529904357168
  0.16771547372008055  0.17831899339139934  0.18880692757629033  0.19940695428620589
  0.21000192993757383  0.22062602131233128  0.23122318747441239  0.24175282968006861
  0.25233001905030022  0.26290354659204951  0.27353062306163223  0.28414111470063441
  0.29465666897020965  0.30518492255448670  0.31570721266486540  0.32626633470690686
  0.33687403380700354  0.34751091786723359  0.35819007587519169  0.36877227485136010
  0.37935008268331938  0.38988667044284675  0.40039684296684869  0.41085797860186468
  0.42135542994017716  0.43184629256943152  0.44232319189520841  0.45277081555160265
  0.46322907448257228  0.47376010302409816  0.48425173514122444  0.49476719397460922
  0.50519079713007586  0.51565962846205715  0.52609743350094518  0.53659231251046480
  0.54702579946509489  0.55752701673909466  0.56799596278009701  0.57854147426172653
  0.58909568418694602  0.59965303473895704  0.61017884020203506  0.62073428692024613
  0.63130245130111518  0.64191124885440987  0.65243699971322722  0.66300544139608408
  0.67357117202997396  0.68413657087641611  0.69465851565467363  0.70514202387256719
  0.71562786497614805  0.72613537774263104  0.73665051333438769  0.74719523947844613
  0.75769961053407842  0.76815813866429761  0.77856859843517634  0.78905452407832533
  0.79959247187027116  0.81020452429735856  0.82078320879604194  0.83139602178355754
  0.84194651975019841  0.85243604319184274  0.86293504575011126  0.87347924971620061
  0.88406177364830407  0.89465993624318230  0.90523023056553364  0.91577321196010508
  0.92630093408322722  0.93683030237105369  0.94736688599321117  0.95797014392326896
  0.96854058221879424  0.97908523304052031  0.98952947286105397  1.00000000000000000
 -0.00212482919412272  0.00965136109875320  0.01982690873560738  0.03040310127754657
  0.04097946366786113  0.05156959840506561  0.06215277589133930  0.07277053647023649
  0.08337351128970891  0.09400014336721557  0.10455947764640103  0.11514864056512754
  0.12575892163810851  0.13644155350603746  0.14707980019440833  0.15765223048240201
  0.16825202086374380  0.17880267105201098  0.18942968313586273  0.19997847430982410
  0.21059290047778431  0.22106085501065514  0.23151393434394099  0.24194271519559177
  0.25243910899722199  0.26294581979050680  0.27345373676097723  0.28398247552265765
  0.29454205298983349  0.30510188141527478  0.31565698693351329  0.32620682187100797
  0.33673692782169290  0.34725343421392557  0.35784268927008372  0.36842895351717397
  0.37896169434046928  0.38941224477915831  0.39986811119666504  0.41035535028295150
  0.42088837138940555  0.43139642939465234  0.44190548009866992  0.45242717589942116
  0.46300821265066017  0.47363961481477296  0.48427720099934435  0.49487063210071836
  0.50544378140299540  0.51601186385439946  0.52663027154400477  0.53720901486851957
  0.54768389846071430  0.55811776427065540  0.56854652708258024  0.57907831438533919
  0.58963261995227090  0.60015741453228388  0.61058015854251657  0.62098548748919047
  0.63146437437200842  0.64202597504847814  0.65261482263281867  0.66320539918832788
  0.67374281559773874  0.68426376348312279  0.69483445718933423  0.70533540343074164
  0.71592082441088822  0.72645961954666260  0.73700890300083655  0.74748040375533031
  0.75789419848694195  0.76838279443639446  0.77887982156617808  0.78931696740372270
  0.79974211577882948  0.81010954779904909  0.82063048243992232  0.83116840576910089
  0.84176582920963527  0.85239401189759856  0.86301344905369648  0.87360550634640199
  0.88408729299049038  0.89454291835717270  0.90503492304958344  0.91559304064941061
  0.92621981016720556  0.93683524878331692  0.94739816684538591  0.95791963330213725
  0.96845908558140137  0.97898625425067620  0.98951242992867450  1.00000000000000000
 -0.00245869750230965  0.00939690719317479  0.01945004329959951  0.02989232283497047
  0.04037294782739719  0.05092342360638275  0.06145582697047668  0.07205638223515966
  0.08268322867214158  0.09331121524516517  0.10396718287875284  0.11461635399949888
  0.12529112838633166  0.13595444220618497  0.14661087141623377  0.15724539911128824
  0.16779399303360096  0.17827680711904845  0.18880829749852351  0.19936021718792907
  0.20992916706245976  0.22039021700013048  0.23087624428825798  0.24139125197974087
  0.25188405293714544  0.26237085778535324  0.27289790055031743  0.28352487786273617
  0.29410597558117685  0.30464291715789105  0.31513164920288167  0.32567036579921033
  0.33617436774514475  0.34669445752187350  0.35717927822247708  0.36777281797856065
  0.37835319784488902  0.38893810468822249  0.39942299528064673  0.40994711461095279
  0.42047879090956980  0.43099109381159917  0.44143983840730039  0.45193792837521307
  0.46242364796913726  0.47300059543805395  0.48354750680639441  0.49413118267384121
  0.50468556979089585  0.51523895978059631  0.52577244435677917  0.53635517952959733
  0.54693126213318033  0.55756047750915672  0.56811309839639224  0.57867129617913549
  0.58919412464518950  0.59968083974071296  0.61016722480894503  0.62070485190377855
  0.63130261360863060  0.64189096163023551  0.65246649196301620  0.66305906663999503
  0.67361112746548890  0.68411681233800337  0.69460653621309765  0.70507435946559782
  0.71551410111096203  0.72597598527195961  0.73655807512488403  0.74713185829709661
  0.75760173486603455  0.76803868181753665  0.77850210058316038  0.78905456826746534
  0.79965571986019557  0.81026000913730123  0.82079072378430484  0.83129141911031645
  0.84182721294332630  0.85234565978468124  0.86281225769990100  0.87322573182200813
  0.88373757031502576  0.89427942691425588  0.90490061813472378  0.91549185368099206
  0.92608751168092895  0.93668444581468457  0.94735526729010566  0.95796096175947598
  0.96853033713514913  0.97900657283601256  0.98953597988321296  1.00000000000000000
 -0.00222102953284891  0.00972363851384123  0.01994355944671403  0.03044394224971236
  0.04101397947674221  0.05157057376022559  0.06211478965720125  0.07261177377163780
  0.08316988957442858  0.09369513867817604  0.10420253729023179  0.11468660117322574
  0.12523791018930572  0.13572910026990884  0.14618636493467946  0.15660443673596502
  0.16703231668529298  0.17752006650763980  0.18798147676634855  0.19851968413992385
  0.20907614128168223  0.21967619949078329  0.23026912977480640  0.24081689116696017
  0.25138676258435111  0.26200735618249998  0.27258124311158843  0.28312868963744486
  0.29360973706276455  0.30408997980989133  0.31456074753409341  0.32505217215321158
  0.33557039359117702  0.34602375224722193  0.35649427901531128  0.36698872100216579
  0.37763687431099474  0.38826280335278762  0.39882461573668981  0.40930018135846391
  0.41979590694599872  0.43035425466969329  0.44098268262440071  0.45165098040607998
  0.46228861640964541  0.47281293993176737  0.48325168639712307  0.49370843762067024
  0.50426198645964926  0.51485149866031321  0.52544111931991100  0.53601782722493829
  0.54659070172190705  0.55718645825738278  0.56776310971176080  0.57831672255761002
  0.58881742471693155  0.59929906135575495  0.60983191734559583  0.62037035207718028
  0.63095031561778847  0.64152077840563371  0.65210508844701975  0.66266972520329126
  0.67325157030549576  0.68387060417608558  0.69447943697172521  0.70506590003449932
  0.71561633248836565  0.72616648044977194  0.73671234067204028  0.74724723569717433
  0.75783735501610772  0.76843698681144845  0.77899561800652661  0.78948468096339042
  0.79999263181886815  0.81049430288051572  0.82098421664539334  0.83148119368319273
  0.84202283994402305  0.85261916921816128  0.86314501886042105  0.87364432715554463
  0.88414911853355849  0.89464501300096100  0.90522761767876903  0.91585456626551065
  0.92649610937668447  0.93717246846209301  0.94767793698054625  0.95825673554829582
  0.96865592029019054  0.97913248771648664  0.98951131495073907  1.00000000000000000
 -0.00251726888168938  0.00945499452597325  0.01958681219648931  0.03005375789268307
  0.04060025825323033  0.05120012169896667  0.06177176926251862  0.07234142386569499
  0.08284327030370311  0.09341677955046342  0.10394378564630809  0.11449047468866386
  0.12499891626721937  0.13552851983849254  0.14613131956496400  0.15672166446501945
  0.16736357225858278  0.17794908186093686  0.18853699511420161  0.19905714145882461
  0.20957231554402786  0.22002958054581959  0.23055857760847809  0.24109683054151523
  0.25164370333268998  0.26216395108478413  0.27267690743439543  0.28324472801378947
  0.29384521832976618  0.30439283011832036  0.31489265015294365  0.32531720283815097
  0.33575394869522790  0.34616670950722284  0.35654847113131127  0.36694999996043215
  0.37742576965284180  0.38802606170482956  0.39865359632449421  0.40923596557560893
  0.41972698311715589  0.43021928872279830  0.44071433415607730  0.45124029383940650
  0.46179096088553023  0.47235638953643883  0.48289155089688635  0.49341280063050008
  0.50395040008767755  0.51453407085982839  0.52510647376458475  0.53568586572019350
  0.54620468111747544  0.55674885602941260  0.56724315854709062  0.57782187606160007
  0.58838703708594497  0.59898013584306231  0.60956074200779720  0.62012792661277993
  0.63065602991960978  0.64116496503869858  0.65165840226990546  0.66212437860617102
  0.67258136397080626  0.68303688140280283  0.69363797215013312  0.70423369002540892
  0.71482759699249887  0.72539184762779496  0.73595856206134480  0.74654073136169896
  0.75704135030775987  0.76752159579180212  0.77806777687993400  0.78862426081420800
  0.79910548079818067  0.80959570960428151  0.82010265341040389  0.83068908428729182
  0.84120134355581333  0.85172875283166249  0.86225007260341036  0.87283758942005985
  0.88348565120334710  0.89415229022207943  0.90479732603857033  0.91543328031232496
  0.92608140814764817  0.93666613568975288  0.94716505858285860  0.95764747504826553
  0.96819425621685118  0.97881061869140251  0.98940496277698431  1.00000000000000000
 -0.00250708186065942  0.00945334068277958  0.01966092251213039  0.03015637265707143
  0.04071660273988823  0.05123607717937812  0.06178203649807058  0.07235751510589757
  0.08293033609280308  0.09359109744770171  0.10415847262371197  0.11478273901099631
  0.12533267563493977  0.13593493091411302  0.14649277292238794  0.15706095014545154
  0.16755444229711464  0.17803249526293868  0.18848664618277178  0.19896982852096629
  0.20944633953764849  0.21990932064219113  0.23044421368401230  0.24102559175712221
  0.25163819473533239  0.26217579704161742  0.27268574046561628  0.28323295854691372
  0.29378684015029066  0.30439568942594319  0.31492697277472026  0.32543304346886431
  0.33596889785461864  0.34655294771400091  0.35717085479994137  0.36765459006430085
  0.37807902521297831  0.38852100063271505  0.39902510592648199  0.40958687293205104
  0.42010645599499702  0.43060782620431803  0.44108872247914610  0.45164796730046680
  0.46219052852367681  0.47277763720432481  0.48326681148362111  0.49378533735898283
  0.50428931434288671  0.51486833023808354  0.52546670250291316  0.53606067640978872
  0.54665957912752783  0.55721265976580658  0.56780754409334722  0.57836182058785346
  0.58892865405977235  0.59945824676505566  0.61002348920503002  0.62064744214186329
  0.63129481706174995  0.64195241652534552  0.65251145057497328  0.66303750149274165
  0.67352670658340330  0.68409256475421665  0.69466997510723838  0.70522014114086384
  0.71569857935119985  0.72619584724449271  0.73667945990367445  0.74720999685187539
  0.75772221781030891  0.76823487167381754  0.77876774280808747  0.78922740354176135
  0.79967479703432631  0.81009805521381928  0.82057614730474349  0.83118514331122484
  0.84176492505963341  0.85229766715740618  0.86272475621202693  0.87318681270394027
  0.88370144805448059  0.89434381139353625  0.90491466529460252  0.91549717805659481
  0.92605350230832462  0.93661876365565799  0.94719803046047413  0.95773439864393961
  0.96836931167134022  0.97895483430169472  0.98949315096560242  1.00000000000000000
 -0.00248797337327788  0.00951742116711003  0.01970298087890054  0.03021483407727624
  0.04075474923644064  0.05133222779135466  0.06200239945261388  0.07264717965711293
  0.08328775112807583  0.09387754266273933  0.10447160347150732  0.11495808902656858
  0.12547384048965085  0.13599230187118211  0.14656912709747266  0.15711098894260914
  0.16770709498601516  0.17827883258459093  0.18888614613083382  0.19941969087864819
  0.21002071966520228  0.22056593890707188  0.23113346986156735  0.24170246215739916
  0.25231997008161000  0.26295308091794450  0.27351845903998323  0.28405470992067849
  0.29457723508578892  0.30508204025311114  0.31556251140195152  0.32601208398764320
  0.33650535953217597  0.34707775699896104  0.35764645834650793  0.36815152037238497
  0.37859775877173474  0.38905267764601981  0.39957199802008575  0.41012462158644841
  0.42068492855970574  0.43122785799818564  0.44176983595198455  0.45231132297297139
  0.46288404225791602  0.47345088102545402  0.48395923609501296  0.49447317861449452
  0.50494285816200701  0.51548657059718073  0.52599803536588274  0.53653107566889069
  0.54707137031322883  0.55761185031686344  0.56812941640846026  0.57867372732085753
  0.58924493195833494  0.59983364071228062  0.61040606906955130  0.62094312181738531
  0.63151812058800116  0.64210908013778911  0.65273683767689572  0.66328188072275518
  0.67385334457853108  0.68437544138698980  0.69491503443240166  0.70540082061372267
  0.71588891785014830  0.72649401463344510  0.73709785084834134  0.74772894761858455
  0.75828729715259890  0.76888583627954210  0.77952844068058114  0.79013077464442183
  0.80068366002546698  0.81115191964588151  0.82163143224042168  0.83207438492893671
  0.84255499804683498  0.85303104014113729  0.86353539026239534  0.87406496368498288
  0.88451996680137757  0.89500197056991471  0.90542237622747157  0.91589943333999668
  0.92633169081306410  0.93685454392051293  0.94735738842590089  0.95785032063696740
  0.96834434021407090  0.97886854368523712  0.98944110546310393  1.00000000000000000
   2.0525189520460430E-012  -1.0000000000000000     
 T T T T T T T T T T T T T T T T T T T T T T T T T T T T T T T T T T T T T T T T T T T T T T T T T T T T T T T T T T T T T T T T F F F F F F F F F F F F F F F F F F F F F F F F F F F F F F F F F F F F F F F F F F F F F F F F F F F F F F F F F F F F F F F F
  <DiscreteSampler_grid>
  grouped_processes
  1 # 1 for a reference and 2 for a running grid.
  10 # Attribute 'min_bin_probing_points' of the grid.
  1 # Attribute 'grid_mode' of the grid. 1=='default',2=='initialization'
  0.0000000000000000 # Attribute 'small_contrib_threshold' of the grid.
  0.5000000000000000 # Attribute 'damping_power' of the grid.
 # binID   n_entries weight   weight_sqr   abs_weight
    10   10   9.087597972127654E+030   2.450282919019279E+062   9.087597972127654E+030
  </DiscreteSampler_grid>
