  0.00000491112121029  0.00006649032391961  0.00009598551243367  0.00012379081537165
  0.00015056532081562  0.00017658295380164  0.00020189918150919  0.00022576313320834
  0.00024898866479380  0.00027208578776991  0.00029509790457106  0.00031849039240593
  0.00034217365709053  0.00036619572809820  0.00039058891087528  0.00041535898123225
  0.00044057416515014  0.00046618273932582  0.00049293795755013  0.00052044119832303
  0.00054844597379986  0.00057715316786101  0.00060659295815937  0.00063678593673297
  0.00066751135044252  0.00069887411760365  0.00073097746603157  0.00076383411973843
  0.00079719967234509  0.00083088136552781  0.00086552671294601  0.00090081102117294
  0.00093700779761354  0.00097396824993938  0.00101177673262353  0.00105051801509406
  0.00109052032325248  0.00113191378420950  0.00117456077178724  0.00121969651633382
  0.00126704557922937  0.00131630608850750  0.00136750556766683  0.00141994305732656
  0.00147410165581915  0.00152981220343606  0.00158738608721365  0.00164794117466198
  0.00171073052263837  0.00177673726424926  0.00184553568659566  0.00191688685228948
  0.00199273143177019  0.00207201594340536  0.00215388329453300  0.00223850278035419
  0.00232578164981825  0.00241687173255355  0.00251243022005426  0.00261178059254646
  0.00271567804576366  0.00282444694954894  0.00293789737530524  0.00305902744876401
  0.00318567257758567  0.00332173961687295  0.00346610844555403  0.00361953348282088
  0.00378316131562129  0.00395615468586740  0.00414046377647559  0.00434197192003072
  0.00455990540058940  0.00479888831562646  0.00505085948928524  0.00531951288349836
  0.00561941647970338  0.00594869437125460  0.00630931575986981  0.00670031228884376
  0.00713151183505485  0.00761337575988662  0.00815423412315257  0.00876397482004422
  0.00946308444059160  0.01028249312102297  0.01122515533633853  0.01231134651255018
  0.01356260800633952  0.01514002828863102  0.01704034970245917  0.01962099448889736
  0.02307982092054957  0.02815180082518709  0.03884544970794045  1.00000000000000000
 -0.00253723771484516  0.00981594707011672  0.02026974204243247  0.03066205613822174
  0.04126948776456248  0.05159090516805480  0.06204715505808301  0.07243524056506924
  0.08292612678909270  0.09334859558617162  0.10393932554213721  0.11450321756066319
  0.12520790494499207  0.13576060523670627  0.14646271906857314  0.15712592643439305
  0.16771793635566640  0.17839352320654689  0.18912955342614898  0.20001865986907938
  0.21063637497071833  0.22110370460612469  0.23146584509120746  0.24196828751860711
  0.25229945195681663  0.26270012433409423  0.27308259835863624  0.28363747495563502
  0.29425798315370671  0.30489602818000500  0.31583466761567408  0.32664340572195977
  0.33714820619555375  0.34750384165240017  0.35786063383310696  0.36856177013448088
  0.37920688989530682  0.38987796365276511  0.40038030091033328  0.41084817871060686
  0.42119609434796745  0.43146822884178848  0.44198329584652291  0.45261639395846465
  0.46350310901031910  0.47424099817406834  0.48504661630262963  0.49575417738385680
  0.50639035955441591  0.51685985337884255  0.52731378541366569  0.53744731444557003
  0.54769788528382890  0.55794930215062399  0.56863886407049513  0.57945732014331874
  0.59046724153474206  0.60125461295861804  0.61199058296604902  0.62282885801361321
  0.63352653611498422  0.64431025509434114  0.65494546141606025  0.66559724476349402
  0.67611731707436307  0.68656013965915830  0.69690069667165810  0.70726419576704136
  0.71771850038113938  0.72819487298461838  0.73852244884849039  0.74897210245906132
  0.75959767289758473  0.77042692217608932  0.78101692434738590  0.79153581525175509
  0.80188106971294859  0.81224547630215116  0.82244060955354248  0.83280152587302958
  0.84330483459354377  0.85392855615588148  0.86455862417872120  0.87529535064781705
  0.88612055183722804  0.89681230828942138  0.90723272058925364  0.91760043061053398
  0.92794960776068303  0.93827570122703086  0.94851557106092121  0.95886338816462291
  0.96928649504566688  0.97979578307200710  0.98996551585848214  1.00000000000000000
  0.00033327493792453  0.02250563684837847  0.04116793198132689  0.05651636628987290
  0.07032930296151675  0.08318076042998587  0.09514356386361776  0.10642328135926303
  0.11722376075995418  0.12767738362109204  0.13773591066961260  0.14756108438489593
  0.15716538594641158  0.16655541101620053  0.17573314566342285  0.18473809068658481
  0.19375726939589599  0.20284084508178726  0.21169794339563175  0.22030091915646358
  0.22865823737865398  0.23683306999210976  0.24495598939153115  0.25304315341251743
  0.26109315759296947  0.26913313151649193  0.27713480669163321  0.28508276245082093
  0.29293927968231942  0.30064539071272273  0.30825166107868934  0.31575760395643471
  0.32319988936063693  0.33060763787857805  0.33820925717130434  0.34600418577603748
  0.35376352566452557  0.36141989571527461  0.36894098556679500  0.37643478057723756
  0.38391223461708696  0.39134314102772594  0.39863771462766756  0.40585573317736057
  0.41315284438646188  0.42053977012974042  0.42790533704396860  0.43523732617012806
  0.44255610987421706  0.44981963497212485  0.45708905543772305  0.46438257426733376
  0.47168294299132901  0.47918145073273605  0.48669215625895573  0.49436933147515355
  0.50200940188363852  0.50985610709695950  0.51771067374856949  0.52546087421623600
  0.53318092677592477  0.54092593424006707  0.54874556379866102  0.55665398353803730
  0.56463578943469350  0.57267611311341315  0.58075826276005149  0.58892361062560017
  0.59718741722990232  0.60554403814164826  0.61408831046981405  0.62266172865256997
  0.63126742968213623  0.63976998152372389  0.64835862868926908  0.65713999086836961
  0.66621682627334977  0.67550729500576134  0.68489502871021246  0.69452167888262351
  0.70434900432767011  0.71468516348170907  0.72535096922933406  0.73624257464557585
  0.74740977801164299  0.75919387230105018  0.77129415155269687  0.78382802732452972
  0.79700549509804275  0.81136067204365381  0.82705976597351183  0.84446932448981982
  0.86466845339746656  0.88935406818034335  0.92442173319868592  1.00000000000000000
 -0.02090610901177323  0.12215317637274128  0.15975453501557665  0.18244786440270114
  0.20007790770912548  0.21476277630421756  0.22792214272321595  0.23938965647579444
  0.25019488391658062  0.25996227355323243  0.26932105333966011  0.27815121570792262
  0.28666741704315057  0.29493470090304924  0.30278180518000697  0.31049513154750868
  0.31781912698353559  0.32490746761478567  0.33192992242594965  0.33863933130683549
  0.34521288541223893  0.35160848014476198  0.35789104087560719  0.36409548251680363
  0.37022682657396305  0.37634280832759559  0.38240674879710917  0.38842617788543915
  0.39437857919041192  0.40018858151906839  0.40589775920817606  0.41159653470474439
  0.41726938951556519  0.42283532920687733  0.42836199160911526  0.43382640732773065
  0.43920890895752868  0.44455621280066054  0.44986537624244943  0.45518622666692504
  0.46050599559831856  0.46583226671963185  0.47117525323449622  0.47647895577494342
  0.48173281758866920  0.48693119898875398  0.49214016084653139  0.49736948960389432
  0.50252556491213096  0.50771090075927128  0.51291330436861426  0.51814496003476940
  0.52338479575129049  0.52857875013284072  0.53375712290398714  0.53894120446733040
  0.54418740178845260  0.54951514432574022  0.55483713493623954  0.56019944487973206
  0.56566794245682606  0.57127920773523366  0.57687461608294510  0.58242857706292150
  0.58798758740539037  0.59355671556441225  0.59917570608426607  0.60485294949166735
  0.61061686136204996  0.61643085957035559  0.62226506539863713  0.62815792257234837
  0.63413348487419186  0.64016222945389456  0.64630093138246358  0.65278107026051091
  0.65945687903050565  0.66629732623429105  0.67335889745689825  0.68067585264045249
  0.68814494193442788  0.69611818447437568  0.70419380456980074  0.71251103843508745
  0.72113535525586303  0.73007290283077408  0.73953748994104840  0.74934955025950301
  0.76027745696492388  0.77192954272026904  0.78506546313278547  0.80000913394444062
  0.81779890458770399  0.84047538852825276  0.87786926431949652  1.00000000000000000
  2.61437285793650387E-005  -1.0000000000000000     
 T T T T T T T T T T T T T T T T F F F F F F F F F F F F F F F F
  <DiscreteSampler_grid>
  grouped_processes
  1 # 1 for a reference and 2 for a running grid.
  10 # Attribute 'min_bin_probing_points' of the grid.
  1 # Attribute 'grid_mode' of the grid. 1=='default',2=='initialization'
  0.0000000000000000 # Attribute 'small_contrib_threshold' of the grid.
  0.5000000000000000 # Attribute 'damping_power' of the grid.
 # binID   n_entries weight   weight_sqr   abs_weight
    10   10   7.440083527993894E+008   3.255390031265389E+018   7.440083527993894E+008
    16   10   7.440083527993894E+008   3.255390031265389E+018   7.440083527993894E+008
  </DiscreteSampler_grid>
