 -0.00244363660283180  0.00978825319539864  0.01992814613563961  0.03005345431772700
  0.04020606078049704  0.05050331089888748  0.06088634024340182  0.07153938708724958
  0.08203220744745733  0.09257054829889602  0.10305729726499785  0.11346705348041912
  0.12388028634486731  0.13435170668848709  0.14486800567357441  0.15525920337261254
  0.16554928325086637  0.17585798119258647  0.18624972052730876  0.19695768431367361
  0.20772432391422421  0.21861073977013895  0.22940469018941706  0.23996386713675633
  0.25032121009463476  0.26050123561989408  0.27077975599815918  0.28110737725220181
  0.29147891748781651  0.30195745876401942  0.31251191971127240  0.32321100382425477
  0.33397332110042655  0.34455274153715809  0.35511665249049001  0.36580302299762313
  0.37642239518458392  0.38688343955786381  0.39710356345035475  0.40735432441969738
  0.41749370767722638  0.42771285775146112  0.43795817891192634  0.44837712449790806
  0.45876828734109304  0.46931778641399696  0.47980347175003835  0.49032634459178626
  0.50086619037631752  0.51154584897803601  0.52231462364352466  0.53307486507861590
  0.54366417206210804  0.55402761747872731  0.56436966872772998  0.57496420519499825
  0.58546487380753509  0.59600301109459741  0.60648506173367689  0.61719646681210971
  0.62776856888520682  0.63837732092361898  0.64883634437984661  0.65929129573534895
  0.66970123254697145  0.68029996031541951  0.69093415924385482  0.70153173328754104
  0.71222509439351500  0.72292979974254878  0.73350266256507812  0.74391761504687381
  0.75442555340700646  0.76514422211624111  0.77593318438643877  0.78675822078422919
  0.79749732419499486  0.80838448587798084  0.81936959261352149  0.83049541801910065
  0.84142846382568781  0.85219996055861957  0.86279039693175008  0.87335007072870185
  0.88397868648341760  0.89475849521881490  0.90523046336326929  0.91564312096761968
  0.92615103958358547  0.93673222972206627  0.94711072464635293  0.95738560766034364
  0.96804779691678289  0.97880678495782247  0.98944051682434742  1.00000000000000000
 -0.01661054618377451  0.09579819991098919  0.12986447454201541  0.15141998250259933
  0.16932158092313487  0.18473047710477628  0.19858469374847243  0.21123718151264123
  0.22298132861673278  0.23398891786668746  0.24437684542026444  0.25426180860461650
  0.26369629826036695  0.27278299979399273  0.28146730995822056  0.28991737198012479
  0.29807095850239235  0.30600877657750825  0.31377047840354583  0.32128823201731577
  0.32869020960502693  0.33590704035125613  0.34297074631511354  0.34994231807074400
  0.35678663392998633  0.36350939230217810  0.37015037410015694  0.37670504943749811
  0.38316472419408654  0.38955421626296638  0.39589081549762056  0.40213443048363784
  0.40832453458490908  0.41448998576700069  0.42057488944431448  0.42661592535546389
  0.43263168179979028  0.43861371928264825  0.44454801964746271  0.45045920122911126
  0.45635164204219797  0.46221633617988056  0.46805882562688256  0.47389024493976267
  0.47970993495644865  0.48551726349721613  0.49131529921526879  0.49711144115564310
  0.50290619227285360  0.50870244777512896  0.51450068826140372  0.52030803721850394
  0.52612743438068410  0.53195828786828558  0.53780048990606677  0.54366490969176440
  0.54955736486570472  0.55546843740606933  0.56140151112731085  0.56738261777030641
  0.57339694513889838  0.57943642899436609  0.58552288985893919  0.59168790499580337
  0.59787867487264268  0.60412266538750514  0.61045881452386763  0.61684883900253462
  0.62330967943364624  0.62986567049475461  0.63650641639930750  0.64322776331693177
  0.65006948368533668  0.65704131504393004  0.66410687432125515  0.67132413006180103
  0.67872846159326272  0.68624044644977256  0.69400167863885565  0.70193741840220969
  0.71009196984887202  0.71854893660496044  0.72723017578464599  0.73632258939590101
  0.74575599744932097  0.75565349324950504  0.76605182986031584  0.77707244141777487
  0.78882549676522240  0.80149946839394981  0.81537076577716616  0.83080494361543822
  0.84868115715325221  0.87019136847011247  0.90449864802756730  1.00000000000000000
   8.8364094897823442E-005  -1.0000000000000000     
 T F F T F F F F
  <DiscreteSampler_grid>
  grouped_processes
  1 # 1 for a reference and 2 for a running grid.
  10 # Attribute 'min_bin_probing_points' of the grid.
  1 # Attribute 'grid_mode' of the grid. 1=='default',2=='initialization'
  0.0000000000000000 # Attribute 'small_contrib_threshold' of the grid.
  0.5000000000000000 # Attribute 'damping_power' of the grid.
 # binID   n_entries weight   weight_sqr   abs_weight
    10   10   4.482794364313951E+006   2.009544531272491E+013   4.482794364313951E+006
  </DiscreteSampler_grid>
