  0.00854120644559924  0.01664945097071463  0.02813611002493240  0.04008376876433603
  0.05110638754037972  0.06148640384162174  0.07187314512492271  0.08219278079877126
  0.09246089824925352  0.10283143308322340  0.11338443744653157  0.12405036301580857
  0.13459144405982554  0.14517442306110515  0.15570785789112584  0.16603017690077068
  0.17607755664000282  0.18597756170935784  0.19597456017505338  0.20606810032079897
  0.21619124994109809  0.22630809839840282  0.23649484645079913  0.24682295376362795
  0.25722765417368676  0.26770711774123118  0.27821564795295367  0.28874874029852338
  0.29917142896045579  0.30953905200836090  0.31987058050059503  0.33028065608473833
  0.34074124608748907  0.35118510938557140  0.36154620677172522  0.37188040499142061
  0.38217835576059261  0.39240481349564427  0.40270348601731465  0.41301435312313728
  0.42324943552529837  0.43336451240674306  0.44353953782673061  0.45375553935805707
  0.46403931149348604  0.47448986700319501  0.48519694555087184  0.49624506984632488
  0.50696612383141682  0.51737575513553324  0.52771009234321609  0.53796640385355365
  0.54837260948545430  0.55876998997785632  0.56929615633834840  0.58001207859309567
  0.59079471274977713  0.60177321855830701  0.61273965158748578  0.62363270303407936
  0.63421041881361317  0.64473019642394258  0.65518118335044284  0.66558447700012180
  0.67578574240387224  0.68599928961032808  0.69622809476400305  0.70670692950069181
  0.71718419795011978  0.72778611146067462  0.73825681428236367  0.74848359581906654
  0.75864566547119328  0.76873079273144396  0.77898674074186969  0.78936961374198744
  0.79988175875958045  0.81047159270110092  0.82122504225575055  0.83196353531424816
  0.84266772913323074  0.85328133158542430  0.86386396773713270  0.87455085067658300
  0.88533456406205935  0.89625056013848892  0.90698618036336887  0.91768014868574510
  0.92808771887836472  0.93859900838008781  0.94911651285801479  0.95978839460195398
  0.97061697893956378  0.98112625491513106  0.99153417019101364  1.00000000000000000
  0.00001631323991957  0.00005230903819590  0.00008279340370068  0.00011364971867105
  0.00014191923582368  0.00016870855179370  0.00019429495002829  0.00021861786100092
  0.00024158371985486  0.00026487082303950  0.00028814945839683  0.00031137060492897
  0.00033469534109629  0.00035837928366915  0.00038256656339004  0.00040724876798164
  0.00043272300156166  0.00045868146725775  0.00048501308428551  0.00051163301539234
  0.00053856673213220  0.00056608849979885  0.00059414900373707  0.00062277238068395
  0.00065237131027832  0.00068234553067757  0.00071283779419840  0.00074403587340555
  0.00077604369077863  0.00080892492274458  0.00084282306252332  0.00087803750923960
  0.00091440695265706  0.00095214536173029  0.00099154836377431  0.00103230673468487
  0.00107460471298013  0.00111852350545383  0.00116343894426991  0.00120923005226551
  0.00125595637486047  0.00130400130248905  0.00135429790714104  0.00140661656696304
  0.00146064829566386  0.00151741803096889  0.00157576107884462  0.00163849793670190
  0.00170340371730860  0.00177020938423287  0.00183858471694703  0.00190895912517810
  0.00198141695850150  0.00205870243620104  0.00213787222257760  0.00222210133862176
  0.00230787696127070  0.00239924551185096  0.00249508151855344  0.00259725851621009
  0.00270695269791049  0.00281952188863995  0.00293982707104976  0.00306817425785469
  0.00320472995454143  0.00334972819274403  0.00350250435490101  0.00366937573355797
  0.00384593347098064  0.00402875470268753  0.00422371869820786  0.00444026356903028
  0.00467615096016180  0.00493686009079661  0.00521651533478616  0.00550718566821764
  0.00581071374500895  0.00613652493041608  0.00649893262410275  0.00692113957858132
  0.00740981055142836  0.00796656250947629  0.00861382752269051  0.00933570977721997
  0.01013925191158092  0.01103814597990480  0.01215478622343834  0.01354348156355733
  0.01521658563137284  0.01719756980847744  0.01959967785368041  0.02249329204547052
  0.02702762644632378  0.03614234261074892  0.48142511315995107  1.00000000000000000
 -0.00243712155476956  0.01001779231951986  0.02025084282843246  0.03093462425438641
  0.04136097903588536  0.05167521696263808  0.06201807169510099  0.07287171148228749
  0.08369837200965125  0.09438352210312972  0.10507169905551632  0.11575186891352218
  0.12657137379137343  0.13741580774427856  0.14822842376754169  0.15874201798497947
  0.16927827223561553  0.17997322600738613  0.19087923430650611  0.20183469187785766
  0.21266577897422814  0.22339240266527988  0.23412702496242668  0.24473367862000958
  0.25502607526142579  0.26512430068274401  0.27529165360644325  0.28555199720595964
  0.29588806267741519  0.30614647971442316  0.31654197393047728  0.32698009491670527
  0.33739173249243470  0.34801687650023061  0.35866152683885494  0.36919555295818174
  0.37957329427697478  0.38979463596076103  0.40026099517806207  0.41095836479353104
  0.42170294851299928  0.43244617478825725  0.44305591114678805  0.45385492664003579
  0.46446417373121202  0.47496326972872632  0.48551465334060839  0.49593868561321974
  0.50649104497831665  0.51696634858450408  0.52763916363942731  0.53825406512820373
  0.54892726216957966  0.55965895510662045  0.56995422744033097  0.58008597145610341
  0.59025504669680862  0.60037629935543835  0.61040530789985603  0.62054135959288881
  0.63078179593675132  0.64123868422604668  0.65174107346598054  0.66240274744889793
  0.67298937084837951  0.68335451457884111  0.69389208356636156  0.70440171315831690
  0.71494463056707547  0.72556798354919916  0.73605064479285920  0.74667359822906276
  0.75742229382395010  0.76835023511071410  0.77883831191282582  0.78912906391130611
  0.79943334119638454  0.80975200939490621  0.82007676797495854  0.83050148028862725
  0.84099466290241165  0.85159254855979938  0.86193219880451477  0.87226687189233654
  0.88263474646011186  0.89308423284270400  0.90362743025327585  0.91425777571819844
  0.92495975698577160  0.93544498637550177  0.94592579745937089  0.95641560936063463
  0.96737990224987402  0.97813896537502909  0.98916786958153691  1.00000000000000000
 -0.00240703289104465  0.00938883164003868  0.01931076294715867  0.02973272410847019
  0.04012546462337552  0.05092649637671150  0.06164023099539667  0.07224972741676482
  0.08277886206959467  0.09293597423493447  0.10366445078508060  0.11377494966101509
  0.12397797615389879  0.13357931976993070  0.14332100178533491  0.15363001509230598
  0.16432052982500475  0.17531516558716223  0.18605117402769641  0.19667508871608672
  0.20708683700351488  0.21761746327116446  0.22808067435961868  0.23831768038578865
  0.24855722852412879  0.25877643849643717  0.26931553988859841  0.27960985524490056
  0.28984834355928918  0.30013478243049246  0.31066689843276180  0.32127681112850776
  0.33203580615265244  0.34278716192930192  0.35366798151080114  0.36437449593008686
  0.37505202277930622  0.38576571792414632  0.39657217873014544  0.40746694712959014
  0.41839634180392710  0.42934119244026336  0.44020814469911668  0.45073930807019963
  0.46114117578533032  0.47138837984036069  0.48175709099508091  0.49203520539623885
  0.50240152527344273  0.51285824578116590  0.52337883045360056  0.53376212920893340
  0.54413567711940170  0.55451587687077475  0.56504090702413690  0.57581404376675194
  0.58658153866332730  0.59719896814463502  0.60760656965678173  0.61805594458575697
  0.62853826226959009  0.63905581433050240  0.64957660294654385  0.66055207835408081
  0.67141607644483581  0.68252095420450909  0.69345346498671023  0.70434219495826322
  0.71490180139609039  0.72549532841138187  0.73589704148907353  0.74641404194175021
  0.75688912605254544  0.76765711994827213  0.77836753630587130  0.78936088600751442
  0.80032802897115018  0.81125969739046178  0.82173120699830970  0.83202327791534114
  0.84214029204512397  0.85236642510120686  0.86271862136441779  0.87322367933381007
  0.88365113494159497  0.89416625349204282  0.90448467122704457  0.91479032873830368
  0.92533647922575257  0.93600297448463965  0.94668346296533723  0.95732373809647620
  0.96815221937601437  0.97886723228421768  0.98947626594640981  1.00000000000000000
 -0.00246815090751351  0.00951551094371392  0.01961274077052694  0.02997896320768429
  0.04033252234437873  0.05068876925015932  0.06108841711710951  0.07177445171074769
  0.08247617871244228  0.09327408942751568  0.10369658412335013  0.11415502198186711
  0.12461370448364793  0.13519099824078123  0.14573479720584620  0.15624962435889464
  0.16664744099412604  0.17656046076586010  0.18667076945265379  0.19690902635437926
  0.20731848826114851  0.21752750203550067  0.22759104785653744  0.23781845056182879
  0.24809444824073953  0.25817885673732938  0.26824815940010566  0.27850246154646152
  0.28902068531727332  0.29968389102935705  0.31022648474254494  0.32072722017810423
  0.33119440288416740  0.34188342882451511  0.35280648422277372  0.36397843272664193
  0.37535164840393259  0.38648118334413728  0.39757755184492510  0.40835107333238163
  0.41907109869884340  0.42971977205708595  0.44016220443498988  0.45037168376206671
  0.46058265707919838  0.47091289302881900  0.48110024738624579  0.49135734147211840
  0.50156729154557433  0.51212090678277522  0.52256813185806372  0.53307194242069966
  0.54367122924480149  0.55429089281896937  0.56494550638443475  0.57568608893431561
  0.58635862366311164  0.59698969493288290  0.60762503465607043  0.61831443940226005
  0.62930255594922635  0.64042268267219271  0.65157580232962331  0.66258027884132120
  0.67324187866971874  0.68363392569064096  0.69377835745730476  0.70401562424984498
  0.71438798418065341  0.72480542860879704  0.73520294367228733  0.74560655409772092
  0.75604703765655645  0.76644159821324520  0.77697561643740543  0.78747150813406697
  0.79809010887503995  0.80888690919587003  0.81946850670706461  0.83001977296530094
  0.84046736933342026  0.85102540789957914  0.86167455176135899  0.87218421315292927
  0.88302983791832546  0.89391676570556988  0.90459312487644239  0.91522775235198583
  0.92573048132712188  0.93632451271542771  0.94686683588958065  0.95748231818975316
  0.96817965159943897  0.97878729130583797  0.98936671056782621  1.00000000000000000
 -0.00261033076088698  0.05085316675708819  0.07268097552110199  0.08821831124714984
  0.10181977184983589  0.11436708991130295  0.12625690865225048  0.13752932478195742
  0.14820997145786488  0.15848006558974706  0.16852603941303268  0.17822843199473742
  0.18768446657916027  0.19691085274838116  0.20602604811218944  0.21506319300751514
  0.22396425424022867  0.23265497898645254  0.24114765759204174  0.24953047315963306
  0.25764150105338846  0.26572690719691805  0.27367837736790029  0.28147444843039743
  0.28921838178529174  0.29689555901640113  0.30452718769089548  0.31214123857094656
  0.31970712966140891  0.32717281718863145  0.33455390020658993  0.34193252965250004
  0.34931994814918504  0.35665998717956182  0.36393468581707306  0.37116259539366681
  0.37839862231829208  0.38550395414207983  0.39267579967469390  0.39978685505016548
  0.40697569115291871  0.41412049792026145  0.42120402919659383  0.42814073830197003
  0.43515850499272124  0.44212756554386984  0.44912053748961772  0.45618701832568531
  0.46321753296408941  0.47023096269284309  0.47721428294591456  0.48421593663026319
  0.49131031858491125  0.49848778867125176  0.50581384219192815  0.51323580363080490
  0.52055490878373945  0.52759252151843050  0.53466799237111973  0.54198248234016788
  0.54945626399990166  0.55694469836900640  0.56421556299304898  0.57139596795250780
  0.57857643358409405  0.58592793832091639  0.59349190276537245  0.60114534983792822
  0.60889471419843832  0.61674965322983832  0.62474236577937237  0.63289617836504186
  0.64110348058865607  0.64933412601004570  0.65767684884366606  0.66615967892287575
  0.67483959538048965  0.68378121645827983  0.69293955956146447  0.70234201779246097
  0.71199080244693602  0.72190865892780465  0.73201147582156501  0.74242656659262540
  0.75315065875055887  0.76419225130439272  0.77575579681325679  0.78815578440466960
  0.80141453093348858  0.81573183677833039  0.83146119456050904  0.84897521491491434
  0.86855643165281848  0.89256272270030368  0.92670582548712221  1.00000000000000000
 -0.02050826627667309  0.12081901641201609  0.15957678361882002  0.18304449370880888
  0.20127026141820428  0.21626758120716938  0.22930079307002435  0.24097376331472931
  0.25176783032069860  0.26164094027114282  0.27112393461171591  0.28001885981800129
  0.28862079867265128  0.29677792800938141  0.30458032594501988  0.31216895911723064
  0.31946573279062157  0.32665613553653178  0.33372829551934208  0.34048046266649684
  0.34699788736766429  0.35340268292694660  0.35963166314789186  0.36583994339253706
  0.37199338292765127  0.37791802101096800  0.38368945158459472  0.38933567371502664
  0.39493183355406025  0.40052234321659269  0.40610828946653166  0.41170537476462749
  0.41729946719363753  0.42287641693309369  0.42841614373383730  0.43390004587672132
  0.43924791238821287  0.44454967769810583  0.44984015525991838  0.45509245638425988
  0.46031445020279288  0.46550701483049156  0.47069072570808185  0.47589856349205223
  0.48111783339914688  0.48631052946541509  0.49147576508386448  0.49659125175124025
  0.50170039459183358  0.50683843396736794  0.51205517249745303  0.51731076690079492
  0.52260494859270057  0.52791134239265503  0.53322358305978013  0.53853340851574083
  0.54381740978419213  0.54911208232729469  0.55443462712465919  0.55973104933511220
  0.56508260797829979  0.57046178064234299  0.57581830794984001  0.58119807445774418
  0.58668386367736958  0.59229307678893206  0.59796923365698784  0.60374459043609630
  0.60962837137671133  0.61560889570824617  0.62166834600260656  0.62784994821101481
  0.63414729665497582  0.64049243373388465  0.64691348304168939  0.65344813341883523
  0.66004769614858283  0.66677513576749059  0.67373675967962832  0.68091279635381952
  0.68825130076099572  0.69589809541300707  0.70369503082878937  0.71180205589340484
  0.72036774216969890  0.72914380032273585  0.73842867194685891  0.74820468225164605
  0.75882428258111601  0.77043653001769452  0.78336275504992214  0.79835030417322073
  0.81648112363999703  0.83986586817905451  0.87810517707445301  1.00000000000000000
  5.26423660246114118E-007  -1.0000000000000000     
 F F T T F F T T F F T T F F T T F F F F F F F F F F F F F F F F
  <DiscreteSampler_grid>
  grouped_processes
  1 # 1 for a reference and 2 for a running grid.
  10 # Attribute 'min_bin_probing_points' of the grid.
  1 # Attribute 'grid_mode' of the grid. 1=='default',2=='initialization'
  0.0000000000000000 # Attribute 'small_contrib_threshold' of the grid.
  0.5000000000000000 # Attribute 'damping_power' of the grid.
 # binID   n_entries weight   weight_sqr   abs_weight
    10   10   1.048171638286904E+006   5.421109511559427E+012   1.048171638286904E+006
  </DiscreteSampler_grid>
