  0.00000489511283137  0.00006531831843293  0.00009422470078525  0.00012185973942993
  0.00014882786163437  0.00017538566706624  0.00020125218051520  0.00022543119310072
  0.00024886109646025  0.00027216818894410  0.00029548757688754  0.00031924075790441
  0.00034312867317716  0.00036723024728810  0.00039166908216185  0.00041657947851543
  0.00044209069219994  0.00046826295821622  0.00049562507622867  0.00052365528697967
  0.00055218913359610  0.00058134893573181  0.00061120168567394  0.00064153307321176
  0.00067250180527443  0.00070427581164072  0.00073684559351658  0.00077006952727277
  0.00080369465440195  0.00083802418199548  0.00087344080844166  0.00090944862848172
  0.00094619158704175  0.00098392575571105  0.00102229508412832  0.00106199552726091
  0.00110307598290949  0.00114564941155095  0.00118986432613207  0.00123691715330559
  0.00128585721496300  0.00133704209448036  0.00138914079763849  0.00144295668206847
  0.00149835261431533  0.00155544587404046  0.00161501016923103  0.00167716789149844
  0.00174213357213989  0.00181010174205141  0.00188047889265951  0.00195437525347147
  0.00203323607536397  0.00211416667965950  0.00219912321722150  0.00228659088553186
  0.00237809087046247  0.00247473832101648  0.00257474551187564  0.00267875442468356
  0.00278731824910527  0.00289919465688513  0.00301898662754208  0.00314149413442408
  0.00327508312492894  0.00341672069622761  0.00356754027768499  0.00372883618535459
  0.00390023984974234  0.00408563263637548  0.00428257112643502  0.00449667346978868
  0.00473037202674413  0.00497736799906660  0.00524492882808548  0.00554227477478197
  0.00586902071243793  0.00623175480047182  0.00663072597533686  0.00706887808865775
  0.00756070194448205  0.00811310139178399  0.00873434333558253  0.00944807683946029
  0.01026702996054563  0.01120856182161481  0.01226401616297884  0.01346710237470149
  0.01496564162313337  0.01689617941919322  0.01936940821656453  0.02268096539322572
  0.02762487583238084  0.03646006273619835  0.05178296597180870  1.00000000000000000
 -0.00252225522700967  0.00984755532406746  0.02028940420478081  0.03066860155675758
  0.04125300175200224  0.05151527781996307  0.06193306058471452  0.07227870147098642
  0.08282296241015193  0.09332884985689013  0.10395644851323099  0.11451104975925491
  0.12518952199631111  0.13573408094459774  0.14646704251090681  0.15710032823360076
  0.16764941536474257  0.17823447085171235  0.18884350527880636  0.19967031286998169
  0.21033443790759127  0.22092656564864649  0.23132003942847632  0.24173185251863050
  0.25202443489306497  0.26236923762266728  0.27278790862283392  0.28330758057283495
  0.29388023802311158  0.30446836868054139  0.31532720057454461  0.32617368545681713
  0.33671489510094060  0.34715565738022619  0.35753266115989923  0.36816448264296892
  0.37870812523652680  0.38924121151582214  0.39962999451828107  0.41004231484182013
  0.42038763006156521  0.43070618587022935  0.44122737510063442  0.45182972891485296
  0.46264880126236835  0.47340734798872469  0.48426567406710680  0.49514013137936647
  0.50591591475882047  0.51651295648696272  0.52694590382323858  0.53706827502451338
  0.54730583930081145  0.55767586466032004  0.56845957581882101  0.57940246060591583
  0.59047520033941314  0.60126042105620126  0.61199361785712314  0.62280112714378077
  0.63350684222538212  0.64428004142062256  0.65492782428726881  0.66553219810404496
  0.67596749162793479  0.68624174281465233  0.69644531205818827  0.70666185396804171
  0.71699627033924485  0.72735434056472958  0.73766718262626629  0.74814262449657198
  0.75886769609740856  0.76966758777160893  0.78021452345418496  0.79058184944085086
  0.80097027456723136  0.81131036538634882  0.82159196426073300  0.83193183549309757
  0.84244452844231110  0.85298150242174686  0.86351137257810184  0.87416505254399413
  0.88494546704057664  0.89567843306656836  0.90622127222796200  0.91676800650048973
  0.92724357673151891  0.93764917864032571  0.94794551176180630  0.95837792857111814
  0.96896924839180520  0.97960286417574405  0.98990346565867116  1.00000000000000000
  0.00041913779095927  0.02239573779666048  0.04098935435153624  0.05627597545115642
  0.07009994933724380  0.08300072862281646  0.09505307489677702  0.10643219304357965
  0.11730135100279547  0.12775987092171437  0.13783850744816728  0.14769920964587474
  0.15729682843237247  0.16663424879040445  0.17577577728680466  0.18480789653662016
  0.19387204047667045  0.20294309677820185  0.21180610283676116  0.22044544416501013
  0.22885829791992235  0.23704344159015220  0.24513759286493270  0.25321023338948662
  0.26128207816680726  0.26936548989893466  0.27739561575885235  0.28534044560829452
  0.29316875457312619  0.30084871797124718  0.30843255149399568  0.31592320755041747
  0.32338617021914279  0.33084302244875097  0.33844584052487831  0.34622628148565532
  0.35396734716819750  0.36164223363343689  0.36920766070220734  0.37673087388955628
  0.38419726423209261  0.39156565827731049  0.39880987300043269  0.40597871957676684
  0.41321305077593851  0.42049446190699136  0.42775414142093671  0.43505365264618540
  0.44240566234189521  0.44973642578001627  0.45707259497349007  0.46445602374058598
  0.47184722376610244  0.47937432551229936  0.48688544757397723  0.49456921574022938
  0.50228118967635704  0.51018928109503414  0.51808499740165814  0.52582806543276672
  0.53356921815362124  0.54134172780238177  0.54919587201548303  0.55708783002918805
  0.56503123489504781  0.57303330427622412  0.58109067928275526  0.58923744883059559
  0.59747080906161631  0.60583306076145849  0.61435922215355421  0.62290366498773053
  0.63145656503139513  0.63990706257788543  0.64843546297628318  0.65712703928678395
  0.66610560866829549  0.67539316450610143  0.68487284970853513  0.69459509255155971
  0.70448821077298529  0.71479512396870837  0.72547345097521920  0.73639214948853793
  0.74766420331499006  0.75944117785672383  0.77153676206346844  0.78400051508778690
  0.79717903540464230  0.81155673342571844  0.82727768851635974  0.84457968146080498
  0.86464400134021002  0.88940299660707833  0.92478881698265236  1.00000000000000000
 -0.02087640155730528  0.12169818056492612  0.15958571155526802  0.18241139603322903
  0.20001268483933393  0.21465645114235518  0.22780346661946305  0.23924632325637926
  0.25000163261837366  0.25972535607357927  0.26908012170014572  0.27792270523456869
  0.28640060036385967  0.29466968541596750  0.30247241643488842  0.31022745234069793
  0.31757608127984521  0.32469169267780301  0.33175528620476658  0.33850127767665616
  0.34510796159790441  0.35155215918187926  0.35787407809127397  0.36413150173374864
  0.37030853426755322  0.37649481013198310  0.38261134436188382  0.38866182118994325
  0.39461836054926114  0.40042409705478749  0.40613725106150106  0.41182977961692974
  0.41748753453013199  0.42306357170501935  0.42860882275995871  0.43405877296571876
  0.43943950262941106  0.44476678944768155  0.45007794447491073  0.45538074049444005
  0.46067884817917248  0.46599448241480718  0.47131376841577793  0.47658546628481385
  0.48178372874141745  0.48692606631231694  0.49210224230567062  0.49731215310460491
  0.50245170300975162  0.50761612085892138  0.51279772817990210  0.51801423847896477
  0.52325758473921125  0.52848594068248744  0.53371820856890417  0.53892521227408530
  0.54416996966080566  0.54949653595572423  0.55483592390285774  0.56023952969465407
  0.56574140891931868  0.57133099096098272  0.57690571447962125  0.58239763929001387
  0.58791310413313880  0.59346327269129817  0.59908336353997960  0.60478687853678548
  0.61055372142177322  0.61636018300189521  0.62219171555861863  0.62807960689628228
  0.63405233166305353  0.64007785151102470  0.64625873711230997  0.65281420869303597
  0.65955147379991874  0.66635883286737829  0.67337300593279792  0.68064425425909914
  0.68812674933821627  0.69613233312603739  0.70423052337157932  0.71259538701506231
  0.72121332810289884  0.73013112343863207  0.73960382474231767  0.74950327309257447
  0.76053387080006341  0.77227190536951262  0.78550603603101032  0.80060984889022935
  0.81856496584960892  0.84130192551669292  0.87899712724224910  1.00000000000000000
  2.66474892940851655E-005  -1.0000000000000000     
 T T T T T T T T T T T T T T T T F F F F F F F F F F F F F F F F
  <DiscreteSampler_grid>
  grouped_processes
  1 # 1 for a reference and 2 for a running grid.
  10 # Attribute 'min_bin_probing_points' of the grid.
  1 # Attribute 'grid_mode' of the grid. 1=='default',2=='initialization'
  0.0000000000000000 # Attribute 'small_contrib_threshold' of the grid.
  0.5000000000000000 # Attribute 'damping_power' of the grid.
 # binID   n_entries weight   weight_sqr   abs_weight
    10   10   7.440083527993894E+008   3.255390031265389E+018   7.440083527993894E+008
    16   10   7.440083527993894E+008   3.255390031265389E+018   7.440083527993894E+008
  </DiscreteSampler_grid>
