 -0.00042925306950658  0.00275669968624993  0.00473065658535417  0.00699902851551910
  0.00984929326503139  0.01313528836234951  0.01681594499174896  0.02086517442634145
  0.02534131359952432  0.02981171800280754  0.03460706498251140  0.03990456505400847
  0.04547739023440367  0.05110129915789390  0.05713112755435636  0.06375171086461071
  0.07043564428921296  0.07723675976285733  0.08445711737836940  0.09147247422899213
  0.09835684735099846  0.10525285544456293  0.11258407454070973  0.12032213449677459
  0.12827393729924685  0.13624414455824302  0.14447419545850981  0.15298737232024801
  0.16166250844533464  0.17052080375475420  0.17945242326910554  0.18847940622942952
  0.19772614987729084  0.20717814468145213  0.21694421818313303  0.22689947002167737
  0.23693685220243568  0.24689462811191779  0.25665923774225896  0.26636241498759800
  0.27643167973526850  0.28699226187440807  0.29772269675482504  0.30846028837628903
  0.31931801548410499  0.33048515643948062  0.34187677329544236  0.35326008961321093
  0.36458305541628311  0.37615908323443287  0.38812739849053568  0.40050140334657691
  0.41294471421888745  0.42540680876061604  0.43791841326338093  0.45039091866453468
  0.46259561330332893  0.47440774848911621  0.48663842347947900  0.49887208835345936
  0.51140768972830652  0.52383044467959072  0.53630457859944436  0.54893394639584958
  0.56178681665676200  0.57491909514144601  0.58829218065152600  0.60169479438231943
  0.61529856456892351  0.62887600210769612  0.64247698802778963  0.65615629566250799
  0.66983291709013026  0.68328622863743282  0.69666411529119099  0.70977836183021481
  0.72297422168487602  0.73616823117138319  0.74942327369875372  0.76284050840350992
  0.77640652238280627  0.79029952963758587  0.80419051749227799  0.81799384039617629
  0.83202249458011868  0.84699869575979503  0.86180972543067325  0.87687304160113533
  0.89198454449383424  0.90703632153321245  0.92235433938497779  0.93749063913493624
  0.95275616916025652  0.96822255789895451  0.98394709522821722  1.00000000000000000
 -0.00259237917678389  0.01019554899812876  0.02019429602698478  0.03008771455798223
  0.03961443583240899  0.04937645815310551  0.05949941087686865  0.07013078112248508
  0.08055430145263122  0.09094833963511115  0.10127430163535681  0.11151604473339166
  0.12150718241559758  0.13198280902110091  0.14301452431094216  0.15338722310506211
  0.16418526673129327  0.17479387257009152  0.18554438518669922  0.19612224651157423
  0.20650725437057332  0.21680067486505905  0.22743838072052175  0.23861728087148876
  0.24974469968024615  0.26024111544995376  0.27059809235539989  0.28148531043283292
  0.29258802227905789  0.30354647114517408  0.31441006766335095  0.32509258521734674
  0.33558225480506138  0.34579421140645994  0.35599376535252153  0.36686587068726073
  0.37808314236763868  0.38973262727500163  0.40120575773844391  0.41281751811482581
  0.42438896093469530  0.43627029147555429  0.44807158494602151  0.45966207091112338
  0.47108722206757769  0.48246321616269378  0.49416502941585438  0.50478972067615047
  0.51470977426406872  0.52467303646191321  0.53493612850278094  0.54536705100253391
  0.55556522428072208  0.56578561696825458  0.57664497354047750  0.58745200431567102
  0.59786938194502603  0.60805652162292800  0.61810480520893518  0.62804289100990740
  0.63754298110730379  0.64719526659326787  0.65703249970676536  0.66717327610203347
  0.67716722922247830  0.68684925034525079  0.69681863764170682  0.70696470391495059
  0.71771034406496792  0.72852033752828904  0.73894777572367565  0.74890398813588921
  0.75876927823345530  0.76874466029263022  0.77852610177323189  0.78816875396644337
  0.79805243660298808  0.80820968606651789  0.81848399174981734  0.82872874797028606
  0.83941759060095777  0.84989528079193599  0.86003077997309818  0.86996478491723472
  0.88058044211905295  0.89177857737106558  0.90274881135430229  0.91359774727996013
  0.92449127676156029  0.93526660955262697  0.94573576552664407  0.95632062855657496
  0.96699752187795895  0.97782846520653677  0.98891172835404850  1.00000000000000000
  0.00141613941621974  0.01618857354139832  0.02936133283347808  0.04011911003886830
  0.04973423157051370  0.05855670606339951  0.06688592732357725  0.07470336277410115
  0.08234820632669973  0.09011216261491486  0.09805955191739370  0.10622108321967912
  0.11440947254371964  0.12226292750780693  0.12998252380546696  0.13778005676570312
  0.14546670437398304  0.15282373595963031  0.15991369514788409  0.16686335229363974
  0.17372942078623441  0.18043660489487440  0.18697301407598002  0.19342615086245657
  0.20007056514307084  0.20702945093763628  0.21405330316032231  0.22095185757795180
  0.22779673118512905  0.23446023093836713  0.24105658493351156  0.24757919058926464
  0.25419777538734900  0.26105741635703605  0.26792905263324895  0.27464704315015637
  0.28114424651101244  0.28751014670181746  0.29382741918623334  0.30011788027930753
  0.30637623350913729  0.31280455308666705  0.31943631241378534  0.32589127169573817
  0.33244290427082768  0.33929794459411611  0.34641060990014366  0.35353953314368464
  0.36094675179467034  0.36842925992549902  0.37579465702895248  0.38309152768500115
  0.39038588030150456  0.39767309957678676  0.40472759731235325  0.41166075910295868
  0.41880201480549262  0.42598310525960664  0.43327942831518457  0.44058712197641053
  0.44763057993720584  0.45473081843769536  0.46206656208900776  0.46963121057389617
  0.47732859000713007  0.48498086389337075  0.49235868495298296  0.49979257012318784
  0.50771235246961943  0.51608155710976900  0.52486283908885734  0.53393525862099145
  0.54314871973031320  0.55256342954581683  0.56216106690927548  0.57187876141748217
  0.58188310007115995  0.59219203685863619  0.60282391079943032  0.61399626592072942
  0.62577682316031280  0.63755060175203548  0.64923925586152942  0.66094391501126915
  0.67353742586630116  0.68712985951574668  0.70121294279428903  0.71602670901852006
  0.73214140689225315  0.74964931266609203  0.76870698807720539  0.78994049316412607
  0.81639380987150556  0.84896221280423667  0.89385057798458323  1.00000000000000000
 -0.02037239451121726  0.12002263237316278  0.15763494899208380  0.18038458296417018
  0.19780936378163230  0.21272616737545130  0.22559942443589409  0.23677848803092072
  0.24682616120131817  0.25616882985137190  0.26504342940192743  0.27373915168209662
  0.28225205204708509  0.29054764066221522  0.29884150302264034  0.30703039509564145
  0.31466746647117777  0.32160143090638477  0.32843643091974800  0.33526708303792679
  0.34193460068222636  0.34838138214889841  0.35458368719013000  0.36065831981546986
  0.36662444482741874  0.37265437369383381  0.37882198250273591  0.38503852066611299
  0.39109167669041728  0.39710701523349629  0.40320725743989255  0.40929591536667520
  0.41530609769738991  0.42115298671172868  0.42679166033998256  0.43238552807125602
  0.43813017631447959  0.44360770661225768  0.44898778487565844  0.45430632201647503
  0.45950536846084333  0.46470101229631960  0.46987127049451000  0.47494392190785412
  0.47998988473847137  0.48502437796191611  0.49012258139090226  0.49523787829571081
  0.50019761586740641  0.50548993544077803  0.51072345696621246  0.51614612635199286
  0.52162840763182794  0.52711058185639792  0.53248801197211981  0.53782144642119578
  0.54318251246715621  0.54860675738369280  0.55418888260972288  0.55986865010477493
  0.56555641584432315  0.57132440983275368  0.57700281102757145  0.58278176661764280
  0.58856174102342695  0.59441452172018650  0.60040243357312240  0.60659245071034984
  0.61295603370074636  0.61935703185504953  0.62555831513364013  0.63138972958505668
  0.63731715280881207  0.64339227249790931  0.64962148698517164  0.65615532629552609
  0.66267158594574382  0.66936391705519771  0.67615304792167596  0.68304978343571154
  0.69069974545681723  0.69856716462893043  0.70645395304599357  0.71420803158442392
  0.72214032598733302  0.73070462286568316  0.74028759240921327  0.75024474190669643
  0.76117049046114971  0.77297104421628571  0.78663908567852636  0.80150156223282987
  0.81871872099594678  0.84106899466951612  0.87809781390506836  1.00000000000000000
  6.44880269001281498E-006  -1.0000000000000000     
 T T T T T T T T T T T T T T T T F F F F F F F F F F F F F F F F
  <DiscreteSampler_grid>
  grouped_processes
  1 # 1 for a reference and 2 for a running grid.
  10 # Attribute 'min_bin_probing_points' of the grid.
  1 # Attribute 'grid_mode' of the grid. 1=='default',2=='initialization'
  0.0000000000000000 # Attribute 'small_contrib_threshold' of the grid.
  0.5000000000000000 # Attribute 'damping_power' of the grid.
 # binID   n_entries weight   weight_sqr   abs_weight
    10   10   1.996243524034756E+007   4.153219682593998E+014   1.996243524034756E+007
  </DiscreteSampler_grid>
