  0.00963278032289502  0.01556375785136171  0.02475027728958021  0.03539893100195225
  0.04574546172913121  0.05615954164970386  0.06659658829526996  0.07700608051676636
  0.08738852543211584  0.09775903365131357  0.10811435266076341  0.11851530990295744
  0.12899984356668945  0.13953756960496397  0.15001203556207510  0.16039738802082268
  0.17071821931962927  0.18100779026282479  0.19135278890008042  0.20167179215707698
  0.21203400714006185  0.22245830792907195  0.23299255357391732  0.24352705445896192
  0.25399819747538721  0.26442746498086661  0.27487521273430560  0.28528696017714811
  0.29566183005124352  0.30599160412670745  0.31635357408407605  0.32674130981304034
  0.33713521270044705  0.34751372826848148  0.35783918101187501  0.36818285625672614
  0.37858663608879645  0.38912470672324834  0.39966449920503200  0.41019608324652262
  0.42062815968821593  0.43107273785943423  0.44141448271619182  0.45180332580598498
  0.46225151703535600  0.47283791947246556  0.48339334656224159  0.49380756275859794
  0.50412228517771496  0.51440653671391989  0.52468632074172783  0.53498274699375814
  0.54532811395861003  0.55571917243302427  0.56612232682222452  0.57648160121716707
  0.58682022901934938  0.59718289724235862  0.60754536755252864  0.61789497144446726
  0.62818997343056882  0.63847645694619404  0.64880143576172045  0.65914455964669294
  0.66951951325393366  0.67991216961518608  0.69033754012452775  0.70073069914113539
  0.71107600573630592  0.72141692057178564  0.73171830985324537  0.74209404608268670
  0.75247376380392239  0.76292803237778317  0.77330282180409360  0.78365869116524456
  0.79401464472588146  0.80442917541442016  0.81487543957721098  0.82540492108392560
  0.83588040550005516  0.84632962603053874  0.85664520536310185  0.86693344186733057
  0.87713388205529896  0.88732640532038876  0.89756166892075284  0.90794306555395254
  0.91843094984599083  0.92887719095808574  0.93921665595688753  0.94953349487771221
  0.95989396188601239  0.97021726203245173  0.98058062432450133  1.00000000000000000
  0.00925670874177975  0.01725306176807677  0.02587985018074098  0.03685529372336226
  0.04729419702119399  0.05771397830262130  0.06807521638496648  0.07845658562447728
  0.08896533454413721  0.09954787093837272  0.11003143301595188  0.12043101077847460
  0.13084727334436247  0.14136452246361048  0.15180795842001027  0.16219729088724213
  0.17256058311780623  0.18297433675047847  0.19333928205772238  0.20366022783931576
  0.21399090393801207  0.22438980623395283  0.23484302541298549  0.24529429602780498
  0.25565715075328499  0.26596316155986566  0.27627676242748284  0.28661977234497216
  0.29697325997522622  0.30727139761993538  0.31758541180120686  0.32791964232086662
  0.33828092297559337  0.34865031390709406  0.35900676593872061  0.36938345200653622
  0.37980905687833222  0.39024926812696115  0.40075679273439258  0.41124987539212099
  0.42174466187658510  0.43221388492441448  0.44261581609758260  0.45301154454580800
  0.46335580280925182  0.47371130408957557  0.48407560782064762  0.49443906190973741
  0.50480442606823650  0.51519518734787262  0.52560321443039526  0.53600262228838258
  0.54639398044448428  0.55680169372122812  0.56721052773838898  0.57756817447350584
  0.58789041769075812  0.59821052256595575  0.60859472093533218  0.61897192950134272
  0.62925911171579874  0.63950973094187402  0.64979532229165538  0.66015841169364753
  0.67049361500775650  0.68074848287620049  0.69096524188937269  0.70114662983742326
  0.71136674707003500  0.72168642918844816  0.73210386267922378  0.74253300162996083
  0.75289342888438993  0.76319106665787484  0.77345830775503743  0.78375538041039250
  0.79407860427906285  0.80438451286424217  0.81465857912387829  0.82492181622078098
  0.83521366534754327  0.84552458238743167  0.85582919360894871  0.86615294057308623
  0.87649689987873003  0.88687709086302835  0.89729036905458615  0.90766039326797388
  0.91807546005995411  0.92851792120589205  0.93897211251323032  0.94940087416346286
  0.95974847990774759  0.97004086507582654  0.98031145465835123  1.00000000000000000
  0.00956252887289484  0.01611464087722147  0.02511884757138941  0.03602163184132490
  0.04643927128928674  0.05693388534206244  0.06741168425533645  0.07786778372197264
  0.08823153926068741  0.09841041211184613  0.10861194306326399  0.11885878953083753
  0.12920159028287417  0.13960026890627891  0.14997308868587753  0.16038328117204556
  0.17078396217735411  0.18109871012395329  0.19140490690800202  0.20172789809398614
  0.21208175654259773  0.22251884744631381  0.23296733509914305  0.24339049360886567
  0.25377409547119378  0.26411527159100756  0.27450445167366638  0.28488490112174980
  0.29522393019910964  0.30552969701057214  0.31575631106077778  0.32606125657952123
  0.33640196201878964  0.34676511386828712  0.35707365243126504  0.36736220906640304
  0.37766446851320562  0.38801365784396269  0.39841302853866856  0.40884109741094282
  0.41932750273886460  0.42977928260572085  0.44020087616266496  0.45057709854608446
  0.46092845871700622  0.47126869652208292  0.48167704563374697  0.49209836349053815
  0.50249530751255933  0.51280156955584444  0.52309894594964745  0.53344173770260783
  0.54375604602372674  0.55411665633090823  0.56450274816586321  0.57489550353052266
  0.58526603074578842  0.59566405008157797  0.60612421865479205  0.61658818321274766
  0.62703252941266308  0.63743841196890350  0.64780367359131474  0.65814513008615305
  0.66847313052189439  0.67882739391781466  0.68920210584552499  0.69956475640577398
  0.70990703484881579  0.72022422054049862  0.73059838732267546  0.74103373624411584
  0.75143690158025789  0.76184743298125490  0.77224659106208382  0.78267214465175416
  0.79311350361550792  0.80357036934552939  0.81406808162484345  0.82451792475602836
  0.83494009486756060  0.84534165521740512  0.85579537207707923  0.86628881573199068
  0.87687180833328326  0.88733761545067313  0.89777423126977929  0.90815991225828074
  0.91855535408354627  0.92890593987029091  0.93919921087309655  0.94949528239773706
  0.95988980899845966  0.97025571091584195  0.98064425515018439  1.00000000000000000
  0.00955407141304088  0.01582520109582754  0.02512932662499744  0.03598592885014303
  0.04630897217857463  0.05658531199979390  0.06686588500983155  0.07725748941945053
  0.08769344580745492  0.09813306644575601  0.10855273740213446  0.11895123132841950
  0.12933546719804617  0.13973225828466121  0.15010557029528543  0.16061895500650583
  0.17100142239504731  0.18134483675781998  0.19165087930505115  0.20201676048386086
  0.21238700206861005  0.22276639853544561  0.23312761176777400  0.24362676741128866
  0.25402090083986706  0.26435648190970695  0.27454997535767772  0.28474962795964553
  0.29501506323762777  0.30535773176339481  0.31571424114948832  0.32608310953349184
  0.33644675347662129  0.34675214443303626  0.35708235676559918  0.36739149138418792
  0.37773787233376127  0.38803152731044160  0.39834108834202880  0.40865699245076487
  0.41905669774888360  0.42951585194199304  0.43999032336671462  0.45045943788416803
  0.46086718448364622  0.47124282008661933  0.48160817723227567  0.49195051262920020
  0.50228662128791191  0.51261352014222150  0.52295817424432789  0.53332268871897881
  0.54373950630992085  0.55421902500084830  0.56475409211735805  0.57526971010517813
  0.58576310258169584  0.59622066663275164  0.60662682126875855  0.61702974092280261
  0.62745670194988046  0.63790594924836730  0.64830146164964164  0.65864895743891150
  0.66900899589745855  0.67937867856017997  0.68972995630845180  0.70007727963220945
  0.71042524390014328  0.72077506452938089  0.73108344735946040  0.74135392726556693
  0.75165222325744763  0.76197872266763012  0.77239002865552009  0.78284065683744075
  0.79324211185270710  0.80360766909447723  0.81395788647245937  0.82441596375293369
  0.83484081422019429  0.84531020423515146  0.85574884344845770  0.86619173480915046
  0.87661278649683072  0.88703508088228444  0.89744979930114721  0.90787724618561272
  0.91824045170625157  0.92865650967047164  0.93901749538467660  0.94943760441648828
  0.95979231210190219  0.97015341176799319  0.98041669436622048  1.00000000000000000
 -0.00185515929373656  0.00982790257669422  0.02008484758972965  0.03066528258656745
  0.04112810546482853  0.05158721137262399  0.06195130337128831  0.07246001288773471
  0.08301806350926078  0.09363459938384519  0.10432226523675189  0.11489085863753888
  0.12546473500307034  0.13608371240901301  0.14679040044875680  0.15754896998003368
  0.16810781358175678  0.17866337722037245  0.18917422305038223  0.19969687035184544
  0.21018492746307793  0.22071842134484335  0.23129756536655569  0.24202203461257421
  0.25274601767336508  0.26336044836537092  0.27390587853476084  0.28443184224673734
  0.29491978248769080  0.30534796984512930  0.31575320111677918  0.32620395850938477
  0.33662944968794212  0.34703733696674482  0.35747075148136587  0.36797845710183563
  0.37851654517114969  0.38921327279475748  0.39987736991243045  0.41051919155802408
  0.42099439277050582  0.43154132701357450  0.44213588568202916  0.45282665475749145
  0.46339557594039477  0.47394090755089319  0.48449205181236604  0.49518664930968470
  0.50580591698184341  0.51642133443108773  0.52689796856715332  0.53742075872068551
  0.54796530198494442  0.55846141362893464  0.56900870984046892  0.57950170966585024
  0.59005434408405000  0.60058630215135622  0.61118015185351060  0.62176862678500056
  0.63237619385057031  0.64286837061381696  0.65335996113853367  0.66378839899810993
  0.67428051410110135  0.68479749477184526  0.69532592789056069  0.70583209466655139
  0.71649091380078889  0.72710978863831532  0.73767717821922751  0.74815815268106578
  0.75874234361166060  0.76939755242542940  0.77998823962772212  0.79052046834269707
  0.80106809078573127  0.81160991747725419  0.82213331274867307  0.83268761468053221
  0.84321334901821432  0.85379863975114678  0.86429686352539636  0.87470021432626177
  0.88505521408671195  0.89533980788147438  0.90571429247682045  0.91599371510812599
  0.92639304441927106  0.93675387510109742  0.94717069395009490  0.95755790126600382
  0.96804525719139556  0.97866259385287246  0.98932215258136991  1.00000000000000000
 -0.00235234439565695  0.01003201401690423  0.02024533715410166  0.03061999923591573
  0.04097474521447868  0.05141035211679652  0.06198706136651071  0.07258878167278031
  0.08327621649226850  0.09391518682440674  0.10459886406778443  0.11514418646592620
  0.12566948933181671  0.13611789369069210  0.14655360553058863  0.15701516954975789
  0.16758032538225873  0.17825415713972306  0.18878005906808304  0.19925501045243121
  0.20964552423885688  0.22020492858587853  0.23067056326489327  0.24126992325287228
  0.25191243752215176  0.26257446357712405  0.27318152559369896  0.28368961785861174
  0.29429764877457437  0.30493017182427712  0.31563203351116575  0.32631467953231819
  0.33691249202848433  0.34736327840658160  0.35785604637534740  0.36836015064044686
  0.37887499134143909  0.38934585023808571  0.39991806150594827  0.41059915624135390
  0.42128335921425319  0.43196388916345885  0.44262080187857294  0.45322387175981305
  0.46381708082581014  0.47434224184135476  0.48488404585153727  0.49546634586555793
  0.50624116055639901  0.51703487647405255  0.52768161475533748  0.53826882355616434
  0.54876644652042261  0.55921968532733168  0.56966723228594462  0.58009033339450533
  0.59062227171598003  0.60103196688170524  0.61146353942561049  0.62185940193304945
  0.63233759514025389  0.64283473558046045  0.65331038080972670  0.66382325810165843
  0.67441962529715327  0.68508177680680860  0.69568008370375944  0.70613688056931312
  0.71659681506824269  0.72708559739863887  0.73769399336595165  0.74831381632041394
  0.75885725971173601  0.76933820071049663  0.77973562131165663  0.79014133611621573
  0.80063852361272736  0.81116799143391882  0.82177395186583702  0.83229559242810580
  0.84281700209160992  0.85331354369333801  0.86384713170255167  0.87435806283569417
  0.88492658108305289  0.89542475185844927  0.90595714384022652  0.91641195717157242
  0.92683569974450064  0.93721158031789586  0.94758419343136635  0.95798184269718156
  0.96844664830892668  0.97888300285430552  0.98944722806614982  1.00000000000000000
 -0.00235191944462361  0.00952853752309082  0.01965772417625266  0.02998545417425226
  0.04034875325645160  0.05088707805930921  0.06151333658275199  0.07210258853663983
  0.08267477184264527  0.09324611533988848  0.10380814884892881  0.11428537744169606
  0.12476620094193536  0.13520428278776817  0.14563159051508018  0.15616398719315266
  0.16660478328129225  0.17710484768142321  0.18754870823860426  0.19810206106131703
  0.20869680616341355  0.21925983313933992  0.22983408312377746  0.24037466750678857
  0.25106083441416355  0.26168028637987739  0.27223791605014619  0.28267514331649668
  0.29324426105646834  0.30380347077973596  0.31430043069937863  0.32473847405597817
  0.33522268774655495  0.34577871393704801  0.35638644207087117  0.36701301468544689
  0.37760756223477682  0.38813743739902878  0.39865906360707065  0.40929203147007787
  0.41991308405946226  0.43053237281394058  0.44103151706057492  0.45158241951130068
  0.46207200555115507  0.47258476861463972  0.48300268705580429  0.49354149192242064
  0.50405722799495223  0.51461803403396944  0.52502358694611617  0.53554009163061833
  0.54605543850316041  0.55664922065935241  0.56716495866380068  0.57772011877954399
  0.58823646115294637  0.59873613505046686  0.60928124062961719  0.61981611594898800
  0.63033534781314093  0.64087854623233642  0.65139131111063442  0.66192095786166794
  0.67237642149807408  0.68284261082696696  0.69331881352216373  0.70379102847651998
  0.71430037600918894  0.72486536449149253  0.73549729352411852  0.74611775151010418
  0.75680082674869065  0.76740835006892549  0.77797754664701668  0.78845841904028302
  0.79893516270488507  0.80945283173442550  0.82000934953168336  0.83060216115430363
  0.84125849693434529  0.85190265020946376  0.86252142360740658  0.87316877888282862
  0.88364762700574118  0.89421457794593417  0.90462746392403781  0.91519025405230670
  0.92563297132711864  0.93612133101365913  0.94661591999085226  0.95717337660454138
  0.96788458331550831  0.97862644023631362  0.98937205373452075  1.00000000000000000
 -0.00234822579199653  0.00960769416732002  0.01970953399607099  0.03018370447370576
  0.04070490733732757  0.05126198648949822  0.06185313865539479  0.07257792276159206
  0.08332023868703393  0.09394725801624448  0.10448263608624216  0.11498122289323207
  0.12550713330384183  0.13600618840863393  0.14652600967820473  0.15698445018413965
  0.16744817060819275  0.17802126870454285  0.18870054919751555  0.19938306127010583
  0.20993026055001751  0.22041566350926528  0.23088814797418775  0.24144494485953183
  0.25195667768461000  0.26252222319215246  0.27309501997624575  0.28375773163018531
  0.29445878191766017  0.30514730347309371  0.31587342734921409  0.32654878966609296
  0.33716777980775692  0.34772481333587435  0.35825879807195704  0.36879433460504168
  0.37933959264332540  0.38990445941852914  0.40050336420221772  0.41115700960380652
  0.42177358239860085  0.43237266404038210  0.44290584823768797  0.45351795931141370
  0.46398569143345891  0.47450017732137667  0.48492388139765336  0.49550294036850745
  0.50600607192476221  0.51656452014488852  0.52702410228803298  0.53756520676366704
  0.54803486337898288  0.55858338935170038  0.56907298061737766  0.57956245693967023
  0.59001775829201708  0.60050609269380717  0.61105346703319707  0.62163037127208942
  0.63212733714088010  0.64267694584722801  0.65319761571777279  0.66381214780127251
  0.67438226816763647  0.68503900974595389  0.69564333766563258  0.70623514968740053
  0.71672583294041858  0.72717194964104925  0.73756150824437317  0.74800234318170156
  0.75847897786926954  0.76898057851473067  0.77942039845396383  0.78990448054382467
  0.80037017312379943  0.81084128973566294  0.82129404431048825  0.83184231654048457
  0.84238591939801277  0.85289632614758282  0.86332620567917207  0.87371559104254048
  0.88419665291805716  0.89467818816037026  0.90525381020719420  0.91572582273311698
  0.92616996637514470  0.93667209290400455  0.94722243921104876  0.95786952735207431
  0.96852629051991956  0.97904353172001835  0.98958306207042124  1.00000000000000000
 -0.00240981762263124  0.00951888099325057  0.01975391281655582  0.03032963553156906
  0.04098493130402941  0.05169370425435136  0.06243927620651610  0.07315902005058880
  0.08377153486340440  0.09430766124240021  0.10476117703391297  0.11522747775902782
  0.12577688600368109  0.13630916473189766  0.14685586241094487  0.15743397941828649
  0.16813038387124912  0.17872860814200722  0.18915332644799718  0.19955151693113396
  0.20997327871612792  0.22041749058738422  0.23085359258429808  0.24129258079497229
  0.25181308075612790  0.26241738304218637  0.27298550536834360  0.28355911861997757
  0.29402457465641607  0.30457991797621276  0.31510669800842911  0.32566996264076292
  0.33622933045055098  0.34677002644903454  0.35725245683529155  0.36765152805729817
  0.37809462111781922  0.38864763828358007  0.39929600682395394  0.40990380089873052
  0.42048705464537905  0.43104711855531219  0.44165142977249783  0.45232646662876774
  0.46303792967368862  0.47375264571368580  0.48424798361136490  0.49470702280684237
  0.50521691029196580  0.51582067266157361  0.52647087580793062  0.53702546483511526
  0.54764713908849416  0.55821069540780144  0.56880145797810255  0.57935139058796925
  0.58996338597148623  0.60051944893255438  0.61101360549579264  0.62149056115036416
  0.63199599493729475  0.64259435158074119  0.65314624221310502  0.66370869303071323
  0.67417224414139976  0.68466637481648018  0.69524694712278579  0.70583982279081781
  0.71639004851287413  0.72679649835096760  0.73724379601595669  0.74765290630573844
  0.75811728484577123  0.76860252038854560  0.77914353272367254  0.78964511054282815
  0.80014990566073496  0.81066652341276957  0.82120522950734087  0.83160440397962154
  0.84196660354235442  0.85232758102617212  0.86286400441361710  0.87345678782110769
  0.88409492475470530  0.89470512853473927  0.90531740011738393  0.91592304187466489
  0.92649755431128811  0.93701253822640562  0.94750427767437795  0.95798132631712474
  0.96851248773211995  0.97900241704266155  0.98950780732005861  1.00000000000000000
 -0.00231047235829473  0.01002079778151854  0.02034603199371183  0.03086239061846539
  0.04131511600886022  0.05174220856594889  0.06224800979195536  0.07284510985983442
  0.08329605043977810  0.09387722574786510  0.10438405702061436  0.11496643890891055
  0.12540921716761430  0.13593932375831622  0.14648309469768434  0.15691829529195972
  0.16728336733336760  0.17769640746714541  0.18828218487635295  0.19883252390436817
  0.20943092242043371  0.21997354901257682  0.23047717987317370  0.24084972000378035
  0.25125347656664632  0.26176250327181982  0.27234348829230881  0.28292689108759961
  0.29352335174497174  0.30410853209743310  0.31461500364622780  0.32506605484812517
  0.33555632859746182  0.34615656699907571  0.35689375594471667  0.36756911853516966
  0.37816225894966388  0.38870590847020919  0.39930219854860449  0.40992629358550892
  0.42056711730650198  0.43108157395878904  0.44165684292566842  0.45207527343334347
  0.46257899538786224  0.47300606068604700  0.48357690690481581  0.49423125880428009
  0.50494233809452826  0.51564765066798823  0.52633363146516199  0.53707131208811498
  0.54776751866469153  0.55845230717967909  0.56904774742758080  0.57963493845439518
  0.59017674123950592  0.60073555729076134  0.61128408639277709  0.62177888319608599
  0.63224892046443604  0.64273229976934731  0.65325719898274692  0.66384149738287290
  0.67442748937383112  0.68494905938974515  0.69539175251440632  0.70580726695409279
  0.71631361663183524  0.72676674273814246  0.73731039299791135  0.74782228422421271
  0.75842360884982807  0.76896044863008628  0.77939764832466940  0.78985321563221933
  0.80015517299291650  0.81052784418573542  0.82093203668017301  0.83145378166843387
  0.84206532574161597  0.85261542776165800  0.86317964202035347  0.87366500630322297
  0.88418562366492059  0.89471484970496207  0.90535583675470443  0.91596418616836606
  0.92662198520650252  0.93715474169332513  0.94769623879427922  0.95815847979501234
  0.96873274442098989  0.97915688303504556  0.98963095010366864  1.00000000000000000
 -0.00253660486918249  0.00959493702798259  0.01976152373206819  0.03025445840894840
  0.04071589863618912  0.05113334163070439  0.06147288079253330  0.07188861037014668
  0.08236937181736728  0.09298755965782809  0.10358725323634155  0.11422083053920747
  0.12484720832139977  0.13541240938553017  0.14591483538883385  0.15638037318942677
  0.16684938816437483  0.17738423923058649  0.18809286437664990  0.19884351041180945
  0.20948084315590629  0.22001009687981021  0.23050915413756159  0.24110370490988714
  0.25175906793610436  0.26249522066654585  0.27323233954320930  0.28381657670458932
  0.29434009640417874  0.30484704758962450  0.31529933982333835  0.32568513031646634
  0.33616004709289160  0.34670856341782141  0.35747029982957856  0.36816432741220617
  0.37892921643835653  0.38954794819770422  0.40006891120916777  0.41055591177981754
  0.42102293872078811  0.43152689047872950  0.44206311076227561  0.45259301781557892
  0.46311450041492458  0.47365926509037765  0.48421959358706895  0.49477815053633867
  0.50525232081999605  0.51568610851704932  0.52616389144024622  0.53665208999188874
  0.54715193865390710  0.55779531146706329  0.56843470244213867  0.57897434272225323
  0.58928103545586885  0.59964030170607407  0.61017005148802295  0.62075595829618557
  0.63127175731493346  0.64162667185487221  0.65204028329842667  0.66249737061476821
  0.67302521297324236  0.68366343108151861  0.69431420475856431  0.70502064880580717
  0.71562487462326785  0.72630485074265072  0.73702100623035438  0.74760353336679219
  0.75804519467562126  0.76841066342943809  0.77889369932201247  0.78943809200450477
  0.79996366380367578  0.81049060308746335  0.82096579256052682  0.83150757040585321
  0.84206306725803792  0.85265656654401456  0.86324848963630330  0.87383175458148099
  0.88446197908678048  0.89503632610213757  0.90553114534319201  0.91609841554283311
  0.92663959839033860  0.93721472030245456  0.94762860151410522  0.95809461119306660
  0.96862161656991486  0.97916355143790934  0.98965292901958357  1.00000000000000000
 -0.00214934173958433  0.01031932027224663  0.02053945585379703  0.03100782554112743
  0.04165610913917910  0.05230597838205456  0.06288906572474233  0.07335563362927655
  0.08382160825214874  0.09443187616239752  0.10506241328396151  0.11564004549713568
  0.12611205064320724  0.13655975631907219  0.14704246422237482  0.15751891613309360
  0.16792289888352108  0.17832113411718795  0.18880640182180866  0.19931685069574870
  0.20990900865018663  0.22044068887181481  0.23108272820492362  0.24163910220231841
  0.25216736325061584  0.26262344276051630  0.27318666967770611  0.28373167515763920
  0.29433576133415995  0.30485636425882906  0.31537283458409232  0.32578738350035841
  0.33625377983545823  0.34680278835459133  0.35739340530526176  0.36794728744771354
  0.37840798600741682  0.38887797758023662  0.39930757733157435  0.40990583048891377
  0.42049238261513033  0.43112845474359324  0.44169538719711476  0.45228265627405684
  0.46288380584035038  0.47342977579051831  0.48393333223716400  0.49444940332098086
  0.50499919330828735  0.51569349938730658  0.52634665458298047  0.53695638910589127
  0.54747254136267054  0.55799734217306629  0.56854614070959486  0.57913567597041715
  0.58975237495208954  0.60024570456281823  0.61077855696426775  0.62119076722360866
  0.63173842319189066  0.64225470874027191  0.65288908875922946  0.66349235823660779
  0.67407618900642785  0.68458987075355360  0.69512785596656557  0.70564743416091147
  0.71623748048709324  0.72677150654806499  0.73737933163180391  0.74802516791051510
  0.75866227630837668  0.76926741841078428  0.77978226255816785  0.79033887344405607
  0.80085716504565041  0.81135061138801490  0.82191799091317963  0.83247238742966445
  0.84302362708314948  0.85347147361962550  0.86387831032040197  0.87428350177272840
  0.88475838236390447  0.89517338342292474  0.90565146257638951  0.91600820590303655
  0.92647735587149704  0.93688162209191161  0.94732503619295705  0.95774318178218254
  0.96819771356241757  0.97877164485258183  0.98935506569894605  1.00000000000000000
 -0.00246299082044818  0.00943548211430562  0.01948557274772691  0.02999890465974871
  0.04062128991795042  0.05128629046321294  0.06182161971394701  0.07241670956325487
  0.08296406323276402  0.09353799201753121  0.10406513841060853  0.11470634896888100
  0.12535668125174201  0.13603440825930407  0.14666780894349943  0.15718058870603149
  0.16756415573232403  0.17800078385093665  0.18854965669694523  0.19908303707002917
  0.20952890165979451  0.21998239772913286  0.23045545031860276  0.24091454402929166
  0.25131551043364764  0.26170321064538821  0.27214824483595301  0.28264691946551213
  0.29320765201231391  0.30380085023225467  0.31438568529226463  0.32493775672064024
  0.33551278078203606  0.34610331462950761  0.35672758528221055  0.36729140388713294
  0.37788881299580179  0.38840245713933919  0.39895221034262174  0.40945089141154561
  0.42005523647921333  0.43067638309884854  0.44138180749753014  0.45207904901367357
  0.46259578887056507  0.47303940591389337  0.48351419329838785  0.49416961858306790
  0.50489930380799619  0.51550855072489554  0.52603883577712363  0.53646055501045797
  0.54689508359699690  0.55732882927504823  0.56784051964437521  0.57839247129320726
  0.58899328100107184  0.59954285774298610  0.61016423951519794  0.62072224673227694
  0.63136438217365376  0.64198193839847562  0.65273009080064903  0.66344257254984251
  0.67404723480380935  0.68460104755202400  0.69506601631918041  0.70572324282604926
  0.71624410483674428  0.72680550644674402  0.73726786893004703  0.74774994669940842
  0.75825551336744335  0.76873364398721034  0.77938702849659502  0.78997439515642176
  0.80057224268423433  0.81113570791617506  0.82173754693893508  0.83236849314899486
  0.84304383517667469  0.85367647811699532  0.86422499461891378  0.87473389220616393
  0.88524359857420776  0.89573438326476063  0.90601585450855637  0.91640211680236561
  0.92681419035484935  0.93733978464101397  0.94780058302793102  0.95821927206161883
  0.96858877727296211  0.97901594255943780  0.98946114758908144  1.00000000000000000
 -0.00245236854759496  0.00947937243156641  0.01965409370780376  0.03023457936875687
  0.04076652698595781  0.05130313480667999  0.06190169522991990  0.07258066192619393
  0.08325552455359292  0.09374635181835657  0.10423543128334874  0.11460721989635204
  0.12501176215746621  0.13540192013898364  0.14588061935143420  0.15636063160485467
  0.16678966418139163  0.17716581739151424  0.18754252919113951  0.19799510764589776
  0.20857798070414954  0.21919600157203556  0.22984445334453574  0.24047987390745532
  0.25117688892728912  0.26191911614890312  0.27258528698254869  0.28316823244904954
  0.29366670401369405  0.30417290316084455  0.31473506543064939  0.32526104024747654
  0.33578327024227939  0.34628553094920123  0.35682069764594204  0.36739643876547917
  0.37794301204910719  0.38850223873034412  0.39900511301274222  0.40958037129593072
  0.42026655359021969  0.43097108753506841  0.44171784972999151  0.45240254633033905
  0.46305468154006590  0.47365189173072519  0.48421510905235776  0.49487001439410450
  0.50545444560210806  0.51597001410302790  0.52638391465320866  0.53696664757325685
  0.54768196087068266  0.55848623374568984  0.56917648004224708  0.57983403627573837
  0.59044311085909329  0.60104632522754786  0.61161126338936189  0.62221315853182502
  0.63274723843721103  0.64326728658832399  0.65370355006743319  0.66423972525120889
  0.67475295794006207  0.68522007896345349  0.69558036885723828  0.70589271336559356
  0.71643196273453524  0.72702041261664518  0.73771755427622543  0.74826828715669458
  0.75882918164255009  0.76938457552579276  0.77993378593914853  0.79043939859821877
  0.80091881894361661  0.81139826760509015  0.82190342966567320  0.83244009366109284
  0.84295762386219786  0.85352276293319362  0.86415424606737101  0.87475620920453856
  0.88518934011321104  0.89563888925884461  0.90604306629293974  0.91651632631530588
  0.92683457629005239  0.93728384897373507  0.94763480569726000  0.95811314423744742
  0.96861150511336958  0.97916105849503043  0.98962049338250646  1.00000000000000000
   8.9767578726001433E-012  -1.0000000000000000     
 T T T T T T T T T T T T T T T T T T T T T T T T T T T T T T T T T T T T T T T T T T T T T T T T T T T T T T T T T T T T T T T T F F F F F F F F F F F F F F F F F F F F F F F F F F F F F F F F F F F F F F F F F F F F F F F F F F F F F F F F F F F F F F F F
  <DiscreteSampler_grid>
  grouped_processes
  1 # 1 for a reference and 2 for a running grid.
  10 # Attribute 'min_bin_probing_points' of the grid.
  1 # Attribute 'grid_mode' of the grid. 1=='default',2=='initialization'
  0.0000000000000000 # Attribute 'small_contrib_threshold' of the grid.
  0.5000000000000000 # Attribute 'damping_power' of the grid.
 # binID   n_entries weight   weight_sqr   abs_weight
    10   10   4.769587020729412E+031   7.612241933297403E+063   4.769587020729412E+031
  </DiscreteSampler_grid>
