  0.00820019468649590  0.01748585545486392  0.03018619618412748  0.04284050485012917
  0.05468013269420164  0.06624321427051050  0.07714252507910008  0.08754700562897666
  0.09808147504285768  0.10873347681086964  0.11924688145166322  0.12943309186765431
  0.13934921710190082  0.14901610399905868  0.15878523868299529  0.16862503479994875
  0.17888991155078221  0.18888133560942638  0.19874204265559531  0.20838708025591873
  0.21817073077126317  0.22797785554767677  0.23819668925068010  0.24858518494158738
  0.25916641536135326  0.26990347079552796  0.28065139281953255  0.29139058068223989
  0.30173334095954568  0.31196077361148966  0.32197272681040645  0.33184411495046789
  0.34184803013858084  0.35194511563862624  0.36231721592173755  0.37261094787100435
  0.38301145023337763  0.39354786712663975  0.40421452140927516  0.41493308648855798
  0.42558560441372772  0.43612631041326333  0.44693908282532147  0.45786685389367854
  0.46854924737714299  0.47885462123185496  0.48891272175908901  0.49865688365844074
  0.50824784108215282  0.51774986018941449  0.52754351837460012  0.53773307641171131
  0.54850272859126514  0.55961025407792864  0.57061233751238927  0.58146293290964468
  0.59230136921227605  0.60293529820753744  0.61326330487975333  0.62345607706987827
  0.63379222463150253  0.64424417741736739  0.65460337432271676  0.66510738277368142
  0.67583286589437419  0.68646867573970505  0.69683368747364660  0.70687387169903482
  0.71679149294807754  0.72680157365215292  0.73716695298084634  0.74792595919195437
  0.75889803854968052  0.76993386583722800  0.78108256490221772  0.79203760744897611
  0.80242757173007040  0.81240992286005387  0.82230835019416670  0.83220160619752259
  0.84223304102015761  0.85236067432675267  0.86249207806194650  0.87262119784080694
  0.88278430017263076  0.89321838550734600  0.90372540983911753  0.91432069660079951
  0.92482795160465114  0.93537707736254072  0.94566402892770263  0.95609591578785613
  0.96662335921220444  0.97757843225686913  0.98866522358779840  1.00000000000000000
 -0.00039141709346879  0.00257015691768002  0.00440508553401254  0.00649277826386667
  0.00901529966133495  0.01192175623157070  0.01524019343785607  0.01877943606226156
  0.02290292861459385  0.02729723874752104  0.03204825166815442  0.03721598306951263
  0.04262773059951395  0.04820159881954389  0.05384279219793744  0.05976687100480054
  0.06601346158512507  0.07241876055719429  0.07884106128536648  0.08562790956365472
  0.09309625912932241  0.10073100487899540  0.10829159761207982  0.11604765581159386
  0.12417473983544436  0.13264747578566541  0.14127547975279212  0.14991598240370740
  0.15854578226837052  0.16735813135233185  0.17620473410242160  0.18513987491063924
  0.19423833531484311  0.20340100195146940  0.21278393596499870  0.22250960486023921
  0.23235680861049862  0.24216703531275874  0.25214099949895868  0.26216620064980678
  0.27241775524377643  0.28279225026693727  0.29345071278242263  0.30437783804034657
  0.31533917625689123  0.32631606127281482  0.33740519697161631  0.34861873414400923
  0.36015382214707425  0.37158400042545892  0.38295808170416834  0.39454455472539496
  0.40613334986063587  0.41786332223283812  0.42962991830337566  0.44144546507213051
  0.45329741359418030  0.46529393662852442  0.47763288036703144  0.48981336493101529
  0.50243806073150965  0.51538619437035704  0.52885950735504106  0.54239210888616307
  0.55595313922888023  0.56961670061655145  0.58323565878125783  0.59644532800780026
  0.61020306847424843  0.62387240078563555  0.63751434375878380  0.65120485398070949
  0.66496739778894010  0.67868194273149796  0.69239472733035368  0.70603954509753009
  0.71970968648020250  0.73342356844184409  0.74714524005620797  0.76091493860174175
  0.77463765931584738  0.78875764318029429  0.80269226397149596  0.81660638681220421
  0.83103179177555941  0.84608750518299480  0.86040466373005875  0.87503798975627090
  0.89000773559727331  0.90508367888969510  0.91997097471560030  0.93522745669115037
  0.95130265306373984  0.96754194615104250  0.98376927116395940  1.00000000000000000
 -0.00291099059092135  0.01088342808981281  0.02195331092258063  0.03282823386928518
  0.04362434077645429  0.05463347506654995  0.06505330649881402  0.07506020236494959
  0.08501939613649838  0.09542805847041035  0.10593313961657014  0.11634057966232902
  0.12701258786847713  0.13810088228808351  0.14928326163763150  0.16041158005604031
  0.17164482288144747  0.18293512851249127  0.19394021607457063  0.20447155885810511
  0.21471384414515207  0.22487084288995063  0.23485221504252660  0.24469496685517711
  0.25455422817562123  0.26454686051901077  0.27452984648056467  0.28457541800868680
  0.29479130319308555  0.30537748690304145  0.31584834432516701  0.32644301003462756
  0.33691782651184965  0.34723766019587893  0.35748269830099827  0.36774965644300900
  0.37799598019794983  0.38829625634689408  0.39938420729610435  0.41114957600486357
  0.42262889239220486  0.43376827889108399  0.44484471338068104  0.45582814496300428
  0.46627602718256972  0.47630689334641296  0.48636544248823083  0.49653025233017151
  0.50678122593785413  0.51709248748865733  0.52756726189070313  0.53806842866133087
  0.54886879925192733  0.55956979584859812  0.57021203916486718  0.58089568284148807
  0.59174249746209762  0.60238223014174308  0.61247817969628437  0.62253673579917124
  0.63294759301116599  0.64341537158997930  0.65378654995641516  0.66441770918841325
  0.67567729269647270  0.68653014703359727  0.69715211340214311  0.70766840416197607
  0.71813351523033975  0.72824610004437007  0.73794950474854504  0.74796196290946260
  0.75866490938682396  0.77008583899846594  0.78186956467424307  0.79337494844156953
  0.80498520864550394  0.81599935139509450  0.82670450293113229  0.83690342753986535
  0.84683206066148853  0.85665601106670297  0.86634026197434943  0.87604298894656596
  0.88640157418137167  0.89694076209728413  0.90791071503468834  0.91859943785643738
  0.92857819306778866  0.93851946836639943  0.94841014176379412  0.95825189352470808
  0.96850390445843881  0.97860828362650976  0.98925270218897488  1.00000000000000000
 -0.00238195372829123  0.00877791596328379  0.01800869496112965  0.02733412527136990
  0.03664883106767518  0.04578766224322172  0.05493557539114648  0.06415182960118765
  0.07357248251560151  0.08312217434021273  0.09300299941676834  0.10295991441145004
  0.11299301056400742  0.12292151446510960  0.13301289781270972  0.14286480765682144
  0.15306605036279800  0.16310333101311400  0.17359254464166562  0.18422207108407249
  0.19580670440871184  0.20763695502008245  0.21900057622732008  0.23039262457950641
  0.24214155676035179  0.25373355320329627  0.26503655519053648  0.27594066524543076
  0.28662493610310863  0.29747112679379822  0.30834707565652902  0.31968535100362144
  0.33097202771724499  0.34265595255344633  0.35414199623087983  0.36497750035789422
  0.37589878719870645  0.38639781880154905  0.39677201597215445  0.40696753322323320
  0.41732675693497573  0.42787661268312921  0.43835163242320990  0.44911875104105642
  0.45980034110830859  0.47055054336091828  0.48151583008094101  0.49247287694004682
  0.50328346960608583  0.51407124741429655  0.52502449993769484  0.53600882282553686
  0.54662501890829762  0.55703088402938283  0.56763313959514883  0.57890503151703021
  0.59074430686527590  0.60285516308203135  0.61512357009223306  0.62744099562850142
  0.63988363540446314  0.65223267651625971  0.66435621362436059  0.67571337389413488
  0.68695322888342558  0.69793240298832593  0.70899313674291164  0.71980603980023683
  0.73089062261944460  0.74207103252462758  0.75299140567028844  0.76353412861230185
  0.77373491825317486  0.78411110784280791  0.79435714533829727  0.80453927612752230
  0.81470866542098708  0.82512026218277634  0.83536555698913573  0.84527920325571526
  0.85537239228672479  0.86548548771685385  0.87538978594289307  0.88493813615619543
  0.89427642024670717  0.90378586687070972  0.91340522224674225  0.92332947210340233
  0.93350982086246603  0.94346633409399816  0.95303969573075920  0.96253828583969459
  0.97199525045892854  0.98156766332218803  0.99076529574421413  1.00000000000000000
 -0.00216793292174073  0.00877643131229183  0.01775096087536747  0.02774923071628952
  0.03803295400224481  0.04860856743356903  0.05902182966339946  0.06989643330291849
  0.08071932075863646  0.09102553366253263  0.10116127558307234  0.11147906051955751
  0.12213773151471878  0.13269512074026890  0.14324327232697101  0.15377424319401409
  0.16396449410669231  0.17406478847141912  0.18418046610710326  0.19513634989549361
  0.20621805483687466  0.21716858732333105  0.22800174210918822  0.24010188052782167
  0.25230990234078232  0.26432097663736492  0.27607211747889487  0.28756219163321722
  0.29858041972793864  0.30894861865622708  0.31975573640960148  0.33095804416482194
  0.34211512722417109  0.35332599524426483  0.36437972282046099  0.37526638548080671
  0.38553977431959235  0.39571093013387526  0.40597810925690320  0.41637282735451137
  0.42653000942781566  0.43679242340033164  0.44686578690952111  0.45662338572553063
  0.46663718006351274  0.47652694712463739  0.48681071581526203  0.49682171956603893
  0.50729761744253954  0.51832420381949562  0.52897551695384681  0.53995137880606836
  0.55026342868474165  0.56042723692766772  0.56999708884792755  0.57918952237478882
  0.58855206187597053  0.59825628102363526  0.60804640288738065  0.61777789278640738
  0.62751089121124537  0.63779774938003053  0.64833590582650613  0.65871523134659782
  0.66917473627759982  0.68010864272483085  0.69110137139110928  0.70185367185883163
  0.71240430093465412  0.72292066551244749  0.73330365747804982  0.74372316009303707
  0.75419390483336102  0.76489905368146727  0.77540465691487692  0.78601762859983859
  0.79661418390467709  0.80700852986960292  0.81734100865359760  0.82781171369169371
  0.83883447275909384  0.85022352781395227  0.86124993805754246  0.87189785501895134
  0.88234475711053684  0.89272365023840150  0.90326919046039911  0.91365350328762573
  0.92405430422637735  0.93457427680760263  0.94534691691192729  0.95662334136940863
  0.96752067149064247  0.97878908431798506  0.98920664700048788  1.00000000000000000
 -0.00276488854566328  0.04414903531886961  0.06160336059568403  0.07372335804966969
  0.08438991699837101  0.09464159142512270  0.10431239452325890  0.11322750285155861
  0.12180470042805348  0.13045077315869288  0.13910321001614573  0.14735733537252940
  0.15497521622029847  0.16238853939891504  0.16987537576636194  0.17741178335322053
  0.18512275816136123  0.19259855418883642  0.19988408142750994  0.20693526752616767
  0.21383589805950237  0.22063865537186045  0.22732216088319876  0.23389827055065882
  0.24059215210262228  0.24724057682780720  0.25412553193877063  0.26091723801332761
  0.26770658078085696  0.27467955577901693  0.28193604813373019  0.28925815956824830
  0.29671292470086619  0.30428532443812817  0.31185785934909127  0.31937539454957575
  0.32667247539505645  0.33388006461728731  0.34104165728518504  0.34808514416702757
  0.35501229082127556  0.36178625827038741  0.36858200194929780  0.37555248951173598
  0.38252627642595849  0.38942275796452369  0.39632011847852577  0.40348780998754502
  0.41075936417388237  0.41839293324092841  0.42651540680002303  0.43449783570563177
  0.44227943023766314  0.44993843553794077  0.45766251114937673  0.46534021586096169
  0.47302243084437351  0.48068281818043057  0.48829245627497087  0.49595069582318529
  0.50369491182970272  0.51140457343150247  0.51916173583765834  0.52720020323039518
  0.53535820183925853  0.54354067791409244  0.55176300322339078  0.56008770048949619
  0.56837040952451556  0.57665796803654723  0.58505277891756191  0.59365758001159696
  0.60252398936456641  0.61171463972181328  0.62099400460073750  0.63069776728773252
  0.64087506439676079  0.65128802404602426  0.66196313259283279  0.67275327814613795
  0.68377899149520860  0.69483319203877469  0.70562903996460236  0.71720064020315488
  0.72901082946137974  0.74232786313824184  0.75574334834662393  0.76999091931640173
  0.78531696998354772  0.80210834611458648  0.82013562586273026  0.83954475591416999
  0.86093414913943977  0.88645114400463254  0.92394826454535650  1.00000000000000000
 -0.02144083473015362  0.14471806526812772  0.19574274500721803  0.22898511884756240
  0.25493367932170363  0.27695006393359556  0.29562538789899839  0.31239244966971214
  0.32740986639821457  0.34085585321172696  0.35326414908438936  0.36471700611847008
  0.37563975645499725  0.38607926666322462  0.39665349154187085  0.40677441811274873
  0.41658167742471813  0.42545091090222759  0.43402046175738418  0.44213775295702534
  0.44998004524172164  0.45795365295519624  0.46557826576415295  0.47293626142499884
  0.47999863316991215  0.48694979320141757  0.49382829902199321  0.50064043381262868
  0.50696190517337492  0.51333308916772735  0.51950472749629772  0.52561981626812682
  0.53149635930647232  0.53737649778829599  0.54325095177022720  0.54906319205600351
  0.55477253451763431  0.56040436478848887  0.56599846819324884  0.57154711461622132
  0.57703939174446506  0.58245029493964617  0.58781689961056427  0.59313305780018233
  0.59851861878112012  0.60387800011327086  0.60925107657364930  0.61465404430509818
  0.62001742157035222  0.62528569808041068  0.63036225710746097  0.63529915100753487
  0.64025575693790393  0.64522343380505243  0.65021336461799206  0.65531569730816075
  0.66039512175236348  0.66549319478468449  0.67050013576529766  0.67532632133274384
  0.68004883046703779  0.68481100920171045  0.68971462015741702  0.69477137404969058
  0.69989128583370741  0.70498563561467931  0.71005125033676575  0.71504647620021577
  0.72003773667813642  0.72493476821217484  0.72989101731892669  0.73511345226535418
  0.74058611865522739  0.74622621676881107  0.75196793065995726  0.75746999263335624
  0.76294043365384734  0.76832719043227526  0.77393620966917842  0.77979906290796830
  0.78575808412109649  0.79181315053969126  0.79815412982370071  0.80448486491530580
  0.81097838876208606  0.81808996817822766  0.82558032375896195  0.83357696196728648
  0.84234529787597912  0.85205144595431148  0.86293692244039599  0.87505889428184103
  0.88884968086013050  0.90618053340765659  0.93345428828005694  1.00000000000000000
  5.14438578811732713E-007  -1.0000000000000000     
 F F T T F F F F F F F F F F T T F F T T F F F F F F F F F F T T
  <DiscreteSampler_grid>
  grouped_processes
  1 # 1 for a reference and 2 for a running grid.
  10 # Attribute 'min_bin_probing_points' of the grid.
  1 # Attribute 'grid_mode' of the grid. 1=='default',2=='initialization'
  0.0000000000000000 # Attribute 'small_contrib_threshold' of the grid.
  0.5000000000000000 # Attribute 'damping_power' of the grid.
 # binID   n_entries weight   weight_sqr   abs_weight
    16   10   4.849946994271648E+005   4.450742011478351E+011   4.849946994271648E+005
    17   10   4.849946994271648E+005   4.450742011478353E+011   4.849946994271648E+005
    22   10   4.884393618293874E+005   4.493490265232546E+011   4.884393618293874E+005
    23   10   4.884393618293873E+005   4.493490265232548E+011   4.884393618293873E+005
  </DiscreteSampler_grid>
