 -0.00044793332427353  0.00252567067239824  0.00428164049545564  0.00621607596130857
  0.00855266498848418  0.01125529664158357  0.01430441226387332  0.01750301940294333
  0.02103203926310474  0.02500425007340530  0.02928388321568718  0.03367472109946391
  0.03836240811863041  0.04340048984642439  0.04877793032142736  0.05426275868957071
  0.06029125527296429  0.06645425814197078  0.07253773028100370  0.07890270623652232
  0.08580598647641970  0.09293182272997451  0.09991346154890669  0.10699395437581732
  0.11441850200052678  0.12229486682671789  0.13049306770893604  0.13863875177806892
  0.14720751291888515  0.15608769243449480  0.16542492757956043  0.17474719393180305
  0.18405015025190005  0.19351250424069563  0.20319842723326920  0.21327612894499337
  0.22369300283838778  0.23421559290003141  0.24476331048590422  0.25526566712165855
  0.26610958507776494  0.27709854221815355  0.28809152370311503  0.29925542633965985
  0.31027112332565254  0.32235151200937562  0.33437899305414809  0.34648205815676547
  0.35864982982744803  0.37077950059411491  0.38280855586824875  0.39462630954624828
  0.40693235327004934  0.41973478929780456  0.43267130372993973  0.44583062477591934
  0.45907638273379581  0.47243224475864692  0.48576551423218695  0.49916054501684104
  0.51224374023581032  0.52541742559524662  0.53898068922165043  0.55279799143751329
  0.56691589391746844  0.58156653145699566  0.59626550629516806  0.61090358034323611
  0.62552643920732631  0.63998631527061922  0.65434445855861501  0.66864981614154551
  0.68290994392841409  0.69763320028106601  0.71219273703194930  0.72676835751619406
  0.74134050781966299  0.75578544054468944  0.77001681553378198  0.78421243721854672
  0.79818523362854665  0.81207843100110821  0.82573747834123146  0.83918120691331244
  0.85248782031975900  0.86559749516100848  0.87903185331704570  0.89261654621687569
  0.90624046589716500  0.91983625840967997  0.93338413351693372  0.94703606477280533
  0.96040249474446360  0.97367919321776908  0.98689369909591973  1.00000000000000000
 -0.00223465307300482  0.00986275165574578  0.02022260706972467  0.03123093714163738
  0.04233215553842510  0.05375513539942054  0.06477049625692281  0.07456515878441501
  0.08422548599893662  0.09388223366916100  0.10400850299419780  0.11416764588843971
  0.12420318917143938  0.13459505528231730  0.14502258299628606  0.15542519397158860
  0.16562009218318458  0.17599510635232893  0.18625590892647315  0.19743181600351228
  0.20876674023670630  0.22000711097241146  0.23092846363090277  0.24182839364893882
  0.25254994321532709  0.26323966468755033  0.27425649158374849  0.28561760953646514
  0.29681322631146179  0.30760966216090369  0.31836798591920712  0.32936849518153322
  0.34007313974128117  0.35052618897897525  0.36020738508647349  0.36983648460325225
  0.37948193639996780  0.38962687894798659  0.39995663145659038  0.40992349137516104
  0.41974911434881995  0.42999720598391594  0.44066961079904188  0.45126340250473151
  0.46177268294148088  0.47245399733972848  0.48299241718603175  0.49363449418175498
  0.50416033874174193  0.51464149370524748  0.52481813968954094  0.53495797115727339
  0.54518372230000001  0.55559446982526761  0.56619325987717284  0.57696479706285886
  0.58745326801101305  0.59808970525939864  0.60868566340414676  0.61985130427140878
  0.63139159561006686  0.64337874976719955  0.65490181369461897  0.66667840787875932
  0.67698569549839660  0.68722118166189894  0.69717060773953210  0.70696882646861803
  0.71738248288971762  0.72784880984395317  0.73862865004646261  0.74924604342250178
  0.75914494134565202  0.76898729670513877  0.77874854171372587  0.78877264373470091
  0.79874319271991590  0.80847337893706017  0.81853548734638182  0.82932428087188004
  0.83993684727818207  0.85017357198867638  0.86085587024149191  0.87175992605752461
  0.88241074261118790  0.89282477197605736  0.90372018135951449  0.91488401335413339
  0.92583477776846101  0.93659888407482916  0.94733275828689467  0.95788205516583369
  0.96830297325865089  0.97856374930375478  0.98935624151149826  1.00000000000000000
  0.00115123043478092  0.01638519449042606  0.02994711053330471  0.04150713037443148
  0.05250851624302695  0.06270904372938942  0.07208035492623588  0.08102049640483028
  0.09008531662550298  0.09907739730400651  0.10782129021037384  0.11612454264146189
  0.12444742030379775  0.13263956344246619  0.14064171352131499  0.14847272061284675
  0.15611369334805103  0.16390206519822087  0.17163557261167031  0.17902310737582966
  0.18636180745902997  0.19353560563471378  0.20069138101295692  0.20766546654757259
  0.21445871029163027  0.22129553965450244  0.22834444410120858  0.23571860055904570
  0.24312296347028875  0.25041086477199209  0.25778889378114106  0.26526328000518828
  0.27284704490863737  0.28054042053822065  0.28822598297722329  0.29556313472529566
  0.30264222198724394  0.30976140809258756  0.31680771739108332  0.32387304624226448
  0.33118696597560410  0.33871600784158490  0.34624918537160865  0.35368709344623978
  0.36105589179049002  0.36845371088930562  0.37590185431016115  0.38314593731531504
  0.39039709365176117  0.39758165288218283  0.40441547279550821  0.41110816279915902
  0.41820337199022939  0.42581958890435539  0.43375005572624875  0.44170870709118165
  0.44964376673863077  0.45769187557477137  0.46583258395111632  0.47406915689859541
  0.48238450535127742  0.49076589569759443  0.49917290980663914  0.50776755203186297
  0.51647972901624384  0.52502542832495924  0.53358720260148229  0.54246157531310424
  0.55165835859503309  0.56069090715670855  0.56953235627087229  0.57832870136409487
  0.58754290026455180  0.59683543973274733  0.60606131430234356  0.61539220221254221
  0.62522145757268688  0.63551703312703112  0.64596091291899382  0.65661340912686761
  0.66759328632276571  0.67906049396761980  0.69110801844045089  0.70385887032638239
  0.71700474333118458  0.73053687647055476  0.74478037391487284  0.76011839467485609
  0.77675256165277695  0.79430837794948406  0.81258871768098351  0.83185500737181817
  0.85379940593711867  0.88121052535952760  0.91965189524865332  1.00000000000000000
 -0.02211388897576715  0.14503698716008301  0.19574020409074705  0.22862550560306594
  0.25491132359716973  0.27715110887757377  0.29607223915651415  0.31283020706853104
  0.32801007394972109  0.34197780616225987  0.35499727191380304  0.36698531214112412
  0.37818008780758067  0.38882423311560804  0.39878301272650324  0.40803454421408536
  0.41701777031407661  0.42570618782725811  0.43431069521990395  0.44262359307056509
  0.45050953855316367  0.45823231513963097  0.46594677673301976  0.47385130784156160
  0.48153524346599130  0.48868412578440279  0.49550820960157299  0.50194289928726987
  0.50822629144237141  0.51452604552708336  0.52079161680274333  0.52670541980150354
  0.53244326595102798  0.53815458517155534  0.54373690923417495  0.54925403477635371
  0.55471501977939164  0.56015886137103288  0.56563527855903117  0.57110527830099833
  0.57654119295734507  0.58187791969013269  0.58710988449442414  0.59226837966692059
  0.59750412933466979  0.60273531841987527  0.60775932701400515  0.61263024556709256
  0.61740942564301882  0.62218667276860740  0.62702832499305317  0.63196308580991745
  0.63694300090710299  0.64188434138467299  0.64688153298112139  0.65211102959071132
  0.65721415562838859  0.66209769955083853  0.66690403094367856  0.67168961065341859
  0.67656610310709564  0.68147744222398443  0.68640236821194422  0.69133965728458868
  0.69628054999826794  0.70120998876961349  0.70613356245036862  0.71104655785271909
  0.71596526835866403  0.72092700990840974  0.72596933309669254  0.73115552487116109
  0.73637012069963337  0.74162595069249804  0.74703151404822943  0.75264054009500925
  0.75855674537437623  0.76465251772516241  0.77077943357602741  0.77690179072810028
  0.78316910874474832  0.78963782550104622  0.79639127810650745  0.80332888235328426
  0.81027155763654990  0.81741526048575652  0.82491027182335053  0.83299751215237672
  0.84181693788546852  0.85145663034613905  0.86209652433821793  0.87375763215598690
  0.88732736321663086  0.90441896621129458  0.93174195677527150  1.00000000000000000
  1.38267239641111801E-005  -1.0000000000000000     
 T T T T F F F F F F F F T T T T T T T T F F F F F F F F T T T T
  <DiscreteSampler_grid>
  grouped_processes
  1 # 1 for a reference and 2 for a running grid.
  10 # Attribute 'min_bin_probing_points' of the grid.
  1 # Attribute 'grid_mode' of the grid. 1=='default',2=='initialization'
  0.0000000000000000 # Attribute 'small_contrib_threshold' of the grid.
  0.5000000000000000 # Attribute 'damping_power' of the grid.
 # binID   n_entries weight   weight_sqr   abs_weight
    16   10   2.410837540383298E+008   5.933943047437842E+016   2.410837540383298E+008
    17   10   2.410837540383298E+008   5.933943047437842E+016   2.410837540383298E+008
    22   10   2.518766096508529E+008   6.508996629333130E+016   2.518766096508529E+008
    23   10   2.518766096508528E+008   6.508996629333130E+016   2.518766096508528E+008
  </DiscreteSampler_grid>
