 -0.00197708193013729  0.01021752668390081  0.02026818011366811  0.03031619406159230
  0.04037788038997708  0.05067997757141023  0.06112932460531866  0.07211192007022631
  0.08333126418344780  0.09438046060571709  0.10525252894802095  0.11630952220694434
  0.12730979851981503  0.13818626564201159  0.14881992097532257  0.15968227340979249
  0.17040284150230878  0.18117463009027418  0.19168164724549713  0.20196653496734987
  0.21237169526608946  0.22261612766527797  0.23284779354812976  0.24309731010372793
  0.25341988707793778  0.26385795215407210  0.27425321442878919  0.28464781176072218
  0.29527997570798881  0.30574577756431243  0.31620122947231194  0.32660614516384417
  0.33714173154340837  0.34774323684290792  0.35827733794703981  0.36895791833027830
  0.37960330991243391  0.39023861668179571  0.40077308640242060  0.41125219895948928
  0.42174826778926877  0.43219921680764783  0.44273520372514552  0.45327176102992772
  0.46365118781384596  0.47398651641107836  0.48426957680960081  0.49475886420263188
  0.50534000698743009  0.51594836197390270  0.52676384487148387  0.53765854974728655
  0.54849303182166576  0.55916532144273423  0.56983749911475101  0.58045853381893142
  0.59088008141257620  0.60135279524035246  0.61184676558690498  0.62238240081083973
  0.63277510580920937  0.64321649968400829  0.65363347972507257  0.66400443516583718
  0.67458843621606790  0.68515634721452434  0.69570347950985156  0.70620080114874262
  0.71664251750716779  0.72717714274533995  0.73770952357310626  0.74827877332764581
  0.75850134079683740  0.76877362410800609  0.77898987564065902  0.78947280747262949
  0.79990630130933682  0.81033039315186906  0.82076688516872143  0.83135365250518356
  0.84241582639697654  0.85348728655939643  0.86404739778061668  0.87431307555217241
  0.88480604206992730  0.89559028160734167  0.90648609348120257  0.91736579305547861
  0.92830743763300794  0.93913861769461005  0.94969304796734233  0.96005046566186003
  0.97008025556662736  0.98012967287570096  0.99000278945070497  1.00000000000000000
 -0.01686697902632965  0.09471834654066665  0.12917246770350446  0.15096161885648499
  0.16897112132507083  0.18441279145344097  0.19829562486722854  0.21099307697582073
  0.22278384878140112  0.23383641447012188  0.24425401357914567  0.25415725871969364
  0.26358363146282959  0.27267179245746781  0.28134732411799823  0.28980566138244573
  0.29796450674933062  0.30590504336402313  0.31366540999076881  0.32117429022518706
  0.32857142343557660  0.33579174095250403  0.34286377114320893  0.34984011124408021
  0.35668767591111822  0.36341388438719435  0.37005848404230413  0.37661936735410567
  0.38308577378838754  0.38948165866278595  0.39582361160796653  0.40207125998608451
  0.40826656893923274  0.41443576722145847  0.42052612060139222  0.42656904647545379
  0.43258685040625411  0.43857125291313048  0.44450744378474044  0.45042160955304517
  0.45631651341915613  0.46218304761009127  0.46802726694200303  0.47386006352490129
  0.47968168525441512  0.48549138926681490  0.49129178990390338  0.49709022645915107
  0.50288691967020016  0.50868467013735885  0.51448456533035303  0.52029354765201230
  0.52611481276468619  0.53194772930915468  0.53779143123464945  0.54365805953435098
  0.54955318449128110  0.55546668635022844  0.56140308424927787  0.56738718425760015
  0.57340516342478920  0.57944790788607192  0.58553391707440527  0.59170238927993724
  0.59789679833589826  0.60414721913192415  0.61048917862705721  0.61688239451272298
  0.62334448199265646  0.62990033453351602  0.63654227553989040  0.64326715713064586
  0.65011684264263958  0.65709444452155386  0.66416190952970100  0.67138281022268953
  0.67879069803267977  0.68631586227621155  0.69408440565618168  0.70203303217906476
  0.71020194780630297  0.71867127061652214  0.72737282049359242  0.73647028885522625
  0.74590779272036167  0.75580400085381039  0.76621751360574308  0.77726483744127206
  0.78906482836737513  0.80178205641130551  0.81571639991664768  0.83121835818246159
  0.84919870359386906  0.87089725135224549  0.90515134619727089  1.00000000000000000
   4.3948422876409168E-004  -1.0000000000000000     
 T F F T F F F F
  <DiscreteSampler_grid>
  grouped_processes
  1 # 1 for a reference and 2 for a running grid.
  10 # Attribute 'min_bin_probing_points' of the grid.
  1 # Attribute 'grid_mode' of the grid. 1=='default',2=='initialization'
  0.0000000000000000 # Attribute 'small_contrib_threshold' of the grid.
  0.5000000000000000 # Attribute 'damping_power' of the grid.
 # binID   n_entries weight   weight_sqr   abs_weight
    10   10   4.482794364313952E+006   2.009544531272492E+013   4.482794364313952E+006
  </DiscreteSampler_grid>
