  0.00003117696619190  0.00006349286803746  0.00008797267434916  0.00011492243149757
  0.00014166321111211  0.00016744876775457  0.00019225275653131  0.00021663333215788
  0.00024065967996033  0.00026386979402108  0.00028723250019608  0.00031103212869404
  0.00033517303656433  0.00035971784289451  0.00038464753162447  0.00040990420814161
  0.00043535820919233  0.00046141727912554  0.00048821066289350  0.00051578808951285
  0.00054416992117937  0.00057314999272834  0.00060316262798763  0.00063355661811402
  0.00066470563427909  0.00069668523021823  0.00072968906136595  0.00076348262718202
  0.00079786480046327  0.00083284313438595  0.00086839684866865  0.00090444000954286
  0.00094161669353691  0.00098031698350740  0.00102029462973143  0.00106150468831078
  0.00110342845015314  0.00114648306980474  0.00119091488854660  0.00123649395351343
  0.00128400251486137  0.00133327936106269  0.00138444761924888  0.00143786934799401
  0.00149342921505191  0.00155119463234829  0.00161292488717014  0.00167581026509979
  0.00174070274942970  0.00180823420657101  0.00187863043265729  0.00195250533506327
  0.00202957453485322  0.00210902121340703  0.00219269983225422  0.00227931185219952
  0.00237060663790170  0.00246686947993650  0.00256847967306575  0.00267609801926215
  0.00278727297552538  0.00290658982649417  0.00303409663703285  0.00317058499210836
  0.00331604096047505  0.00346747402107691  0.00362717730850345  0.00379917807526534
  0.00398314546527359  0.00418291829731745  0.00439580557652562  0.00462009859906014
  0.00485838039927047  0.00511312113311699  0.00539253061173655  0.00570314678052858
  0.00604170997278448  0.00641379424235264  0.00682811386709351  0.00731285847480902
  0.00785541511155400  0.00846576660188511  0.00914032299173699  0.00988075422424071
  0.01069845127629578  0.01166903042122071  0.01291010995136549  0.01448224502976895
  0.01629755519331397  0.01846045368584860  0.02116261627830033  0.02503597537987438
  0.03094186784456582  0.04248896689549891  0.72825610843488864  1.00000000000000000
 -0.00267586190579771  0.01015871409888684  0.02084845848552962  0.03159273667635351
  0.04230573939229475  0.05315306235117194  0.06417713196238058  0.07534641108614536
  0.08635624966787150  0.09720174449861223  0.10798778907896257  0.11868666724998408
  0.12931879290408402  0.13991163467539744  0.15050027059891768  0.16110603423345932
  0.17153649836576487  0.18184529507273353  0.19201405257640863  0.20216367556982187
  0.21233244818602756  0.22250963209241975  0.23265577941995985  0.24289891873092470
  0.25314954330963318  0.26334627027445962  0.27364543588095858  0.28407116918678643
  0.29458159037843196  0.30507489573511054  0.31560802807469623  0.32604408834434401
  0.33649243296735803  0.34676655311692134  0.35711544781934301  0.36742196679663797
  0.37808679543776519  0.38899955764505151  0.39994243654071016  0.41073562570753491
  0.42146756420677972  0.43225696097137778  0.44307896804906627  0.45391293459148135
  0.46458041964438362  0.47501511999907525  0.48541887122708882  0.49586699076243668
  0.50644020767079700  0.51712546037097384  0.52784459261624395  0.53853890262929882
  0.54921941977498479  0.55987302290369523  0.57037437714546069  0.58078617374934927
  0.59121735545804588  0.60187219217400134  0.61247848917356340  0.62307044159713387
  0.63356387278809967  0.64407278917689004  0.65448401035125092  0.66485907912395537
  0.67517054765758422  0.68551949920385247  0.69576655740307758  0.70600542582367731
  0.71644197080316463  0.72687921427240210  0.73738136780933572  0.74770843381703411
  0.75845456417031243  0.76920751851085167  0.77989141169594234  0.79075975685700717
  0.80111479284802434  0.81144352255345842  0.82155333451164969  0.83190819566807095
  0.84193397795700320  0.85187817870137073  0.86189088870656894  0.87198802034573897
  0.88215524368759579  0.89233455212457313  0.90275107673971422  0.91330155894969023
  0.92389136337514577  0.93484856468013644  0.94580971217439103  0.95667563308445303
  0.96739604602702878  0.97806311369238175  0.98897466295135028  1.00000000000000000
  0.00030577026407322  0.02253956750736527  0.04116450916935784  0.05645702458430515
  0.07000382332908804  0.08261381532221880  0.09472237631899943  0.10639014354004651
  0.11756283612461749  0.12824526643529985  0.13859757888515090  0.14858439163003612
  0.15820237950634375  0.16768590272359432  0.17705473635201482  0.18629826154564394
  0.19539220088308365  0.20436648015851080  0.21320196504916386  0.22192702090141997
  0.23040698939829674  0.23858669793323764  0.24662500170750801  0.25463467032610171
  0.26262786940234883  0.27059208301112941  0.27850067079216723  0.28635609735748196
  0.29419372844985914  0.30202870547705529  0.30984539501090258  0.31750936408938618
  0.32499998066907598  0.33242610029946557  0.33983930532642209  0.34734583038784206
  0.35485318795556237  0.36229873991860823  0.36969408215075344  0.37697703752198564
  0.38419269396623729  0.39142233417594335  0.39860920312271131  0.40571353827258788
  0.41275331497122503  0.41984706946111067  0.42701449231815286  0.43420700578626148
  0.44153925397954263  0.44904984094485667  0.45662012741615460  0.46420010965408798
  0.47186839008904286  0.47954251119288505  0.48703302467329640  0.49434173307443602
  0.50168318486531738  0.50916682427896853  0.51673267340981233  0.52437702137775932
  0.53203264535905792  0.53971786570084979  0.54750359244474356  0.55535403139950124
  0.56329585507272129  0.57129108767117986  0.57927345604121538  0.58722788415870875
  0.59512744805290485  0.60318821499957420  0.61140083840384030  0.61965468941190238
  0.62802291081903894  0.63646432459986091  0.64502245738749031  0.65384069329339112
  0.66280911813098364  0.67208428323044711  0.68164728385329498  0.69144718403123240
  0.70139302382255198  0.71167377861085801  0.72232780818245479  0.73324713334864422
  0.74438600302307201  0.75581354895583552  0.76763032252422336  0.78018397031529640
  0.79363827382832919  0.80819415678766493  0.82420225986731321  0.84201204759585502
  0.86229948134000522  0.88724370001657593  0.92270279660139909  1.00000000000000000
 -0.02016975007308589  0.12216031512516624  0.16046123838769405  0.18301467959165488
  0.20071024011653588  0.21568679155285689  0.22885984866587972  0.24085715094435955
  0.25192018533759275  0.26181990424241891  0.27138582115783810  0.28025638242765066
  0.28887054375777349  0.29683670938716050  0.30450431994963173  0.31204474843956304
  0.31931309612164055  0.32641427927567279  0.33328130201114214  0.33978364092798069
  0.34611049687932671  0.35234275280510474  0.35843820025025497  0.36448560352602871
  0.37051165703735317  0.37652676976041732  0.38238983392749654  0.38815850636092464
  0.39389152785126197  0.39963345001685380  0.40537962884712586  0.41105088031447795
  0.41662651234804587  0.42217127326961101  0.42767180599964277  0.43317396188497109
  0.43863120741998329  0.44404828000231206  0.44943396683126702  0.45484535321898550
  0.46024497014211774  0.46564105248648557  0.47104075409962931  0.47642503823534965
  0.48178069004947893  0.48710103558499501  0.49237681250058518  0.49761830435047566
  0.50286893383841791  0.50811752869434879  0.51339751691405811  0.51869772000163095
  0.52398390899767477  0.52930877522999809  0.53469414497844747  0.54009758802853614
  0.54547918915568372  0.55082369840357259  0.55613317706496168  0.56145566099681743
  0.56680425175492821  0.57224997009832090  0.57778291172005958  0.58332562874288596
  0.58885870396688045  0.59436256264728549  0.59989223540080572  0.60553766827505029
  0.61134817758539250  0.61729152186313518  0.62332090551742747  0.62942514553651352
  0.63557676088555159  0.64174537664954079  0.64799972260116268  0.65445344911175751
  0.66099133236303298  0.66763953030533640  0.67444518098596362  0.68138079908746574
  0.68852490362226271  0.69598482156963648  0.70365215392720259  0.71164336735558864
  0.72011119578213567  0.72872998197013850  0.73805008342581346  0.74782862232468950
  0.75865146348201751  0.77035455718514734  0.78343260849660346  0.79837804166107340
  0.81626604039855377  0.83938255259573791  0.87716302098949694  1.00000000000000000
  2.64195241661539752E-005  -1.0000000000000000     
 T T T T T T T T T T T T T T T T F F F F F F F F F F F F F F F F
  <DiscreteSampler_grid>
  grouped_processes
  1 # 1 for a reference and 2 for a running grid.
  10 # Attribute 'min_bin_probing_points' of the grid.
  1 # Attribute 'grid_mode' of the grid. 1=='default',2=='initialization'
  0.0000000000000000 # Attribute 'small_contrib_threshold' of the grid.
  0.5000000000000000 # Attribute 'damping_power' of the grid.
 # binID   n_entries weight   weight_sqr   abs_weight
    10   10   2.327696689586526E+008   1.353204163658279E+017   2.327696689586526E+008
    16   10   2.327696689586526E+008   1.353204163658279E+017   2.327696689586526E+008
  </DiscreteSampler_grid>
