  0.00877858691867252  0.01628945676756322  0.02668757092440084  0.03750868479628228
  0.04749464843590365  0.05692729382253062  0.06606916898028627  0.07514610161388670
  0.08472696458156051  0.09489009846310993  0.10556438914722990  0.11644829398848461
  0.12716028255303527  0.13802781707445494  0.14886148264960153  0.15942127775472403
  0.16963419268732144  0.17956845958645201  0.18960519434621345  0.19940820721199032
  0.20922966480624888  0.21908460297332841  0.22900831793085089  0.23864917368179656
  0.24808593019465316  0.25759150500880101  0.26720184023786564  0.27682439669741288
  0.28647120993027791  0.29641088221927953  0.30674634587478145  0.31794501013417348
  0.33002994919176915  0.34208549373438507  0.35381564777352953  0.36529028516206169
  0.37651349227299424  0.38758314781755276  0.39861747679298515  0.40959832112816380
  0.42022522702560083  0.43036238633380497  0.44040754515678532  0.45069125346739841
  0.46104615812540556  0.47141114928598471  0.48167475569789620  0.49208720419101559
  0.50288598709692767  0.51394353674115301  0.52509017314731221  0.53629155203451750
  0.54682808981220099  0.55672746963749931  0.56754766413964075  0.57904493795526724
  0.58964053263647631  0.59949990582089963  0.60943897636532485  0.62017674533926503
  0.63070433654432700  0.64121852753108588  0.65215987860644786  0.66324378937267880
  0.67368140612497796  0.68355956635162574  0.69400133810255726  0.70414582775796120
  0.71432972302547859  0.72440140190952806  0.73447464234423410  0.74493034411154480
  0.75552269344563872  0.76698016398528679  0.77794881869236421  0.78834344975950699
  0.79933423299053308  0.81022854427513014  0.82172127391671224  0.83350963755921803
  0.84567560393260011  0.85748866426485326  0.86841483954884924  0.87952599900139783
  0.89051888672556823  0.90112230189516707  0.91105359358504601  0.92110424454797923
  0.93159109123653061  0.94211578748341440  0.95247400660516190  0.96261171049198080
  0.97291012272883282  0.98271290580013226  0.99132174705565235  1.00000000000000000
 -0.00041336323099794  0.00255991884407151  0.00434739075270990  0.00646050206561612
  0.00898678460933628  0.01192786891192609  0.01527893016543150  0.01904111695824458
  0.02312917134752794  0.02756426697410260  0.03231078536439046  0.03736307356480869
  0.04279329105219205  0.04841704279356222  0.05413371893791120  0.06010139936445391
  0.06640614732494672  0.07305456193969539  0.07980409407849204  0.08646905772250350
  0.09351532358504050  0.10096047689790713  0.10853613683532383  0.11606787758767501
  0.12385424879501677  0.13202859938984363  0.14038649897192138  0.14903313665721804
  0.15759330906667163  0.16622964797231868  0.17481298734645853  0.18354407368743020
  0.19285014216573534  0.20266136585430547  0.21277529400868922  0.22298564300428364
  0.23322075096878422  0.24359642780432889  0.25415680487989073  0.26484634620804703
  0.27567480891703289  0.28657148916237690  0.29734603084961331  0.30794880294881005
  0.31864104736299242  0.32943675866745475  0.34035454841627971  0.35182582379051280
  0.36331543444414982  0.37546550461147382  0.38776254354382095  0.40035756020314051
  0.41340494869433808  0.42680525035213235  0.44029352691665274  0.45356903472632831
  0.46628221787851776  0.47808620425332493  0.48993904870028820  0.50208050048254715
  0.51442013683076881  0.52691406907843474  0.53944787393632754  0.55204982153248183
  0.56514755819935203  0.57901078959885199  0.59249941850101018  0.60572446864049123
  0.61844149952380323  0.63105348133413397  0.64421803557228108  0.65778745483411394
  0.67213455618518925  0.68691423402815877  0.70124970367186712  0.71519839268980212
  0.72906679475010328  0.74295853695126834  0.75691600298850625  0.77143790793546929
  0.78622983820367098  0.80108385937842175  0.81575393959312603  0.82992741476046905
  0.84379043905107987  0.85729490696380550  0.87107508587824689  0.88524547887910332
  0.89976530342011019  0.91453350865938243  0.92929399884856334  0.94368809641748219
  0.95770929987720876  0.97167184340618562  0.98576508270426855  1.00000000000000000
 -0.00211484462317061  0.00880317408264305  0.01804341954883532  0.02789167739802111
  0.03836547000001501  0.04887549720453038  0.05918951337284329  0.07025956686632008
  0.08183996267986535  0.09324751359171006  0.10472565716820471  0.11605666145307955
  0.12717141829471276  0.13702987659607635  0.14672211664038143  0.15632782590988040
  0.16643068289862889  0.17706117882357483  0.18773216450544378  0.19796394072639803
  0.20782706105212623  0.21753016412165027  0.22724356445110394  0.23667787097774340
  0.24607630779195575  0.25589947425256943  0.26608682423441526  0.27628565952762674
  0.28698346328223456  0.29739643296350071  0.30752205606870148  0.31757709916621712
  0.32816825313500092  0.33933451087378885  0.35027275683329417  0.36179232024761782
  0.37365275805483250  0.38576704832567477  0.39688089146188493  0.40665294132400548
  0.41628962539918835  0.42606458067392655  0.43577446722859897  0.44497780960185301
  0.45374894728158227  0.46329288446672118  0.47507172944643944  0.48703066837899645
  0.49926238031855236  0.51150904163900379  0.52354037718874757  0.53508836988371011
  0.54615209018625344  0.55730511384800863  0.56839291226480171  0.57919219430457636
  0.58959784468306520  0.60014849729256725  0.61083707061347914  0.62153195050261922
  0.63237941699946354  0.64345091006485455  0.65422525059299586  0.66467841070344758
  0.67470321714434001  0.68485108804096972  0.69488190993906007  0.70485643074726678
  0.71546234214662607  0.72544779898622846  0.73641946049890628  0.74771543854833300
  0.75965170923268210  0.77192175644286698  0.78379228183471128  0.79521369346441895
  0.80633492158462561  0.81772400279971325  0.82910380873199474  0.84031299442329488
  0.85103152781341618  0.86118000164608255  0.87119026339905181  0.88117925420332865
  0.89111281945692611  0.90109184918061147  0.91041615412884036  0.91999687047466505
  0.92981793783842503  0.93999097787068209  0.95063487252660328  0.96100272317381874
  0.97092579850331884  0.98061743847627214  0.99015866568606092  1.00000000000000000
 -0.00211522094667721  0.00801876766565108  0.01725317283941710  0.02668007169922663
  0.03623241037640743  0.04598227848884294  0.05615113207922705  0.06674058420544521
  0.07674553754318636  0.08642718914020878  0.09623562795085036  0.10630449471320264
  0.11641329151847354  0.12616272896698241  0.13525266542299866  0.14408778264799993
  0.15328455459439869  0.16303513822184992  0.17324904645272959  0.18362174097673012
  0.19446193999241893  0.20588517673243248  0.21754223393225092  0.22930769954860319
  0.24094658799176685  0.25274358856604551  0.26480105317552749  0.27637432904757969
  0.28736712820448312  0.29812995655586688  0.30887486965158834  0.31987213484681137
  0.33138832294533077  0.34374287443360740  0.35634049686754982  0.36835214941828986
  0.37947023881214959  0.38967506806793617  0.39995088836805259  0.41088428140078836
  0.42171637524012684  0.43195547022074215  0.44173285447057353  0.45133207986895840
  0.46089429040122565  0.47040103682893553  0.48050524055824356  0.49132223749157511
  0.50199427362869209  0.51216067571136714  0.52254037047866542  0.53334400937374749
  0.54454036855473098  0.55586477850987714  0.56703957067962063  0.57808225047833695
  0.58908207379397992  0.60007522534857827  0.61132266448072448  0.62236406629767060
  0.63385403857684364  0.64504917140981011  0.65591819374156446  0.66665809671933007
  0.67735176881753678  0.68831687588110524  0.69993848324474661  0.71192665279062428
  0.72363245996967174  0.73469019791172119  0.74552293982268314  0.75673394505097524
  0.76840103058432829  0.78029389394038751  0.79188654625496269  0.80241302932166048
  0.81228068897182593  0.82196483054073255  0.83190465632216282  0.84172617719571841
  0.85113896844610393  0.86066742297809540  0.87060895696349005  0.88060867078776195
  0.89024809807187211  0.89994167690903182  0.91020854821636643  0.92056566430012965
  0.93089084829839297  0.94110370501431984  0.95139601314858124  0.96182612269324619
  0.97172653262828723  0.98164308141789369  0.99103398674454568  1.00000000000000000
 -0.00252401187730978  0.01114663037461737  0.02322589405627148  0.03556928597429830
  0.04761379614501154  0.05876747438440853  0.07058415346874214  0.08236318735179377
  0.09366541628219117  0.10523219963945335  0.11701421834880749  0.12861357247665822
  0.13969711016554151  0.15006858335802803  0.16007528219487724  0.17017122808021928
  0.18036272721682892  0.19038974746655740  0.20029190873021216  0.21056227675880351
  0.22111302462468599  0.23103788713650322  0.24027292620321763  0.24968803759065070
  0.25949822061904626  0.26952034442429051  0.27956741736585616  0.28957978114230326
  0.29969838820601741  0.30996481374345436  0.32014217016953445  0.33029603632939719
  0.34030610666958599  0.35027799334860182  0.36097277218391283  0.37183869747273895
  0.38334213780558068  0.39481163354448018  0.40651129008584741  0.41816353331103229
  0.42968676444819726  0.44092681552879459  0.45206619251090385  0.46385878357565130
  0.47581696846547750  0.48730222721989708  0.49884243238693798  0.51093134797143114
  0.52326214136867799  0.53524081147903624  0.54577777237002256  0.55547866678589464
  0.56533881100945960  0.57574621553154448  0.58584431428555306  0.59535354139835872
  0.60489023488912363  0.61547914274699955  0.62598831237598984  0.63566347357468200
  0.64515724555393184  0.65531645389599691  0.66564253827552888  0.67575061787922963
  0.68566751089432654  0.69620860962804576  0.70692462655460153  0.71710394770249397
  0.72721276247484901  0.73743435471433316  0.74759112274568496  0.75747913364292152
  0.76761121849024538  0.77882564530995479  0.79001085156228823  0.80040801007780826
  0.81068262101374311  0.82065855379384101  0.83012422182351442  0.83956439954654005
  0.84928492075437045  0.85953707628070875  0.86974109687341050  0.88055739864723914
  0.89171537361182041  0.90197269340858499  0.91172236955775376  0.92178323488203107
  0.93212081896637466  0.94219863814148108  0.95226505525739791  0.96250865809585329
  0.97276122441524648  0.98224592850648651  0.99117186858412110  1.00000000000000000
  0.00021963010223097  0.04713345905094830  0.06611122692191714  0.08008685171399525
  0.09189539605161019  0.10211946277470195  0.11116144768146453  0.11943781686355141
  0.12760504510286466  0.13572514690973816  0.14378405104383704  0.15158967570483015
  0.15914492996956983  0.16654535943832599  0.17397051004766684  0.18142291289311416
  0.18878745466004465  0.19590225150148241  0.20267515249350182  0.20954015393541570
  0.21617043178701828  0.22326119285079071  0.23032338313733910  0.23733274337809893
  0.24427423680487156  0.25083221406033662  0.25727781002900402  0.26355952337258992
  0.26990408792019649  0.27677258746864031  0.28366623946435982  0.29037668861030036
  0.29664005116369246  0.30277703528729150  0.30907927909241795  0.31573263630461829
  0.32250367372001981  0.32939686441327942  0.33596013744959280  0.34238126815765862
  0.34883712002826162  0.35530355787038354  0.36183312752322738  0.36842347508012435
  0.37510341712091988  0.38186192847705397  0.38866830182276457  0.39559870821137816
  0.40299276050324961  0.41096375431803922  0.41898573112524801  0.42700987761622217
  0.43477580297129237  0.44253961899797650  0.45040326633844163  0.45828606797916316
  0.46561796653609400  0.47273233892001026  0.48012625168805728  0.48766022603817522
  0.49535840644931256  0.50314953679681718  0.51104745647173255  0.51916726502991406
  0.52770887343550044  0.53646241343090884  0.54505152981032468  0.55365555743180206
  0.56237561749013532  0.57084925088116778  0.57918412707808631  0.58749947255287382
  0.59606761453726054  0.60506218717512861  0.61464792615232766  0.62432888974010237
  0.63491530670492335  0.64578569411468534  0.65712602030472866  0.66839092467738292
  0.67999298860155721  0.69140671280728738  0.70284317898319559  0.71415608614273929
  0.72584495194027610  0.73904368431653666  0.75329821852357859  0.76743255743676275
  0.78184647999637225  0.79719296839718523  0.81431953647738309  0.83401940377817818
  0.85657590548251628  0.88406112921114555  0.92383238054446715  1.00000000000000000
 -0.01873182803995451  0.14427690821193762  0.19722612671700021  0.23049472664398959
  0.25623466921921079  0.27785615161792965  0.29829958707999377  0.31634054525534577
  0.33121031153332448  0.34415107293852876  0.35619816340842336  0.36777785200031560
  0.37858337205139603  0.38927821613861513  0.39936893933165796  0.40881912467753839
  0.41783347353812272  0.42621783597868701  0.43464348756944476  0.44294181741859756
  0.45097194548829117  0.45893661173767941  0.46681131715063845  0.47457841727006683
  0.48199318712983591  0.48928633584224795  0.49635446234241948  0.50332851076462704
  0.51012794956875562  0.51670512846319383  0.52308929548508498  0.52922558682511045
  0.53513917808704214  0.54096209411239726  0.54672589851669873  0.55255286185098362
  0.55860994433331634  0.56488900124809216  0.57133844410186951  0.57774188777385094
  0.58371587164532124  0.58930248387655548  0.59460505310805167  0.59985853611529427
  0.60512992806689814  0.61021845887789028  0.61541331917900866  0.62066944038604499
  0.62585561003595125  0.63104668211029546  0.63615228034777904  0.64104217416734344
  0.64585008508062158  0.65068865566114242  0.65561246984130850  0.66064260142036157
  0.66578060386632898  0.67103532952401990  0.67626758382819896  0.68140768724455725
  0.68637274134391668  0.69113018392360337  0.69588687894345769  0.70073771534499152
  0.70574143136259526  0.71055657028630881  0.71510837432954988  0.71970758697172477
  0.72429224201913078  0.72896404329975151  0.73358664075853108  0.73821579107838786
  0.74285355219762894  0.74752828560469720  0.75238697838204194  0.75742340529297025
  0.76248597122686324  0.76759571534782467  0.77288812858973233  0.77883895049379048
  0.78463824369217039  0.79049679913884874  0.79668775662968105  0.80326307135400610
  0.81012167602827834  0.81756415244456682  0.82572007244634493  0.83388225673250937
  0.84238852092554173  0.85129965268424579  0.86163635579054176  0.87303104625920824
  0.88661688889898083  0.90506942824908654  0.93516547566846842  1.00000000000000000
  1.98774627282840010E-006  -1.0000000000000000     
 F F T T F F F F F F F F F F T T F F T T F F F F F F F F F F T T
  <DiscreteSampler_grid>
  grouped_processes
  1 # 1 for a reference and 2 for a running grid.
  10 # Attribute 'min_bin_probing_points' of the grid.
  1 # Attribute 'grid_mode' of the grid. 1=='default',2=='initialization'
  0.0000000000000000 # Attribute 'small_contrib_threshold' of the grid.
  0.5000000000000000 # Attribute 'damping_power' of the grid.
 # binID   n_entries weight   weight_sqr   abs_weight
    16   10   6.211001919950193E+005   6.081291643453381E+011   6.211001919950193E+005
    17   10   6.211001919950193E+005   6.081291643453386E+011   6.211001919950193E+005
    22   10   6.244281140001992E+005   6.156075550073988E+011   6.244281140001992E+005
    23   10   6.244281140001991E+005   6.156075550073995E+011   6.244281140001991E+005
  </DiscreteSampler_grid>
