  0.00001714875396789  0.00004065935228145  0.00006584652466380  0.00009061017266079
  0.00011763392696277  0.00014451839109846  0.00017002852367346  0.00019437121381385
  0.00021807924702233  0.00024162509898808  0.00026360348068608  0.00028623291662864
  0.00030933857652838  0.00033270769050305  0.00035633274983282  0.00038036162780356
  0.00040474320909752  0.00042941909948941  0.00045478414621092  0.00048106366230590
  0.00050853637246436  0.00053687964685961  0.00056569728809108  0.00059496626896089
  0.00062469944806978  0.00065480289003372  0.00068595625306913  0.00071796585850364
  0.00075088406801636  0.00078440900989389  0.00081872155251076  0.00085379984095119
  0.00088973554461094  0.00092671603315650  0.00096496923217780  0.00100417528627365
  0.00104483311235364  0.00108659961020271  0.00113005791873729  0.00117546058413182
  0.00122155114263949  0.00126887357742373  0.00131785295801449  0.00136847451021035
  0.00142118991032242  0.00147583376326238  0.00153216020636392  0.00159220059910272
  0.00165491491616576  0.00172020649754964  0.00178907453874787  0.00186036003314805
  0.00193536779746334  0.00201333116913716  0.00209406472366307  0.00217732069020901
  0.00226285744169537  0.00235108368014631  0.00244381019763356  0.00254045576561842
  0.00264577972042984  0.00275684405952927  0.00287537040644503  0.00300225018615156
  0.00313681730944344  0.00327978748954377  0.00343104048553066  0.00358966651904631
  0.00375723828871794  0.00393411905292234  0.00412207033752111  0.00432643393239183
  0.00454602962415046  0.00478668788449442  0.00505640398978191  0.00534640982647145
  0.00565376129543985  0.00598737292958744  0.00634663614498885  0.00674203766915793
  0.00718264548389545  0.00767757018533163  0.00823045770055509  0.00886116179163737
  0.00958078423962975  0.01040318709580960  0.01136443944028379  0.01248286348467947
  0.01381723339256291  0.01541766805717202  0.01752122594471376  0.02019799215131638
  0.02383276192512499  0.03029348420293718  0.69211594410981336  1.00000000000000000
 -0.00234715351465713  0.00932058557836343  0.01917484272517875  0.02953400266217891
  0.03995497484942735  0.05054185606412549  0.06082987508867879  0.07128253366420512
  0.08178264111144526  0.09256269701894797  0.10324510411486632  0.11411673097242385
  0.12478980304590351  0.13576226957835422  0.14661002458460370  0.15740295940999952
  0.16828735748193951  0.17893595021024616  0.18971192168979015  0.20023790591046223
  0.21090329232253630  0.22151830110234536  0.23240448047450316  0.24351139884430856
  0.25460675014521084  0.26571668542260807  0.27633740845385296  0.28681152768289780
  0.29714651309436779  0.30773235091824458  0.31817343673909770  0.32848047197027241
  0.33883001245766481  0.34932251089209693  0.35970351232818409  0.36994676727901826
  0.38003808277212708  0.39025761115980462  0.40078634941736763  0.41171680675502798
  0.42233407262278744  0.43271424427085520  0.44314472737961474  0.45382046593358510
  0.46432127484122560  0.47489340542783282  0.48565812247529694  0.49627110341534303
  0.50661836103450331  0.51686474874859079  0.52732250073044040  0.53769752734476228
  0.54803332626488277  0.55839621414088791  0.56876778781152715  0.57906585749834627
  0.58917970247835827  0.59943015676698719  0.60984614702739393  0.62061153254095835
  0.63138005277185094  0.64219000894874678  0.65297309022582828  0.66371357164318601
  0.67435122909219780  0.68482554807975393  0.69535577315909991  0.70590912175904397
  0.71645809098960556  0.72699647577513293  0.73745026716886164  0.74784098704961954
  0.75810424860052905  0.76837386909622962  0.77875420505604731  0.78923561311231039
  0.79977941447491918  0.81036828875659761  0.82069207031856939  0.83095413177650079
  0.84132028952976901  0.85168949541241690  0.86206462914354298  0.87243014737097102
  0.88312444395393586  0.89373730405298679  0.90409934224308230  0.91428715653083803
  0.92470612344023229  0.93525583923272626  0.94600160983141501  0.95686988670657325
  0.96768020987567893  0.97863125870809997  0.98923229548324387  1.00000000000000000
  0.00020003690841553  0.02296318491521106  0.04159611987308928  0.05694306854943947
  0.07075277120255266  0.08362587838966280  0.09572422299285877  0.10713012333877715
  0.11802116930543258  0.12858669265411413  0.13893570685143602  0.14897736150471699
  0.15866398095990680  0.16813496672028255  0.17738497168139933  0.18641807329130483
  0.19528543761492367  0.20415344286845843  0.21294444486077924  0.22166154536394025
  0.23019823135062484  0.23856604389544336  0.24688374050778328  0.25511195262714004
  0.26320357449811771  0.27114886849321118  0.27894220397983233  0.28665183475344269
  0.29433845865804409  0.30197456580884824  0.30960480309953642  0.31724669863901123
  0.32495279883680706  0.33248109835567241  0.34001334440722691  0.34748669473688865
  0.35505508271108471  0.36271720927943851  0.37034725383396577  0.37787454871354337
  0.38536782008707560  0.39279310206688556  0.40029131173127652  0.40778238175013032
  0.41521583292634057  0.42264422057665330  0.43007060705903383  0.43755091241838573
  0.44505922834793477  0.45252575475970958  0.45999774617678524  0.46734170143390918
  0.47460703068462406  0.48189368631423185  0.48910712330326717  0.49640113570226985
  0.50376086953392984  0.51125803388576230  0.51883131886741629  0.52646916609914107
  0.53418144066665985  0.54190595795130458  0.54961336376610215  0.55728803328274634
  0.56495053493859548  0.57266405852821567  0.58043323186475593  0.58830714910120674
  0.59630434102936070  0.60439077975963462  0.61272826777180223  0.62114701528103411
  0.62989612561287389  0.63886035847374867  0.64795998458559056  0.65708235218369015
  0.66632214255326327  0.67594002103634276  0.68575324381132796  0.69557623133973612
  0.70536005911807964  0.71537734730969638  0.72585104922318011  0.73666474500535206
  0.74774292507163431  0.75901195732700988  0.77077100119979869  0.78340076731414543
  0.79676025188712996  0.81127401585482117  0.82742413742321508  0.84498958498194232
  0.86454713934452310  0.88871906721463734  0.92415591427145960  1.00000000000000000
 -0.02097508669322715  0.12225658881477480  0.16035392133367962  0.18292994078563338
  0.20040545696220291  0.21506226989076260  0.22820381584725224  0.23997745473354659
  0.25092370971421668  0.26089029337802949  0.27040476362248839  0.27939476386511009
  0.28803828154647154  0.29626492060446707  0.30410563133707535  0.31175890863996097
  0.31901335797673208  0.32611568996616158  0.33307282213206618  0.33981991234340991
  0.34648526763581949  0.35302468493472566  0.35932936132529425  0.36552247958320877
  0.37167526144685481  0.37771000697462687  0.38362100188384990  0.38946177056855352
  0.39524641992978438  0.40097017460924600  0.40664526752750774  0.41227818727113474
  0.41786194626369300  0.42341058068835691  0.42897228646946189  0.43456204088864464
  0.44002532826935536  0.44543047715255429  0.45078747649096557  0.45614232459254833
  0.46149751439972642  0.46681324718047390  0.47207134315644417  0.47730544007556958
  0.48255647797616807  0.48781686621616527  0.49305759617732559  0.49830936511288842
  0.50352266789755507  0.50881478142288428  0.51408957668919797  0.51933365833040090
  0.52451362843441629  0.52966043023653520  0.53482456248790144  0.54001983286113420
  0.54522880215577962  0.55043664793769576  0.55564877844152882  0.56088474941061728
  0.56615588303589093  0.57147804847380923  0.57691803732221325  0.58236081152253827
  0.58794212945169300  0.59352421676611522  0.59909266946982653  0.60473282721523736
  0.61048715648347718  0.61633760603248289  0.62220898848164219  0.62812044480787055
  0.63412482182117214  0.64016770887648111  0.64634483549004607  0.65268074595865710
  0.65910789304670681  0.66564324974396738  0.67240883892901815  0.67942927921656993
  0.68664840572187047  0.69430187893933493  0.70218315176052248  0.71027198698721572
  0.71891338370403668  0.72770174134299059  0.73739173806351588  0.74760927960725110
  0.75873190982190120  0.77061289713384451  0.78369253933672400  0.79849216561788461
  0.81645857926017051  0.84011384115565046  0.87882172713922768  1.00000000000000000
  2.67944447849707306E-005  -1.0000000000000000     
 T T T T T T T T T T T T T T T T F F F F F F F F F F F F F F F F
  <DiscreteSampler_grid>
  grouped_processes
  1 # 1 for a reference and 2 for a running grid.
  10 # Attribute 'min_bin_probing_points' of the grid.
  1 # Attribute 'grid_mode' of the grid. 1=='default',2=='initialization'
  0.0000000000000000 # Attribute 'small_contrib_threshold' of the grid.
  0.5000000000000000 # Attribute 'damping_power' of the grid.
 # binID   n_entries weight   weight_sqr   abs_weight
    10   10   3.673999636880035E+008   3.619908113004906E+017   3.673999636880035E+008
    16   10   3.673999636880034E+008   3.619908113004906E+017   3.673999636880034E+008
  </DiscreteSampler_grid>
