  0.00003424165333262  0.00006003622113159  0.00007829183915863  0.00010595966360362
  0.00013323925081069  0.00016085232556425  0.00018792842776022  0.00021372688435182
  0.00023822178440491  0.00026021810340337  0.00028329124478257  0.00030698612364165
  0.00033090716800886  0.00035484794590261  0.00037886212872251  0.00040290696645437
  0.00042755611044734  0.00045219848968176  0.00047775606618669  0.00050420889992236
  0.00053109163315336  0.00055866299390851  0.00058687230721656  0.00061622713928428
  0.00064618031667060  0.00067647019538047  0.00070790804792240  0.00074013518596294
  0.00077272617037519  0.00080564452425831  0.00083909403713338  0.00087346530510688
  0.00090905623313112  0.00094587558776649  0.00098422659417956  0.00102416662530053
  0.00106567714664912  0.00110800538965307  0.00115138868340348  0.00119540632402941
  0.00124077113059785  0.00128749489537602  0.00133527231599950  0.00138465518861976
  0.00143565182633857  0.00148803021229961  0.00154271687068684  0.00159920785927677
  0.00165790228048080  0.00171870245652944  0.00178278543537282  0.00184975647523882
  0.00192156098784855  0.00199562086073033  0.00207171024148542  0.00215004043419267
  0.00223190075664034  0.00231657040523187  0.00240787378576608  0.00250297082246947
  0.00260508757478337  0.00270983752372972  0.00282098712068633  0.00293730542847770
  0.00306428214804303  0.00319610343880568  0.00333324260116111  0.00347925368883874
  0.00363434755716046  0.00380251891167426  0.00398191243296779  0.00417810409418085
  0.00439295832439859  0.00461387981879917  0.00484647312251555  0.00509257934223217
  0.00535486317057760  0.00561937094468966  0.00590498236808478  0.00621750609036173
  0.00658566100092959  0.00700066483547299  0.00750125898150222  0.00809246408103461
  0.00874515334748236  0.00946509376547047  0.01032526803151788  0.01132754343741634
  0.01246021261816165  0.01369836697659466  0.01516143854866048  0.01679516491588615
  0.01919298784290196  0.02224474313504782  0.44044374725591667  1.00000000000000000
 -0.00236326095102227  0.00899014646143217  0.01907022678021852  0.02965673122851971
  0.04030742056136084  0.05124274387719967  0.06227669259370026  0.07332191406778685
  0.08449658316692527  0.09596911411830610  0.10727063110078286  0.11828747388267324
  0.12910860092443818  0.13972222858708588  0.15053212599496843  0.16100197876966899
  0.17130327149892213  0.18128993757634027  0.19145816714851385  0.20159614378576454
  0.21152714076078213  0.22143670189377701  0.23164122353774763  0.24233222232555424
  0.25294438855087231  0.26349798393567453  0.27366854626435827  0.28392880571645740
  0.29422585722166067  0.30481459040641318  0.31565340327544883  0.32647586974711718
  0.33715199530712614  0.34781647795731452  0.35852970498581810  0.36923341371985718
  0.37949875180582132  0.38956486253840938  0.39978014081417756  0.41026728737816337
  0.42062850296249715  0.43098497127901308  0.44124299753984197  0.45166756146977621
  0.46194863120375679  0.47222801300474593  0.48256882047345073  0.49321879607579466
  0.50363283850638918  0.51375186377753435  0.52379425469473084  0.53427378284450322
  0.54504203340022306  0.55603906091363053  0.56663466306112975  0.57729259816104483
  0.58815623471235823  0.59917365026987046  0.61016762675613290  0.62082667672434622
  0.63129280807531507  0.64215601203654926  0.65242162235983703  0.66257417586030876
  0.67235639643564715  0.68235091797535996  0.69262111925103587  0.70321139434738889
  0.71398435777463976  0.72559101564326789  0.73713613125917388  0.74894516035570979
  0.75990610291139526  0.77139244411117303  0.78245252176228397  0.79352404548001920
  0.80364455332522577  0.81404447738185204  0.82435858031427811  0.83480761959375982
  0.84491968588089839  0.85496899055603748  0.86484347189830635  0.87476119168750355
  0.88452957690989609  0.89444315676764308  0.90445601806143050  0.91481219893095778
  0.92531769067590997  0.93588914816704349  0.94630626801398099  0.95669042969539075
  0.96745154179058501  0.97832251921222091  0.98928322443455941  1.00000000000000000
  0.00007150346930269  0.02316765090711545  0.04195919780589849  0.05760190652492508
  0.07172460918359404  0.08487497679724075  0.09736596117884959  0.10914021489178036
  0.12032284978016136  0.13091869115401314  0.14107888542368663  0.15104170985877019
  0.16079390601869264  0.17042221553720405  0.17975472658921465  0.18883919722335096
  0.19771191046696876  0.20655057526231554  0.21541396814173361  0.22416826646993621
  0.23264342845095104  0.24091604958788446  0.24914893126559001  0.25728241864128332
  0.26535318396198249  0.27329758487598821  0.28104912626618317  0.28865813949866959
  0.29616579081349786  0.30359253191856528  0.31101114024141885  0.31855756894125109
  0.32617322155600620  0.33377910426027391  0.34160111048741493  0.34933679773641285
  0.35701392665563736  0.36462381259910231  0.37221348175017382  0.37976418307531168
  0.38726650716516453  0.39478076459168054  0.40228755968830088  0.40967515490770340
  0.41687276992630684  0.42384907693259932  0.43080752492380192  0.43801191561964126
  0.44530183727476225  0.45261459090993689  0.45983511223012963  0.46700639668151200
  0.47419919343613587  0.48134931578448770  0.48865114869255888  0.49580461647729490
  0.50326248148402453  0.51076791873800365  0.51839963880219164  0.52597807022820342
  0.53344886810055980  0.54102576535624647  0.54876849315308263  0.55668694176271860
  0.56469998537764399  0.57270523491003866  0.58069686944837506  0.58875767189915973
  0.59701554533730161  0.60537156940892545  0.61375291117691688  0.62201260352381427
  0.63056665353872188  0.63909485716701375  0.64796865568338369  0.65702570638665936
  0.66610607153747126  0.67598984370018089  0.68605291406758795  0.69602200823211213
  0.70595384397802585  0.71581444831523677  0.72582315389861252  0.73619733296317236
  0.74698708452833162  0.75864940059336616  0.77092835857789777  0.78378748086619954
  0.79739133679413676  0.81191915182672392  0.82767020778925182  0.84475774581934837
  0.86461988056757000  0.88884155188558389  0.92408540992043375  1.00000000000000000
 -0.02011020737883337  0.12132930113090790  0.15937825103425202  0.18245086716790229
  0.20066348338821896  0.21608538452694875  0.22923992014132361  0.24054378402058432
  0.25095406143156251  0.26090517520321588  0.27055735236982592  0.27957626180632017
  0.28829115007957618  0.29661463969810220  0.30458986958711270  0.31240357543692265
  0.31971619342319840  0.32688988500010474  0.33391193372854666  0.34074417309754290
  0.34740357893337859  0.35376925925600533  0.35996223548290218  0.36616612870622939
  0.37244712896394450  0.37865689115376461  0.38468790020434918  0.39057773196908352
  0.39632079649564728  0.40187405807068644  0.40734015368342408  0.41279229110497961
  0.41817080262216005  0.42341866061682776  0.42865912736953898  0.43388954764156318
  0.43908043591225282  0.44424450697065249  0.44933044343911233  0.45441128517500284
  0.45954757877983987  0.46467151106049281  0.46969188067932233  0.47465301302301893
  0.47962233307854529  0.48461558072241306  0.48971793452862417  0.49489331628569772
  0.50002520175123100  0.50521172607222131  0.51039161655485177  0.51558242018698053
  0.52075462302655573  0.52606825633059451  0.53141679930889307  0.53680030447397498
  0.54226480256843890  0.54780985921128311  0.55343089218187935  0.55908685122818480
  0.56462855080690577  0.57026213385142310  0.57591102106902270  0.58158095533659104
  0.58728272009073434  0.59305464516867523  0.59887070471845161  0.60480743739512366
  0.61084630922997651  0.61693000826806510  0.62313470799359727  0.62940145545030701
  0.63572638256562475  0.64208493023421032  0.64850745057864312  0.65494492438412522
  0.66140226796563595  0.66801023936913539  0.67491349097957287  0.68200653775204589
  0.68938195544572478  0.69696504267219095  0.70468045080230690  0.71281431182788169
  0.72139299489118547  0.73037169050310524  0.73993237228848008  0.74982815560985583
  0.76067093412003683  0.77229037542606993  0.78500890451232264  0.79972925828735664
  0.81719039621443612  0.83998290390185204  0.87890522396210924  1.00000000000000000
  1.23934075320628881E-004  -1.0000000000000000     
 T T T T T T T T T T T T T T T T F F F F F F F F F F F F F F F F
  <DiscreteSampler_grid>
  grouped_processes
  1 # 1 for a reference and 2 for a running grid.
  10 # Attribute 'min_bin_probing_points' of the grid.
  1 # Attribute 'grid_mode' of the grid. 1=='default',2=='initialization'
  0.0000000000000000 # Attribute 'small_contrib_threshold' of the grid.
  0.5000000000000000 # Attribute 'damping_power' of the grid.
 # binID   n_entries weight   weight_sqr   abs_weight
    10   10   1.362147686711636E+008   2.536473232520690E+016   1.362147686711636E+008
    16   10   1.362147686711637E+008   2.536473232520692E+016   1.362147686711637E+008
  </DiscreteSampler_grid>
