 -0.00043920207149888  0.00246103159697787  0.00421767967557337  0.00611008338074407
  0.00840571477745907  0.01107799198149147  0.01408050829381347  0.01726198223214341
  0.02073107211434935  0.02462596395273777  0.02878566694370744  0.03309905917538478
  0.03770079342035002  0.04265039237090323  0.04789827650782735  0.05322581257710012
  0.05898089254718347  0.06510802096833122  0.07133999100130434  0.07779891894122704
  0.08466708261625895  0.09176933845566042  0.09889686800743218  0.10613497697387876
  0.11351936013609903  0.12116921210217871  0.12908067380191396  0.13709624724282413
  0.14558825531545611  0.15442305661772798  0.16356036275415542  0.17270252659061508
  0.18184984701956752  0.19125971908396397  0.20093004645551524  0.21085680379554825
  0.22109694837863275  0.23155207275404979  0.24222596693510368  0.25299955893767984
  0.26399962923374953  0.27496046912893524  0.28596004558458143  0.29716169009553128
  0.30844879346994042  0.32056141391945364  0.33263208739733441  0.34476094817219949
  0.35684137054844711  0.36883241732530159  0.38081366013892298  0.39279333847013914
  0.40528204072580976  0.41829412065386790  0.43152823995216988  0.44501384203714445
  0.45873703509086639  0.47270943975035817  0.48668034972663926  0.50074315649509626
  0.51471968831182979  0.52870422496214498  0.54297802115372029  0.55758050162265893
  0.57213215057702771  0.58670239194973006  0.60113073664521577  0.61544048620239966
  0.62957409769439465  0.64355329332875777  0.65742614096495100  0.67122476055533953
  0.68494511580995654  0.69880361688338333  0.71268138142293569  0.72664063421742120
  0.74076451230691698  0.75493369860969783  0.76894912882458410  0.78292551863539417
  0.79677140489711729  0.81063928078133984  0.82446858435305836  0.83836613542643690
  0.85239901163272158  0.86627101080987279  0.88002261035219320  0.89361142094924051
  0.90712344350693286  0.92059939775183031  0.93402897861663203  0.94757776932628668
  0.96083685398131380  0.97398971782335897  0.98706435717744467  1.00000000000000000
 -0.00217956909447842  0.00966271688435772  0.01982234399047899  0.03055452407142439
  0.04150298821547112  0.05215398509765105  0.06270760698162649  0.07216126194845948
  0.08169325263865543  0.09129671991711084  0.10108089349887775  0.11088874105944521
  0.12097175073060333  0.13094317483857376  0.14098864627272051  0.15099799884459633
  0.16106416679405730  0.17118995822194119  0.18140203517771433  0.19214336722229813
  0.20333544832683453  0.21456202488373996  0.22554986051820022  0.23618069010845588
  0.24681814349826370  0.25737973501186701  0.26768154727269522  0.27823833957265331
  0.28861643886050148  0.29919043566015918  0.30987801443947183  0.32062069422649014
  0.33108507825193706  0.34099819239072976  0.35082333453765363  0.36076373741268419
  0.37079493229665450  0.38120329911411011  0.39148471752995651  0.40167215773965226
  0.41188037685660506  0.42255048996891659  0.43358024866516898  0.44446742243456094
  0.45499766563958849  0.46537029127640772  0.47580131555479294  0.48657427901545769
  0.49768699076747963  0.50882566526154049  0.52018297754008325  0.53144267975804460
  0.54276501039455238  0.55416043939103354  0.56556529545759315  0.57680478389364886
  0.58751047903734233  0.59801975606162694  0.60840671590643636  0.61887366579666914
  0.62982887850279756  0.64128860498886020  0.65275186694417797  0.66428050935189464
  0.67515371969609783  0.68567748754924263  0.69579150643945764  0.70587436083450050
  0.71638417119078679  0.72712839111637673  0.73811566764123493  0.74909682657813992
  0.75957781330595486  0.77000104558436744  0.77992686322639559  0.79013652685433455
  0.80061757009994661  0.81118737935182139  0.82197893347315598  0.83320430598240314
  0.84459827155190836  0.85600084472946425  0.86718045861801973  0.87829684155095211
  0.88930903276662365  0.90042487779552938  0.91173732528350304  0.92241381900144392
  0.93285476044321369  0.94285999711804880  0.95295305803430774  0.96243775454333180
  0.97180672407440494  0.98095431248301856  0.99046170337645334  1.00000000000000000
  0.00128738914290938  0.01584819608804039  0.02946729430778515  0.04135316235269716
  0.05249659713371831  0.06275253094200196  0.07227903497131521  0.08137950167203863
  0.09043282276542182  0.09928330819975839  0.10794188744194687  0.11624547813537874
  0.12458510935130550  0.13251581659383121  0.14017774245149128  0.14765833955858471
  0.15494793075241448  0.16230749909652539  0.16984342492958696  0.17711782669213866
  0.18428694012644736  0.19159407386367219  0.19895870466115015  0.20614556486838578
  0.21321002506752412  0.22032239567329018  0.22761471231232078  0.23512215390930280
  0.24268489877844496  0.25007508290196862  0.25728755902564054  0.26451689234992509
  0.27173631761034289  0.27902569025456336  0.28633745196978172  0.29353933370038438
  0.30072355076353618  0.30777941966958239  0.31477468209292792  0.32176978357961872
  0.32895095475480374  0.33625152739113034  0.34354471246206536  0.35079354059350881
  0.35800986211518837  0.36524736361862936  0.37242228387429643  0.37953711358077474
  0.38673609103955964  0.39391386506892850  0.40111172367158354  0.40817005459721778
  0.41531745730205077  0.42322493308964393  0.43139372341077908  0.43962213624508428
  0.44787707171361058  0.45619701629497728  0.46445274676395598  0.47271308913399296
  0.48110162733616185  0.48967882455860395  0.49832496566762224  0.50699746963388892
  0.51564414106113443  0.52415443195956490  0.53279185923873873  0.54165899564626829
  0.55066104557762863  0.55940405653048808  0.56812133138624288  0.57691524716806208
  0.58605624485347863  0.59516694897939637  0.60423580574127378  0.61348531796402750
  0.62325492922954417  0.63355992362357616  0.64403813283061462  0.65485254822438455
  0.66605123918503917  0.67781728936480323  0.69005617938967978  0.70293275058645255
  0.71637834699899194  0.73027958514809221  0.74500872568791821  0.76037308646437884
  0.77659303973324256  0.79382092399378346  0.81218586150382865  0.83177516928496298
  0.85378620501077707  0.88052868647502880  0.91935424558128698  1.00000000000000000
 -0.02193624833499454  0.14493004040723251  0.19554927527347415  0.22872855895565211
  0.25525450270124944  0.27700669938930250  0.29538469256749483  0.31208501686478657
  0.32742550803602299  0.34145463549076971  0.35450566914439030  0.36638277462430008
  0.37740472425234400  0.38761785190983084  0.39757601526882469  0.40668217509485577
  0.41574247674061493  0.42433521114738115  0.43282493432193475  0.44113715347521260
  0.44891512911699361  0.45667661156549449  0.46451826291200932  0.47250898277222897
  0.48007712014363862  0.48720409820709581  0.49396228117575453  0.50053026380670684
  0.50699655688049283  0.51340782868741519  0.51969845191784825  0.52567842434629763
  0.53148294180845290  0.53729819892510100  0.54297261812896491  0.54850060520688682
  0.55391891644257774  0.55930606606382138  0.56472152760750693  0.57014452171507890
  0.57550933668556326  0.58076766835119675  0.58596485817228827  0.59111985609934370
  0.59635295976992220  0.60151612171766144  0.60668367594673800  0.61169798064187086
  0.61663135971302174  0.62155372965694922  0.62649913959453785  0.63149089598108887
  0.63652701149096991  0.64152114326070664  0.64651854566938205  0.65163952049577345
  0.65661292257689619  0.66143018250706498  0.66620600434344368  0.67087741012780522
  0.67570982754759679  0.68052904490920074  0.68536968312805435  0.69025696648261892
  0.69517070139869230  0.70008321520800898  0.70501736836408546  0.71003146853545174
  0.71510184215855210  0.72025043807613653  0.72545594909235755  0.73074232383099713
  0.73606335012535840  0.74147795305428954  0.74703753976615939  0.75278036025042649
  0.75875505080159311  0.76486459189733047  0.77102508403952574  0.77707754804779372
  0.78335946966049752  0.78981074507280724  0.79656839776338517  0.80354789402881344
  0.81055588283185265  0.81769433324155694  0.82510499336899557  0.83308611853544579
  0.84184502976176412  0.85144190820895294  0.86193760571488631  0.87323385774366102
  0.88712266314029709  0.90436196849293293  0.93197538609212793  1.00000000000000000
  1.33160267762060058E-005  -1.0000000000000000     
 T T T T F F F F F F F F T T T T T T T T F F F F F F F F T T T T
  <DiscreteSampler_grid>
  grouped_processes
  1 # 1 for a reference and 2 for a running grid.
  10 # Attribute 'min_bin_probing_points' of the grid.
  1 # Attribute 'grid_mode' of the grid. 1=='default',2=='initialization'
  0.0000000000000000 # Attribute 'small_contrib_threshold' of the grid.
  0.5000000000000000 # Attribute 'damping_power' of the grid.
 # binID   n_entries weight   weight_sqr   abs_weight
    10   10   2.424123455367576E+008   6.101994182570264E+016   2.424123455367576E+008
    11   10   2.424123455367576E+008   6.101994182570264E+016   2.424123455367576E+008
  </DiscreteSampler_grid>
