 -0.00268645927664756  0.01080038619335839  0.02166682637006003  0.03235902866629991
  0.04310911280989760  0.05393594931783760  0.06461575813733736  0.07502402687551055
  0.08541863933890410  0.09604286929146046  0.10671223395526339  0.11745021727957440
  0.12828137515440291  0.13917483409566145  0.14995116996898686  0.16051549531372364
  0.17107550656112600  0.18161959707079323  0.19222715224854015  0.20284273707383232
  0.21338467401809869  0.22393300819588244  0.23457870562168312  0.24525174740563788
  0.25595510843528452  0.26647723941703977  0.27681090220529436  0.28711233386209095
  0.29754465746022668  0.30810927804909810  0.31844387614860437  0.32853627825858861
  0.33866143979901081  0.34891037721072049  0.35921430162333406  0.36947718426843290
  0.37990569840070926  0.39047470828808972  0.40096749310297408  0.41129438490840692
  0.42153400880500153  0.43167491016808507  0.44190744463104409  0.45219072768056767
  0.46253698680489785  0.47285547547472995  0.48331964092169216  0.49393197536844902
  0.50432685355950413  0.51456155064125542  0.52479973855940043  0.53513020098424036
  0.54546437236053602  0.55581205161524649  0.56620179886277011  0.57652385047126464
  0.58698666780928466  0.59740462529662219  0.60800174030013532  0.61852130184082843
  0.62926733355568043  0.64014223967767014  0.65105698918691524  0.66204162424948554
  0.67271156400432741  0.68334605156412898  0.69388738859173982  0.70434631868665509
  0.71471783964087365  0.72496367464696976  0.73547305979060440  0.74596097324038235
  0.75650336837428922  0.76696819046014908  0.77762435887273595  0.78836300210301546
  0.79909177450470004  0.80973728999638339  0.82045121877854432  0.83125070675635548
  0.84179372880557113  0.85218160408497123  0.86246749367545372  0.87295863880572999
  0.88323385969893942  0.89352279650201250  0.90381150682304967  0.91415341247693993
  0.92449790798512643  0.93492147249548119  0.94568813070254132  0.95665060489240117
  0.96740761923957441  0.97819502641724099  0.98901674788652150  1.00000000000000000
 -0.01671284859034053  0.09534559289495841  0.12983310801231024  0.15143320713661385
  0.16931307800741166  0.18474962485259791  0.19860718038917577  0.21125781653254141
  0.22300662716253919  0.23402226399711415  0.24441825668434064  0.25430747652655611
  0.26373077791550242  0.27281606655077922  0.28150132314255583  0.28995678426478250
  0.29810259522577448  0.30603630245471997  0.31379423101157811  0.32131074559658745
  0.32871418815576625  0.33593166456874257  0.34299905743984654  0.34996990138671324
  0.35681249424917566  0.36353340077726365  0.37017152538066800  0.37672548888264901
  0.38318558540762448  0.38957745590320170  0.39591655288991684  0.40216051617630122
  0.40835420582721027  0.41452146393527328  0.42060850544718226  0.42665006491283330
  0.43266701776173888  0.43865100748929775  0.44458725748021843  0.45050081802557895
  0.45639519207683205  0.46226184215862132  0.46810650058289965  0.47393971731216317
  0.47976133210341582  0.48557062153608438  0.49137063355097838  0.49716857727966374
  0.50296479348711154  0.50876235311079443  0.51456197841954932  0.52037083520926453
  0.52619182364102901  0.53202411010089012  0.53786732925637970  0.54373345083456082
  0.54962839709015554  0.55554208394294047  0.56147807376032355  0.56746090619019240
  0.57347659079171132  0.57951763096019482  0.58560399230136861  0.59176837703801266
  0.59795797140684559  0.60420243314834321  0.61053803147037156  0.61692639582138420
  0.62338584940750130  0.62994025732885550  0.63657963441125132  0.64330091450800531
  0.65014553533186370  0.65712039192512295  0.66418824428925805  0.67141062363410231
  0.67881964844727616  0.68634152163431084  0.69411350508312653  0.70206107144490892
  0.71022583537280737  0.71868600241806102  0.72737446258362581  0.73646937592386885
  0.74590616165529156  0.75581345137808520  0.76622956663769015  0.77727027878332056
  0.78904447828451296  0.80174922496839807  0.81566410376629050  0.83113501705964210
  0.84907720564773481  0.87062684201935692  0.90479206314501492  1.00000000000000000
   8.8725876907051260E-005  -1.0000000000000000     
 T F F T F F F F
  <DiscreteSampler_grid>
  grouped_processes
  1 # 1 for a reference and 2 for a running grid.
  10 # Attribute 'min_bin_probing_points' of the grid.
  1 # Attribute 'grid_mode' of the grid. 1=='default',2=='initialization'
  0.0000000000000000 # Attribute 'small_contrib_threshold' of the grid.
  0.5000000000000000 # Attribute 'damping_power' of the grid.
 # binID   n_entries weight   weight_sqr   abs_weight
    10   10   4.482794364313951E+006   2.009544531272492E+013   4.482794364313951E+006
  </DiscreteSampler_grid>
