  0.00001243511102002  0.00005200967629200  0.00007778817311779  0.00010289007395889
  0.00013010036467020  0.00015736069304532  0.00018421590771679  0.00021080590775874
  0.00023536990055826  0.00025979098545176  0.00028451418467050  0.00030960942026579
  0.00033495952406882  0.00036047157400021  0.00038581952535031  0.00041176760840349
  0.00043814984633858  0.00046496595089644  0.00049223786817761  0.00051997164322910
  0.00054821308192822  0.00057703806560453  0.00060755030553618  0.00063845322192945
  0.00066998474574690  0.00070202505039916  0.00073446891471818  0.00076772162731531
  0.00080200886702926  0.00083732434641491  0.00087363846652053  0.00091073263718124
  0.00094866912365522  0.00098782175032621  0.00102812159091496  0.00106982591246912
  0.00111207881129886  0.00115591741627941  0.00120022466318579  0.00124626150788853
  0.00129399617259001  0.00134360300142445  0.00139623327263813  0.00144970336145571
  0.00150590844080530  0.00156386315535808  0.00162391171173460  0.00168653356701602
  0.00175089383819193  0.00181725348844718  0.00188654598870491  0.00195877932090305
  0.00203807261081816  0.00211880185550330  0.00220451909778099  0.00229161720847677
  0.00238327407441033  0.00247988239981279  0.00258091205022677  0.00268796673493124
  0.00279969862583510  0.00291636237222578  0.00304074162003143  0.00317109235930944
  0.00331170442005950  0.00346024957974795  0.00362068442799046  0.00379063636712907
  0.00397220082257607  0.00416847887443571  0.00437715388265588  0.00460076583791922
  0.00483964668837581  0.00509479013695406  0.00538383427594812  0.00570512465625206
  0.00605512625483788  0.00643585445294284  0.00685169119405159  0.00729809955773519
  0.00778804285224980  0.00833647854552349  0.00894292063272660  0.00961895373377211
  0.01038252298560207  0.01126786024385803  0.01231353597316390  0.01360950642764005
  0.01523350080972845  0.01720151044124555  0.01957256295014653  0.02280666003727404
  0.02728679646255989  0.03425274317258675  0.72355208158334827  1.00000000000000000
 -0.00258799436813268  0.00990403092987780  0.02074188852673270  0.03176332656142683
  0.04274671923585015  0.05376467467092595  0.06458812383219355  0.07532436474221857
  0.08591120030076581  0.09653043744673392  0.10688964392842966  0.11741334140422864
  0.12818596934725790  0.13923734721807129  0.15007192467251079  0.16073411684550798
  0.17143046573753332  0.18226063811423801  0.19281544825171093  0.20303203584492893
  0.21317317471610439  0.22351908392156755  0.23405599780485067  0.24454167969530091
  0.25491092277273714  0.26529537603512732  0.27588181051022609  0.28646210109614062
  0.29686296647384497  0.30712894782150724  0.31736637031133058  0.32764593256411978
  0.33795824683385783  0.34835385401411217  0.35889446515397222  0.36941323519079605
  0.37998060691729302  0.39034756714127605  0.40073114214677258  0.41113455492898243
  0.42155059784673221  0.43199465504565382  0.44239219196736501  0.45293908864347276
  0.46356347516726409  0.47427396984427939  0.48505194328124634  0.49592482109609648
  0.50644427989039920  0.51675602328548176  0.52692282498531029  0.53717987340839612
  0.54745005519976397  0.55761814110095398  0.56794790230337111  0.57852302183640703
  0.58899547310614808  0.59931486267568734  0.60968830407329444  0.62024168178973749
  0.63088626573976792  0.64148157203018141  0.65209623407121409  0.66269721881034394
  0.67322921708842620  0.68377081152551078  0.69449067287156874  0.70532771404131889
  0.71601579935905535  0.72704180841208310  0.73810513291137425  0.74921730175781298
  0.75974833972483613  0.77010471824390314  0.78035343996250195  0.79062178789925108
  0.80089082715035820  0.81118625891113905  0.82146746116255709  0.83168748983242546
  0.84207647292728793  0.85260797968616131  0.86307518238258429  0.87343594778460421
  0.88366022737571892  0.89389845818949998  0.90460719081575869  0.91519060782718364
  0.92589105030017949  0.93683924049368783  0.94778611219855735  0.95908150870204834
  0.96956828903383718  0.98005794833370752  0.99003620750486443  1.00000000000000000
  0.00015137449542047  0.02257950966008039  0.04131023084998393  0.05701264289682798
  0.07096462252215216  0.08373995479589870  0.09596430860642428  0.10765609285472411
  0.11884340709544326  0.12958660402252328  0.13995691179982711  0.14992197095310197
  0.15950793166878335  0.16885966339594974  0.17797006368813514  0.18697964195399766
  0.19572903350811352  0.20434956915231628  0.21277201697110085  0.22109072539724020
  0.22932185654105225  0.23745076938158868  0.24548631885850802  0.25332145364106984
  0.26099347895753666  0.26863359936920528  0.27632940097050179  0.28404413233263992
  0.29173095213260458  0.29943038447999315  0.30716772649579971  0.31491768467758163
  0.32266017473474706  0.33035621170941093  0.33785496687148486  0.34522471600414772
  0.35258421135782342  0.35997492246629087  0.36742866127784313  0.37497082992055564
  0.38241361001523611  0.38979482242258257  0.39706563186843513  0.40422610186685803
  0.41145286743027276  0.41876813062459517  0.42613931878639388  0.43343319965927340
  0.44071396400879947  0.44809776496135129  0.45556196137137694  0.46306513186201831
  0.47062469981788546  0.47825408359046473  0.48593952018193798  0.49361803280509248
  0.50132724408468621  0.50883395968841749  0.51662724992926390  0.52439104622065502
  0.53223088749842362  0.54001515255452681  0.54775265629288228  0.55537272212376587
  0.56307880195422466  0.57098177588669730  0.57905050217387410  0.58729375809656037
  0.59570161375031627  0.60418866573276686  0.61267913817325104  0.62116020260155458
  0.62964220546398786  0.63826340744941956  0.64702831956019247  0.65589962377063360
  0.66480522875237569  0.67402203212076517  0.68359357906165552  0.69330166440796048
  0.70314784840719158  0.71316398894409372  0.72353347920947253  0.73431193697396135
  0.74571770218831768  0.75750904995673596  0.76984103358880962  0.78309299447646863
  0.79715774807975970  0.81166491764600668  0.82732964109791585  0.84449233534567236
  0.86417970979607239  0.88917712248877045  0.92509317954338621  1.00000000000000000
 -0.02060365292427389  0.12103136343688942  0.15892801887707389  0.18195831471498750
  0.19973746923683966  0.21442561876548044  0.22738677571051563  0.23910161867172308
  0.25011095503696784  0.25979984257856514  0.26913208962212931  0.27800132748394507
  0.28644956315366904  0.29469563398130205  0.30234705972868214  0.30998498684833831
  0.31738985014138860  0.32471179711976650  0.33198910755842043  0.33890326046348196
  0.34554034874874684  0.35201174832423621  0.35835343697974742  0.36460191632262107
  0.37078271177522409  0.37680331704727116  0.38272464706774650  0.38861289550200145
  0.39441996178695299  0.40008001105287155  0.40560310886524931  0.41105639431498020
  0.41651615860190505  0.42200262269964206  0.42751490284546750  0.43297114082031479
  0.43834509741491917  0.44371566230027271  0.44905599458042750  0.45439292592003139
  0.45975629541115703  0.46515919336877204  0.47057823806681587  0.47600379379195840
  0.48145515204141082  0.48691425080706946  0.49237606072722656  0.49787235320924561
  0.50331389660995984  0.50875198903767738  0.51421215612942461  0.51962031365863526
  0.52494792661093470  0.53023478098549370  0.53553356191136625  0.54084028735651246
  0.54609501820144113  0.55140837117690444  0.55673379738191520  0.56213177641707968
  0.56751477929816596  0.57290772102130916  0.57832407400588393  0.58376197310137612
  0.58927951929140954  0.59487720868002636  0.60053592099096464  0.60627232461817659
  0.61207054956085571  0.61791497362210812  0.62381321483988561  0.62980881872166239
  0.63582926072326462  0.64187553347613002  0.64815111459790298  0.65466481592740222
  0.66130439275650188  0.66813777299224419  0.67515928785003976  0.68226359473642884
  0.68955243593544580  0.69710625395613135  0.70485085833687555  0.71286488643553858
  0.72117426442407173  0.72974394253336550  0.73914924455161080  0.74892349356345256
  0.75982204672311160  0.77150247891582047  0.78454460859964659  0.79942720938121281
  0.81732564325696166  0.84018911294677123  0.87822451002700452  1.00000000000000000
  2.67101664392042124E-005  -1.0000000000000000     
 T T T T T T T T T T T T T T T T F F F F F F F F F F F F F F F F
  <DiscreteSampler_grid>
  grouped_processes
  1 # 1 for a reference and 2 for a running grid.
  10 # Attribute 'min_bin_probing_points' of the grid.
  1 # Attribute 'grid_mode' of the grid. 1=='default',2=='initialization'
  0.0000000000000000 # Attribute 'small_contrib_threshold' of the grid.
  0.5000000000000000 # Attribute 'damping_power' of the grid.
 # binID   n_entries weight   weight_sqr   abs_weight
    10   10   2.569682767799644E+008   2.056215533987231E+017   2.569682767799644E+008
    16   10   2.569682767799645E+008   2.056215533987231E+017   2.569682767799645E+008
  </DiscreteSampler_grid>
