  0.00952627730380748  0.01560770466014599  0.02487157035244276  0.03564198898411219
  0.04597523399826873  0.05638473890272429  0.06677100379419788  0.07716269376330225
  0.08753550666304551  0.09794178106301110  0.10837460374266260  0.11882715873220027
  0.12924101301232535  0.13965582960648312  0.15005022555262476  0.16046954002178718
  0.17084565193122789  0.18121862249280010  0.19155199095790448  0.20192709486286509
  0.21229201293429978  0.22264644916440390  0.23301969516939283  0.24342141348492569
  0.25388107804012283  0.26430178597023973  0.27468736722509340  0.28505382050577316
  0.29538939586958829  0.30573227724199648  0.31605623894211277  0.32644345549065157
  0.33687006567124050  0.34730653277632734  0.35769801873430646  0.36806665980591619
  0.37841290777146303  0.38877462467362628  0.39911761584193572  0.40949991131073599
  0.41989516856834141  0.43028644609904648  0.44068091124812164  0.45107023905605376
  0.46142372581213531  0.47176308018061508  0.48211451209334816  0.49250460470846852
  0.50289329467314270  0.51327219752410624  0.52365883855952344  0.53407183597049179
  0.54451258335260388  0.55494119476092274  0.56533466054730819  0.57567507174863408
  0.58601698047164719  0.59638982560210763  0.60679171667362919  0.61723173208571513
  0.62770250160446994  0.63819394398743057  0.64866957370499845  0.65910018502340295
  0.66949859725633620  0.67989010257315541  0.69029232503020022  0.70069366339286554
  0.71106361590666722  0.72142319996257809  0.73176599213358584  0.74213736727861757
  0.75251586482460642  0.76284786148243522  0.77314565647696820  0.78344595756758195
  0.79375536358871546  0.80406548350938323  0.81433964144702453  0.82463950038259926
  0.83494690373114200  0.84525586996044388  0.85559208897828876  0.86594462132397620
  0.87629139799737910  0.88665607659471068  0.89706384639881720  0.90750532563642783
  0.91794030457646503  0.92839228851044786  0.93885171577736937  0.94928544196878684
  0.95971032647189292  0.97009431231275067  0.98051721542661785  1.00000000000000000
  0.00953884763998997  0.01579735392448915  0.02492522279051949  0.03573346949044630
  0.04610493298172659  0.05650331258763300  0.06684196530403849  0.07719918101528150
  0.08751833371742677  0.09783460432977517  0.10812968114784251  0.11847905343896718
  0.12890176125434871  0.13939516405032129  0.14985079173896795  0.16020541318464454
  0.17051098674033183  0.18084927382371963  0.19123262964251406  0.20161722181169689
  0.21197012614218422  0.22234046010742775  0.23269938499713522  0.24306464194701777
  0.25341855969268645  0.26378099231792346  0.27415405591395353  0.28451377595099847
  0.29484099888028575  0.30520221442257212  0.31557842566930350  0.32600023463554284
  0.33641353508231731  0.34680505694896324  0.35721302481444717  0.36759847003828200
  0.37798250689138213  0.38836420011896583  0.39876438464715525  0.40922710648705418
  0.41967365043485733  0.43007800897015747  0.44046574562204355  0.45086425707617034
  0.46129854391766012  0.47170688729787963  0.48207138945117922  0.49242078298191405
  0.50276872608717760  0.51313200566540762  0.52351214816374514  0.53392094478721652
  0.54435513258248636  0.55478501906952948  0.56521267202957637  0.57564593821590126
  0.58608305238457392  0.59649383933496880  0.60685655672651351  0.61720650830008617
  0.62755995062963665  0.63792475926756720  0.64827605582763148  0.65860598824707894
  0.66896938254526495  0.67938242250302383  0.68983478335614190  0.70027908993543475
  0.71068979464087467  0.72108677217886119  0.73148475664164991  0.74189745168944798
  0.75232476073461740  0.76270356873995648  0.77312039666520960  0.78354421452034262
  0.79400444583772189  0.80439473211694867  0.81474746666104803  0.82504223923610065
  0.83536292700566483  0.84572186100718971  0.85612619516232746  0.86649755864784317
  0.87682285455314257  0.88715771373802566  0.89752054891735789  0.90791936829455566
  0.91832870606490291  0.92873985914583679  0.93909692556069535  0.94943145889991543
  0.95979614086676801  0.97019865008988859  0.98058594145347122  1.00000000000000000
  0.00949968813061927  0.01563178938941708  0.02498218666664732  0.03586211468126752
  0.04627195500245382  0.05661409705163812  0.06695843359612839  0.07730482099874336
  0.08768574231145175  0.09807431143039039  0.10846922541563964  0.11889302178934739
  0.12925237274624368  0.13965290186306820  0.14998026136578541  0.16035983286920613
  0.17072977264355871  0.18110658749571448  0.19146130982420884  0.20183480800525760
  0.21217930927867870  0.22254226368696714  0.23288204053180198  0.24329992310852419
  0.25372788207930752  0.26419157368512236  0.27455695639197925  0.28489278523978512
  0.29519295299457354  0.30555546119816857  0.31591972588965855  0.32628622595993079
  0.33663853360067630  0.34701696115129665  0.35738938917599877  0.36775585190496296
  0.37811168674458623  0.38850975935922438  0.39895853596341729  0.40942800765113641
  0.41986162056163007  0.43025967110073010  0.44067448610392834  0.45108247155248121
  0.46150896076212261  0.47191635322474929  0.48231704666796288  0.49265139684777626
  0.50292432956623945  0.51318230188395020  0.52348199811251295  0.53384953140010283
  0.54423402767121598  0.55462647213210980  0.56504037900199189  0.57547852090830642
  0.58591535385066096  0.59636520833247597  0.60683684765601620  0.61729151283651595
  0.62771710653265900  0.63812301857736176  0.64850452514915968  0.65883108419174508
  0.66915267302570436  0.67952891108955105  0.68994152709727030  0.70032728289962420
  0.71068359055453023  0.72103225278842598  0.73136999180495554  0.74176236277535235
  0.75222957671143409  0.76271397794237950  0.77315717700844477  0.78355186787511577
  0.79396634972400093  0.80436000773086191  0.81471184825817877  0.82501327580317674
  0.83530550463289177  0.84559983143256834  0.85590740388963082  0.86626036338826218
  0.87664941399675878  0.88706368051676443  0.89742808122825746  0.90773477262188496
  0.91807146085331359  0.92838211099802914  0.93874371526564082  0.94905942020346823
  0.95946413354622428  0.96987533344020316  0.98033721541909236  1.00000000000000000
  0.00959164267111202  0.01564253679015927  0.02492626572918755  0.03571792582614670
  0.04609181320172857  0.05642776904095237  0.06675098561746473  0.07708687494990209
  0.08740256948712168  0.09774261938343237  0.10805022870642869  0.11838949255234432
  0.12871025854540691  0.13905594516195616  0.14941776316329691  0.15977322222367643
  0.17015272910858642  0.18055013788580257  0.19094901092672609  0.20129691673398206
  0.21163028695165223  0.22194082565345383  0.23231339991873873  0.24272316725225312
  0.25314747546441208  0.26352824847359169  0.27387238872498776  0.28418155409990892
  0.29451138829328410  0.30487499165574194  0.31528646821277090  0.32567322640312729
  0.33606448450569115  0.34646975809315617  0.35684553294920773  0.36720150185993794
  0.37758972791445572  0.38801884434036699  0.39845479948280643  0.40889244767538924
  0.41929417904221788  0.42967754507103206  0.43999947323974653  0.45035434089724558
  0.46073364896270375  0.47110924131276427  0.48150378559314261  0.49189530502545414
  0.50229557036818662  0.51266591547026430  0.52306219813385813  0.53350630673471244
  0.54394682002073524  0.55433971527569958  0.56473409387071416  0.57516658620168004
  0.58561476597071827  0.59606415574239568  0.60654402284594156  0.61706102431394017
  0.62756067155055895  0.63801789924725161  0.64847960035933139  0.65894767411483679
  0.66938097779154160  0.67976985430022741  0.69012021535558843  0.70047898757893512
  0.71087360746513384  0.72129372050358098  0.73173622159614427  0.74216407158615572
  0.75258683471545151  0.76301261383385022  0.77342545894564541  0.78382779296154148
  0.79421577875019278  0.80459729821776671  0.81498759987018432  0.82534948341715741
  0.83570409788336819  0.84603293688837033  0.85636882726403218  0.86669531713524406
  0.87703297313611650  0.88736815359017240  0.89767167157871963  0.90795535697319341
  0.91824947272646196  0.92862376484771036  0.93903481398009148  0.94948876655227321
  0.95988878630748509  0.97025780919839710  0.98057547737124562  1.00000000000000000
 -0.00236816517719151  0.00984773577412871  0.02013407326795379  0.03071925699571540
  0.04125057567699993  0.05175716781314980  0.06227293109239724  0.07278536697776451
  0.08333359203139108  0.09384059064991572  0.10440932224965173  0.11493402382207540
  0.12546927296670871  0.13597093450535466  0.14656610415861510  0.15716180340453453
  0.16775552988633027  0.17830135407702641  0.18892221756353419  0.19953477183064947
  0.21013523669973042  0.22072321602912259  0.23132697052626852  0.24188562337258365
  0.25243123385716210  0.26295572327104366  0.27348528114779685  0.28399828002666916
  0.29454124248947033  0.30505869864683660  0.31553010813266669  0.32596319041409461
  0.33646346354966378  0.34700264747877346  0.35763142665386022  0.36821714465453786
  0.37877935175133542  0.38925844274786131  0.39976254358142016  0.41026368176739081
  0.42083130066510122  0.43138468900410182  0.44193109554831472  0.45244110431621626
  0.46292203783781100  0.47345125387995801  0.48397739446464560  0.49454094042825580
  0.50509518134466580  0.51565659233768091  0.52617247637494780  0.53668156443841941
  0.54715288493052472  0.55768841663616209  0.56826364370161686  0.57893593874117566
  0.58957198423202306  0.60014131205307786  0.61064396651530128  0.62118901476050581
  0.63172322002793435  0.64223394425867542  0.65270581365101310  0.66317574340308905
  0.67366488094669397  0.68417232928922911  0.69470706265349613  0.70528108004707146
  0.71582959936464352  0.72639522296945425  0.73689694735182365  0.74741033140808821
  0.75797649545344858  0.76853450222812858  0.77910672938433922  0.78960382940324692
  0.80014932079912360  0.81064443447792001  0.82119773022821962  0.83173254005367148
  0.84231071008245828  0.85283079438776033  0.86337530267286577  0.87382604510487671
  0.88432842422278257  0.89478297497179626  0.90531782142931849  0.91576746699374545
  0.92624456125860644  0.93672488715611779  0.94727071218321279  0.95785635772212019
  0.96839302105729497  0.97894040638208701  0.98945104868778999  1.00000000000000000
 -0.00251014664827251  0.00949983891821605  0.01958172785560841  0.03005567891761613
  0.04053715035343961  0.05106996468728827  0.06157777661991561  0.07206936510788901
  0.08260081213760648  0.09318595816717014  0.10377388914165503  0.11431164245004960
  0.12476800605438819  0.13528440263119912  0.14580646286974386  0.15635875062390356
  0.16686924509901965  0.17738514874869454  0.18790627331832380  0.19844779034650276
  0.20907945667481986  0.21968179753872322  0.23029428177932548  0.24081130776924081
  0.25132432586207087  0.26182637967154687  0.27235094612847277  0.28290889190257429
  0.29349934614718526  0.30412318415580636  0.31472992554227991  0.32535976123499588
  0.33597562231326666  0.34659986371833851  0.35714729858015809  0.36766002856577717
  0.37818537883490261  0.38869967258199184  0.39921108181769199  0.40969609306658361
  0.42019667480862660  0.43070535805600080  0.44122592579130127  0.45170140899635408
  0.46218222333625392  0.47271421275338743  0.48327080677442241  0.49385385699570328
  0.50439089253388658  0.51493160013686279  0.52538612266142715  0.53587524751044202
  0.54635438651030332  0.55688264649647201  0.56738857160106437  0.57795398821546207
  0.58850180659262141  0.59900447812301516  0.60948943480948237  0.62002647959575075
  0.63055789206673818  0.64110128883569673  0.65157728897472200  0.66199840964248513
  0.67244760805762871  0.68296805210958678  0.69363264868879815  0.70427713646655443
  0.71492168432535430  0.72553122135761872  0.73610820943516952  0.74663210561176041
  0.75714796397173501  0.76772193470399464  0.77837198186881063  0.78902597924696327
  0.79963624512475140  0.81021948202745253  0.82078835004411088  0.83129407609458061
  0.84180316842113112  0.85233305019271355  0.86286628922686970  0.87339395182050317
  0.88388964878529996  0.89441686326543457  0.90487862450633982  0.91539591202923032
  0.92594053142365362  0.93657068193374748  0.94713317658371377  0.95772124601337116
  0.96825131916503981  0.97881146733919278  0.98937781195022223  1.00000000000000000
 -0.00249929767194294  0.00973790599907973  0.02005690612953965  0.03065908428455488
  0.04123930544147330  0.05178248539185042  0.06231764513094617  0.07286921926903220
  0.08333166348459276  0.09377551670812374  0.10417861659096891  0.11465318619678826
  0.12515441962882465  0.13563744410039508  0.14617139136620685  0.15669483244313315
  0.16731693848497900  0.17790847963001347  0.18850441020174954  0.19903955474495663
  0.20956959641762443  0.22006307968428199  0.23061518903312933  0.24116021120735012
  0.25172673831515918  0.26225224499592459  0.27282431337058299  0.28349817702234825
  0.29413782830363983  0.30475722634512770  0.31532151930131591  0.32588406560452454
  0.33645392691452913  0.34697606941113490  0.35754400473484638  0.36810553814470615
  0.37872237153576344  0.38937331316910295  0.39995592330783031  0.41048485009950503
  0.42099633704355788  0.43152926103830036  0.44205719114014391  0.45254046979659834
  0.46308598418101449  0.47366993655518430  0.48426829005672645  0.49480774671190175
  0.50533330152435485  0.51580534308098092  0.52630878466777131  0.53680400361797298
  0.54738998420509777  0.55796976069491611  0.56859918416149446  0.57922403362883179
  0.58981824036165764  0.60033787300514641  0.61083876736314979  0.62137851648765796
  0.63197697282218346  0.64254754246531953  0.65302928551214001  0.66349535313366359
  0.67392383736721240  0.68435618783292262  0.69475863957914630  0.70522278447060971
  0.71569527903161245  0.72623503768917275  0.73672829502579840  0.74728001768760899
  0.75783264125089733  0.76848183941345882  0.77904724524096391  0.78963514070932828
  0.80010364189319294  0.81064100139007234  0.82111089539855642  0.83160961537066480
  0.84214745437602823  0.85269595426045375  0.86329695449817123  0.87386979331797321
  0.88434003305181053  0.89476415343036930  0.90520800272310786  0.91574523264886010
  0.92626522693994018  0.93677229765641468  0.94722422946183293  0.95773946243452912
  0.96824419435580567  0.97882638083333950  0.98940414640202956  1.00000000000000000
 -0.00254069677077173  0.00951106592015224  0.01971373165620976  0.03031103920924424
  0.04090874061356591  0.05149410231074363  0.06201348022193527  0.07253784536599397
  0.08299079399655516  0.09345891323790818  0.10391813375390965  0.11442143993387303
  0.12489847702524344  0.13540635162789069  0.14590163328889105  0.15645362736289545
  0.16698296176913655  0.17753829011989908  0.18808506798336488  0.19864157779662370
  0.20918283444734101  0.21971108362849454  0.23018569058824290  0.24068199746714994
  0.25115888142773951  0.26171110959059335  0.27228071701680495  0.28286522947444859
  0.29339825460894131  0.30397259797549303  0.31453951946354036  0.32516822401326329
  0.33568437541796664  0.34619584836917772  0.35672053424026234  0.36732019234024654
  0.37792896235581069  0.38843492479415204  0.39895537976285672  0.40947098417698452
  0.42001828972936339  0.43047846820419139  0.44090235514798981  0.45140957091616896
  0.46197441005609324  0.47257408482583346  0.48309597105421381  0.49367882367103783
  0.50421862914258841  0.51477872755222809  0.52529809678169914  0.53585298853069141
  0.54644197896387803  0.55704463793203329  0.56765022582017233  0.57819325684889211
  0.58871306155888192  0.59926468115307840  0.60989046750484266  0.62056398966320447
  0.63124033544160851  0.64178850614499705  0.65234968267727278  0.66286897724982574
  0.67340987233214677  0.68391852577744816  0.69445672997417152  0.70500578754741117
  0.71552498747021698  0.72600524329738481  0.73654371053787915  0.74705466059025216
  0.75761032910844794  0.76810853505214072  0.77865743863781722  0.78919251496321874
  0.79977103834990193  0.81031252441121115  0.82082183782547979  0.83131947515790228
  0.84183027130406540  0.85239841182407550  0.86295348222838075  0.87353780517111934
  0.88408895377249541  0.89459115984800841  0.90508328808351524  0.91556907722832004
  0.92612075551948159  0.93664285885207588  0.94723931670779526  0.95776085920386700
  0.96828303640460012  0.97879243866474241  0.98938544580747534  1.00000000000000000
 -0.00248734449991673  0.00960033591393492  0.01982063455437661  0.03037632825416790
  0.04095000792746770  0.05154844718217773  0.06211102759319245  0.07263214770218891
  0.08312447544334549  0.09365267010899095  0.10421855114784757  0.11471595056920283
  0.12522844295834129  0.13571890006311513  0.14625812191969526  0.15682902762293133
  0.16737319687572974  0.17796605885099692  0.18854240176870132  0.19916123584661613
  0.20976908379640510  0.22034340372301489  0.23086834830970784  0.24135102910927456
  0.25185634924832662  0.26240598503757384  0.27291249600379824  0.28339097500074006
  0.29389115194920051  0.30442120517672611  0.31499227726384238  0.32553080415850333
  0.33608777738556445  0.34664913690045279  0.35724556855517836  0.36782532173814675
  0.37835117040810168  0.38886840986990351  0.39939761348507569  0.40989481932292038
  0.42038601640716977  0.43086770076267716  0.44146395175949110  0.45207580693617011
  0.46272188477175397  0.47331713267105624  0.48385146664429557  0.49436743848938308
  0.50487625669446634  0.51540428648106462  0.52594333864948029  0.53654395315215075
  0.54713361170149155  0.55775356840250212  0.56830292881785760  0.57884005218701107
  0.58930821982273096  0.59980652367203902  0.61034074227249902  0.62087181838577343
  0.63135714607683857  0.64188143929010111  0.65245597069701355  0.66301701285738968
  0.67355881747471036  0.68403186915855385  0.69456712248273589  0.70506731093203423
  0.71562045109697281  0.72612440129505917  0.73661187235282100  0.74715444105215501
  0.75771763618042232  0.76832629288724441  0.77882648180341563  0.78933320293381903
  0.79982817516252036  0.81034042281609875  0.82083371109194603  0.83130244666974085
  0.84183245649848204  0.85234391024422007  0.86283442451108794  0.87331622497595296
  0.88385312199865484  0.89448402299653718  0.90510941410657397  0.91568618180307049
  0.92626640987543130  0.93681032716065959  0.94740683615736077  0.95791162011909659
  0.96847004191530583  0.97901189369107822  0.98952748020498060  1.00000000000000000
 -0.00213833972149289  0.00973375126400415  0.01993385672571980  0.03046516293747452
  0.04103106394485299  0.05158900500775745  0.06208962736245408  0.07262840802305255
  0.08321743860660537  0.09385740672646302  0.10450612316661613  0.11514171216280958
  0.12571749423978737  0.13629433563406024  0.14678465372955921  0.15728084791635955
  0.16775330940587305  0.17827458483487027  0.18877091417710842  0.19930470441970988
  0.20981390570428307  0.22032623843161794  0.23083236951272301  0.24134964846131052
  0.25190047703660878  0.26239476722785376  0.27293733766214939  0.28344700203992396
  0.29398530940934253  0.30453152677440298  0.31508291494125001  0.32568640943229615
  0.33623510117944960  0.34682274664935725  0.35738125092439277  0.36792605659836103
  0.37850374887474464  0.38903463100825569  0.39965999101575500  0.41024850594778245
  0.42087508947733615  0.43145024467782422  0.44197440274525363  0.45242158316075864
  0.46289040471085707  0.47339679560704695  0.48393376710194530  0.49445328388691817
  0.50495338262475709  0.51546197441904062  0.52602380980989649  0.53658582401971877
  0.54711185225001924  0.55764977675861460  0.56822067593888359  0.57883854605183793
  0.58936616005418296  0.59990407950814539  0.61044383706304817  0.62100643946631717
  0.63149743790707313  0.64192409850195442  0.65238737271188119  0.66284306769815327
  0.67328666591670050  0.68368438745238302  0.69413652762132394  0.70463388754094569
  0.71519210637128372  0.72579958151430735  0.73643195324786759  0.74701399246539313
  0.75752884140006627  0.76805575292916950  0.77859886165684178  0.78918285381051045
  0.79975617713534197  0.81039716785169602  0.82102588428438839  0.83163859885903679
  0.84218383503183381  0.85265226763221391  0.86317074643580149  0.87367675583534943
  0.88423211785168265  0.89477366264030334  0.90529962580755963  0.91583983896658205
  0.92638253823179284  0.93693057837634719  0.94742356986721155  0.95795584190633021
  0.96852156091796082  0.97909840110889879  0.98956161256263675  1.00000000000000000
 -0.00248536955632582  0.00966240505844719  0.01987329839509758  0.03036019160444250
  0.04092505940326283  0.05145076823851943  0.06202701165242030  0.07260064593861190
  0.08319821971505822  0.09374525418880958  0.10423649226079179  0.11468269475388115
  0.12515658503757254  0.13565789775524048  0.14624715044899153  0.15681428473668593
  0.16739940341771270  0.17795501257827570  0.18851701823752678  0.19904533936401944
  0.20958026004563146  0.22016214377133553  0.23069983465390947  0.24124555913936155
  0.25174738809325176  0.26229189994511870  0.27281075524667853  0.28331658035726948
  0.29383824862866303  0.30439627408873088  0.31499631363163005  0.32557359657970553
  0.33605869820698470  0.34655618513493175  0.35700840329820999  0.36750446764516531
  0.37802272736551751  0.38858004639644650  0.39916446844556702  0.40968569944002314
  0.42022784941443758  0.43072780443926706  0.44124455833883786  0.45174947455044862
  0.46229391639047035  0.47281959745653951  0.48342253869095236  0.49400005108517303
  0.50459704638463132  0.51515845089879531  0.52573298202244212  0.53630868021364386
  0.54692141923854165  0.55753431424872657  0.56814758776147534  0.57871647869910869
  0.58929236527911255  0.59981807601881776  0.61033551822245191  0.62086875256038798
  0.63147494753887667  0.64209155987347977  0.65267400658225327  0.66325992357068198
  0.67384589418964913  0.68442462208948707  0.69493200038469205  0.70544556150081095
  0.71600385376860576  0.72654381651420319  0.73706859149235870  0.74759010120553016
  0.75815491062488172  0.76869898654215874  0.77919984903538542  0.78972570203257708
  0.80020945413269207  0.81073807091678562  0.82122161102721425  0.83171530142656513
  0.84217125127052028  0.85262830481333685  0.86305089635486976  0.87350257047550828
  0.88399432455565197  0.89449855526540423  0.90499743336391991  0.91549805482508018
  0.92605314643017955  0.93658122646996889  0.94710643161948926  0.95764796559630305
  0.96823579740678078  0.97885287238573793  0.98941988889394905  1.00000000000000000
 -0.00252525889991554  0.00952294261114757  0.01964258290632162  0.03015062025093878
  0.04059208500914955  0.05112140810004140  0.06162580890263687  0.07215866510801536
  0.08267880879712423  0.09320204015960845  0.10374992517011644  0.11423564515824701
  0.12473674676647466  0.13525651499962305  0.14582160231359448  0.15642405740513357
  0.16692637631448723  0.17747406604116805  0.18799847500189706  0.19860152471558845
  0.20916793958177293  0.21969376618602549  0.23017172549172507  0.24062479442093912
  0.25111579810712448  0.26163788206688343  0.27221363734918891  0.28279362676399522
  0.29334566445112020  0.30388852831783741  0.31440338262048617  0.32500138836140779
  0.33558739470898907  0.34613251224423691  0.35661899017520815  0.36707976003556791
  0.37757298792227023  0.38806839470496468  0.39861755536649779  0.40917486139070952
  0.41979677491801909  0.43038771811710691  0.44101587356499033  0.45149684499469434
  0.46195564155696300  0.47247987948040610  0.48303390099195331  0.49361457233670836
  0.50414670421663110  0.51474793445224676  0.52532281549213278  0.53591066743777216
  0.54648128617784175  0.55710275623129424  0.56771159929928305  0.57835856255726548
  0.58890707653257035  0.59944393641375504  0.60992205895758034  0.62050295168055547
  0.63110071329457573  0.64171022435240355  0.65224568666962746  0.66273897634294920
  0.67325215182402520  0.68376271243834164  0.69428882040708340  0.70480365830621694
  0.71533394238872039  0.72594488263765566  0.73654571534191093  0.74714447474122692
  0.75765834661781606  0.76815888437081115  0.77863620387178623  0.78910133091754309
  0.79966391740819964  0.81025463883281734  0.82089348264165507  0.83146247841510945
  0.84197767295647807  0.85251324191888000  0.86299927354772676  0.87354665846246382
  0.88406731275243056  0.89454421083765889  0.90505069564318541  0.91555374820799473
  0.92614796276880418  0.93671921514239231  0.94727280183186802  0.95781604638156548
  0.96839165803355365  0.97893122279548417  0.98948431137840565  1.00000000000000000
 -0.00252200552885566  0.00948307553047843  0.01963739318352680  0.03016377721576260
  0.04073428896767043  0.05130189254127149  0.06186970858235952  0.07246676925096385
  0.08309071268240868  0.09375539848594447  0.10441060211069257  0.11504168873831593
  0.12562210629745066  0.13618169581522696  0.14673924456790427  0.15729118711975257
  0.16782264353440698  0.17836632801903182  0.18889996117589652  0.19944675979560936
  0.20995459613318618  0.22053649996698890  0.23105978557574064  0.24164990498625413
  0.25216906890085894  0.26272800241264738  0.27326463560155873  0.28382114400217723
  0.29440434934544069  0.30498228906981456  0.31552678551308477  0.32599904138947811
  0.33645216007633100  0.34691164185783935  0.35744044675436876  0.36787248914893333
  0.37831249760707786  0.38874409082301070  0.39931466471473237  0.40993771041452776
  0.42051015888655990  0.43099407321505279  0.44144804630602863  0.45189629185919500
  0.46234828109849274  0.47279299497748117  0.48325702373507368  0.49379838756260391
  0.50428799647115119  0.51490706980876166  0.52549725166088546  0.53616559451092161
  0.54673657136928133  0.55733489720890528  0.56790744458765685  0.57851172241120408
  0.58911813662608825  0.59971150541524865  0.61029066878761684  0.62085036289802298
  0.63142151807150138  0.64200269273580046  0.65255491965391144  0.66307782585596631
  0.67361580078201189  0.68421260864452893  0.69482070060560808  0.70534192161204401
  0.71582807698206130  0.72633639425571395  0.73686145462312780  0.74734976244542717
  0.75783266083025136  0.76834484708467232  0.77887894472531627  0.78942680854500002
  0.79999769593652681  0.81058038827660017  0.82114343850292248  0.83171498491846585
  0.84222683363531059  0.85277045496957882  0.86330611651885381  0.87390120022533091
  0.88442008329133559  0.89492330074801396  0.90539277336300517  0.91594483074128075
  0.92641700752024403  0.93695811741817281  0.94743406166118493  0.95799234903812103
  0.96847026458222851  0.97894526612912769  0.98944195726856587  1.00000000000000000
 -0.00237168453120302  0.00949544541286992  0.01958961504380225  0.03004352668299371
  0.04052124513622409  0.05105970699808608  0.06164610547542608  0.07230333159563281
  0.08296670129144422  0.09364241339847910  0.10434874359306885  0.11503845436084437
  0.12564096121955717  0.13619005866202410  0.14673487701142740  0.15727349878031330
  0.16775981419098016  0.17826642863138362  0.18881764705139584  0.19934640518526922
  0.20993088274311017  0.22045125789099654  0.23103570908708596  0.24157711952115971
  0.25211309117545488  0.26262635685589236  0.27312550352707909  0.28364782866865990
  0.29416905653111486  0.30475998100536617  0.31540110691195627  0.32599707668171335
  0.33654903131233599  0.34704210625970594  0.35754307437687932  0.36800394768340128
  0.37847214798379591  0.38896216256141136  0.39949267878107025  0.41004317141149177
  0.42061933738746493  0.43116057624515253  0.44170617349598973  0.45222362599444088
  0.46281187237224591  0.47341469922964630  0.48407269937991759  0.49465782872454883
  0.50517293701239652  0.51565071938101692  0.52610820036555483  0.53662532511835026
  0.54718264665552019  0.55773550867611688  0.56829099190717192  0.57881110704594230
  0.58931461004974250  0.59983829406538614  0.61033014206611058  0.62087311592115002
  0.63134431917207900  0.64185901745934448  0.65231255572049474  0.66283881279855428
  0.67336734467989867  0.68394648373824274  0.69457897747530162  0.70512316218272220
  0.71570513479873388  0.72618999473458290  0.73668387652190503  0.74713643790829665
  0.75765114678382295  0.76815062418240654  0.77865565653197710  0.78915926676681025
  0.79973761033033719  0.81031299517118693  0.82081842889106182  0.83133081280915500
  0.84178380257837626  0.85221487651918426  0.86267870910475275  0.87320087750617736
  0.88384353435998464  0.89442353174113554  0.90505834604172941  0.91558438972751355
  0.92612689898893930  0.93662701558992245  0.94714526156798851  0.95768379943127224
  0.96813527304342195  0.97872266392069129  0.98930238756478217  1.00000000000000000
   2.0422751182319073E-012  -1.0000000000000000     
 T T T T T T T T T T T T T T T T T T T T T T T T T T T T T T T T T T T T T T T T T T T T T T T T T T T T T T T T T T T T T T T T F F F F F F F F F F F F F F F F F F F F F F F F F F F F F F F F F F F F F F F F F F F F F F F F F F F F F F F F F F F F F F F F
  <DiscreteSampler_grid>
  grouped_processes
  1 # 1 for a reference and 2 for a running grid.
  10 # Attribute 'min_bin_probing_points' of the grid.
  1 # Attribute 'grid_mode' of the grid. 1=='default',2=='initialization'
  0.0000000000000000 # Attribute 'small_contrib_threshold' of the grid.
  0.5000000000000000 # Attribute 'damping_power' of the grid.
 # binID   n_entries weight   weight_sqr   abs_weight
    10   10   8.209853384480486E+030   2.865339823120682E+062   8.209853384480486E+030
  </DiscreteSampler_grid>
