 -0.00036589572354479  0.00245371889027206  0.00420327371271833  0.00605635362894132
  0.00827959958328978  0.01073147920859005  0.01367258450093140  0.01699893336797614
  0.02066050842387150  0.02477411193753257  0.02904541288103270  0.03331854978741255
  0.03781449146447851  0.04268406271771723  0.04790599863758269  0.05341286418627864
  0.05945249459745697  0.06622158529145630  0.07286830593362945  0.07939429946821447
  0.08595079722714936  0.09268790823306695  0.09982101455262053  0.10742135619967136
  0.11517318174929587  0.12277534229485766  0.13065808879612514  0.13902188393503098
  0.14753818771826538  0.15593423757839617  0.16428344135395209  0.17280836109799785
  0.18198382502842278  0.19139944065880030  0.20107393136582805  0.21093302676977174
  0.22099815560363270  0.23125609181838469  0.24167105102220091  0.25204016033319987
  0.26260290260478608  0.27359278909144613  0.28422385643752646  0.29563482718885176
  0.30701575404181292  0.31882597822736991  0.33107962800732954  0.34388960899738125
  0.35688305327730979  0.36980083668547920  0.38261878143210215  0.39534349821088544
  0.40792472450937667  0.42033827899758003  0.43268868273675981  0.44542066149156334
  0.45844588552952648  0.47137350316566939  0.48459222333834512  0.49807220916853634
  0.51177338279294993  0.52588470154554978  0.54032140876256896  0.55487878193349149
  0.56949082853489230  0.58421683868770791  0.59871452949206283  0.61319156380719630
  0.62758122573161801  0.64196634753173354  0.65637849587217312  0.67084052327194577
  0.68538280641575555  0.69952264826695454  0.71455409637638090  0.72937176540567528
  0.74383035264969954  0.75796352227458152  0.77174016397096201  0.78491241590522309
  0.79808009023631399  0.81135011620083186  0.82459071603805989  0.83804918117586680
  0.85174261258265782  0.86528371338914589  0.87874719686836011  0.89235638037955922
  0.90603187414067565  0.91967570548943789  0.93320592807356317  0.94656279464296078
  0.96012220624144429  0.97355128848061445  0.98682257515728922  1.00000000000000000
 -0.00220971190612557  0.00912209241284403  0.01874250643595413  0.02814737482465100
  0.03810263846247622  0.04873711622212813  0.05995733255281547  0.07048006894995555
  0.08071076856797572  0.09125864578438594  0.10150847013223288  0.11144100346048959
  0.12126203265826488  0.13157933017382875  0.14212078817784668  0.15341770374010349
  0.16499601065986308  0.17562994727744038  0.18598734093712285  0.19651811661983404
  0.20719282437040212  0.21734276661189814  0.22710431051053884  0.23704448715079074
  0.24702084636647845  0.25696820768112150  0.26676401059907362  0.27658401622297385
  0.28649074299424621  0.29679032245505238  0.30798359003077896  0.31916081421985576
  0.33019302658503324  0.34057989589112775  0.35097834686290175  0.36131335569159589
  0.37139546562077885  0.38127533987212148  0.39144379177332533  0.40163568853172571
  0.41191031245319554  0.42137170576074295  0.43097665583736799  0.44118401414397407
  0.45221498813659516  0.46347359206496291  0.47379300580414180  0.48364878318137727
  0.49388035477217440  0.50394861509118416  0.51393931940203219  0.52379777730173960
  0.53411772315356520  0.54445880193672358  0.55532366094829311  0.56623184016822081
  0.57646872553810713  0.58671452425012316  0.59664364579379381  0.60648307472688778
  0.61614256598599659  0.62576145242043701  0.63573316673623215  0.64612897656676338
  0.65631278042362251  0.66677610063424031  0.67730200619367908  0.68809188587256387
  0.69907331923344984  0.71031148897912200  0.72177632330900676  0.73313384710159324
  0.74386163912905712  0.75482495471948785  0.76579500014373925  0.77678797251108855
  0.78743886047876510  0.79824202949859624  0.80879246185242271  0.81904021800865079
  0.82913993811240427  0.83966540419661162  0.85076367790244178  0.86190833301761560
  0.87295159766507890  0.88413357654041491  0.89542824261653142  0.90681993679828021
  0.91799745839980562  0.92900120690252808  0.93989036123670155  0.95102457401343932
  0.96242663431679543  0.97392165788201390  0.98600381528345160  1.00000000000000000
  0.00114747208520909  0.01813962874509506  0.03210459306191193  0.04429476876160122
  0.05576930478310541  0.06641532941938177  0.07592389708950718  0.08476955006360282
  0.09346819862799612  0.10204149617636016  0.11053170541962160  0.11897878708306671
  0.12699148714884290  0.13500026408318919  0.14306403255735881  0.15086287293431461
  0.15856480974166010  0.16614318981076079  0.17354543618511753  0.18077146860276327
  0.18763667188896535  0.19427661941186689  0.20089987745197641  0.20768758937972687
  0.21438252985171433  0.22108490268253558  0.22784110867039914  0.23468013112058231
  0.24131957590792982  0.24794608468979767  0.25485723518385939  0.26196522510091208
  0.26912824900996485  0.27653072560167208  0.28421345371157791  0.29193060590873554
  0.29946802659908400  0.30676784559622683  0.31391353662377336  0.32102464656531643
  0.32818599836712309  0.33551087189431245  0.34308410891415342  0.35035425046946522
  0.35735827761752531  0.36420704883648913  0.37103521037075737  0.37802589679321491
  0.38513278588618843  0.39248419067308044  0.39985728095054018  0.40710320019752816
  0.41432584200573064  0.42159741009548390  0.42901647786364772  0.43646262398407487
  0.44423149546498081  0.45228880573923058  0.46058962126144515  0.46923155408279654
  0.47783617526767341  0.48624362997160614  0.49468692923098961  0.50325578316656794
  0.51170039226320729  0.52022042423076853  0.52811626935873079  0.53614547502145204
  0.54476319049345157  0.55405836474657266  0.56348437189198419  0.57270257953355586
  0.58195448467372357  0.59160206563595585  0.60128305951376315  0.61091653451516925
  0.62066133243075905  0.63115676037310708  0.64265922104936879  0.65446041630010010
  0.66638197600924565  0.67774311678546306  0.68937208776932490  0.70121743642393863
  0.71356205655937244  0.72656817722020761  0.74067598971892190  0.75586614500401916
  0.77195992205480368  0.78873574345023323  0.80768753560327577  0.82876837563916295
  0.85199222502902316  0.87938720815804661  0.92114998746332932  1.00000000000000000
 -0.02087480923082115  0.14197594999275154  0.19627498291539563  0.23040227516231671
  0.25587761649540591  0.27814441503608206  0.29873238752973458  0.31663192784095878
  0.33147759401464194  0.34507428011724034  0.35754403578202082  0.36886593782619836
  0.37979513170093399  0.39034825273314000  0.40054068435771356  0.40992304753529890
  0.41903827879625816  0.42738206162030473  0.43566835419261468  0.44389628932877129
  0.45159880800728774  0.45888967692253269  0.46567412001912950  0.47272606046114191
  0.47969141281164762  0.48594148364627981  0.49212737558514102  0.49836322189708576
  0.50452521856447441  0.51039427411140137  0.51622947186554391  0.52191216851256028
  0.52745976811803985  0.53305432460934832  0.53857385607988073  0.54409534834985429
  0.54947991933132245  0.55469314883432963  0.55992549953593673  0.56533226131964631
  0.57087301580332817  0.57641704176317088  0.58192948154406532  0.58754335825467363
  0.59316997941193339  0.59860724797482645  0.60392384402043975  0.60933841395189026
  0.61472896655041398  0.62004190918217550  0.62526084302930030  0.63052882312861047
  0.63578074712110733  0.64107824550699488  0.64634064765977950  0.65146090804896695
  0.65654257571158903  0.66170131651340536  0.66672064399865394  0.67169379721691880
  0.67650907657755655  0.68130344931850029  0.68612236184040798  0.69122997567748379
  0.69656020152125708  0.70191532220731534  0.70720748145850998  0.71240173651947014
  0.71752682348267249  0.72274670550314157  0.72818776086538151  0.73339930984344004
  0.73853887822035735  0.74364177685744981  0.74877747545532747  0.75391325912411911
  0.75919776091734370  0.76464775309482946  0.77026100121720920  0.77602121825602921
  0.78174795468346536  0.78743453744988823  0.79344102423845686  0.80007592494940638
  0.80716230792173271  0.81487452104105118  0.82312244070172469  0.83130578026244151
  0.84064767083381442  0.85062732044608336  0.86165493092710677  0.87362280581738894
  0.88759312812614222  0.90569793307623492  0.93302712035298130  1.00000000000000000
  5.16558183006451393E-005  -1.0000000000000000     
 T T T T F F F F F F F F T T T T T T T T F F F F F F F F T T T T
  <DiscreteSampler_grid>
  grouped_processes
  1 # 1 for a reference and 2 for a running grid.
  10 # Attribute 'min_bin_probing_points' of the grid.
  1 # Attribute 'grid_mode' of the grid. 1=='default',2=='initialization'
  0.0000000000000000 # Attribute 'small_contrib_threshold' of the grid.
  0.5000000000000000 # Attribute 'damping_power' of the grid.
 # binID   n_entries weight   weight_sqr   abs_weight
    10   10   2.638444580028533E+008   7.171041694550108E+016   2.638444580028533E+008
    11   10   2.638444580028533E+008   7.171041694550110E+016   2.638444580028533E+008
  </DiscreteSampler_grid>
