  0.00954534865434667  0.01552754701697512  0.02482612617463811  0.03563618117264413
  0.04598626555064229  0.05637266580474268  0.06678827353331920  0.07723562548055243
  0.08768706646730555  0.09811674875522162  0.10857417831627814  0.11897482690118283
  0.12937683296868141  0.13978948830874316  0.15027115797846274  0.16074243702423946
  0.17116052363564249  0.18151273705286888  0.19182670253011544  0.20222276666847067
  0.21265410993888850  0.22312774481731890  0.23359399302539594  0.24402678915839396
  0.25441646376712923  0.26478068609167121  0.27519124320414567  0.28563764555722976
  0.29605274060960229  0.30639870492631199  0.31673991029170001  0.32708163185722655
  0.33747477178782481  0.34788898883827957  0.35832735985577785  0.36875478944098705
  0.37915128959502231  0.38955537803892626  0.39995600439365103  0.41040038652252819
  0.42080700803614746  0.43120134521616799  0.44154229901485798  0.45189393345196660
  0.46222622972937827  0.47257142065450558  0.48293594147073449  0.49332323044256077
  0.50366233282487938  0.51395186243329005  0.52427494757661730  0.53466656382583688
  0.54505732136100249  0.55536751354539027  0.56568486604604995  0.57605856870904226
  0.58644993459446371  0.59678669597665657  0.60708129601052530  0.61739469193797092
  0.62775195966300079  0.63813482739824867  0.64852570408579358  0.65890349525112735
  0.66926478935109501  0.67963716121660755  0.69001737048431977  0.70041446780672056
  0.71082109153434536  0.72121451216398735  0.73160536064192838  0.74198564277511103
  0.75234022257010025  0.76266737821674679  0.77300377061090386  0.78337393611046502
  0.79376496938107910  0.80412495804599027  0.81450718062220206  0.82491348475376203
  0.83532455593365951  0.84571157904185867  0.85606109462923519  0.86640399113908606
  0.87678121554637212  0.88720563542265996  0.89770032512793696  0.90815207605530968
  0.91859025040124320  0.92892686424856874  0.93931155672837874  0.94967838326039522
  0.96006370301122923  0.97036357295223374  0.98063839751753501  1.00000000000000000
  0.00958287735172133  0.01551562542938975  0.02472494250382422  0.03544888167861657
  0.04577909138241583  0.05614683884549162  0.06652188605610815  0.07691696056963800
  0.08727641389735129  0.09761905063983660  0.10791361868243432  0.11823590980444916
  0.12857217979913890  0.13894630678884221  0.14933399405250389  0.15980746876421514
  0.17023863191886496  0.18067634633085683  0.19104289662459387  0.20146607994140225
  0.21192273748842341  0.22236860498760880  0.23277903230322317  0.24320225188195174
  0.25365064286022815  0.26409084988697684  0.27449622125754436  0.28487794360022822
  0.29528955485870889  0.30567458981415779  0.31604562526053720  0.32638696351407537
  0.33676061066680241  0.34718550277481619  0.35764517411255115  0.36810763494335619
  0.37853787520606569  0.38899178327437156  0.39948125932232209  0.40999268577354964
  0.42047491850227436  0.43090470718178292  0.44131383741464247  0.45173023129906642
  0.46212118206258829  0.47249312994705778  0.48284784373603262  0.49317222211998873
  0.50347917861779357  0.51376348614288903  0.52407310933867757  0.53447244380663106
  0.54494463319884212  0.55544308425796363  0.56588825445355606  0.57626254514904973
  0.58661403286961367  0.59694116448827428  0.60727934114650850  0.61767583592395070
  0.62812819636746797  0.63859947535189576  0.64902199706338848  0.65940202230590883
  0.66977853044908220  0.68014109676933865  0.69049626381756135  0.70084486047021366
  0.71121439671969577  0.72161435189164058  0.73200494217499967  0.74241652425869198
  0.75283725274465574  0.76328415832999696  0.77369281565775638  0.78404759216266540
  0.79438434656414236  0.80474759267561458  0.81511654009827217  0.82547895939468829
  0.83583431669540276  0.84614673666665730  0.85643297327890733  0.86668214060389259
  0.87704104502359648  0.88751504527780245  0.89800223472310159  0.90842268525808045
  0.91876262396685027  0.92911790577935849  0.93946711090507407  0.94978981837941689
  0.96006048890891504  0.97032691409558292  0.98060533298409114  1.00000000000000000
  0.00953880818729988  0.01560451912996219  0.02495069642829766  0.03574425517689484
  0.04613437029096122  0.05653202158547605  0.06698021574886419  0.07743401929445845
  0.08788061397915267  0.09827613206507083  0.10863858487961453  0.11897738669490773
  0.12934278623937673  0.13973908962008114  0.15014099828332592  0.16054771354961167
  0.17092146586676760  0.18133419088469352  0.19173659594919437  0.20214205646166286
  0.21251518645928760  0.22291160152473469  0.23331103169174036  0.24369305851631226
  0.25404071255879918  0.26437653137922451  0.27472050395894621  0.28506500267998003
  0.29543662792615061  0.30577653086645717  0.31610961994365905  0.32641128438675704
  0.33677931287305779  0.34719022661487425  0.35764563719093012  0.36806432411788476
  0.37847054341224889  0.38885630467616850  0.39925313573811977  0.40964393757294160
  0.41999220914958235  0.43031890740372414  0.44063083316735518  0.45097230393204496
  0.46133504272407999  0.47167394452105094  0.48197951438092462  0.49225555547848210
  0.50253833633156164  0.51283905179364786  0.52320429640016652  0.53363397714318539
  0.54410372134435314  0.55457370944559758  0.56500748278735813  0.57544080374828266
  0.58587958694591358  0.59633149380653661  0.60676103073535470  0.61712835871734428
  0.62746181642936805  0.63777946401044638  0.64812477923203127  0.65848733235297752
  0.66886561288202373  0.67923321912622103  0.68960499626752536  0.70003679977553257
  0.71050118651554417  0.72098203638369029  0.73140832793561539  0.74181197786581432
  0.75221628763416815  0.76260855269185535  0.77297978356941266  0.78329768060166960
  0.79359735956278743  0.80388375054018224  0.81418998053010583  0.82453076596841934
  0.83486299738248659  0.84521986939286375  0.85556441524543381  0.86592111096077951
  0.87634136190742873  0.88675890849383310  0.89721358782873717  0.90763497717962338
  0.91802665398517991  0.92842145719446634  0.93880593893596875  0.94923220360200677
  0.95965679815523619  0.97004870723795722  0.98044807407490475  1.00000000000000000
  0.00951380590805144  0.01558715613863457  0.02474743515036168  0.03551233098455190
  0.04584705778571376  0.05624500320765192  0.06669623800195384  0.07711313685552239
  0.08747311881659811  0.09778747609171499  0.10814007041429362  0.11844520370482407
  0.12877274457545704  0.13909231307124159  0.14949113216378701  0.15982494757199509
  0.17017664440376887  0.18046301855868066  0.19076003102447700  0.20108617004584084
  0.21144607674304680  0.22188084438483444  0.23229775114735052  0.24270501262070829
  0.25312835378995796  0.26354319580526270  0.27397256155289423  0.28441714474655422
  0.29483519789903145  0.30525042015368853  0.31560592479669169  0.32597715988219544
  0.33632885652556727  0.34668589889354678  0.35705665753443250  0.36740886174468007
  0.37772930592204307  0.38807300986197646  0.39850200626185012  0.40898893118513913
  0.41945931825833271  0.42990543852900548  0.44031256028852334  0.45074070942043098
  0.46111464848585643  0.47150015755896513  0.48185336257868461  0.49223523774378913
  0.50260836920787166  0.51300222274485685  0.52343201526352168  0.53389468284031849
  0.54432451591312125  0.55469758932415603  0.56505049635130900  0.57540185311418246
  0.58576351876630472  0.59609572187714255  0.60641425845677099  0.61675762399422718
  0.62715713515876659  0.63759492107122584  0.64797976172104144  0.65830799595985579
  0.66863660252858947  0.67899507121724922  0.68938438665958757  0.69977793669727695
  0.71018088069890806  0.72062276831104133  0.73106860931383399  0.74149486082091154
  0.75187007962779306  0.76224823142771325  0.77269129560074645  0.78312778260467120
  0.79349863092516548  0.80378011065482047  0.81408005184309962  0.82444482032224742
  0.83483613394586720  0.84522179944239562  0.85560622381151474  0.86602247984505354
  0.87646609543745679  0.88696052782796186  0.89747158841851982  0.90794823314158901
  0.91841902210076909  0.92884288911040880  0.93924503358494627  0.94955247958631728
  0.95980663213904360  0.97012990973540325  0.98046749128649824  1.00000000000000000
 -0.00223007257891849  0.00962430624810868  0.01977217824073717  0.03029251153597292
  0.04077311726676007  0.05130590572852781  0.06185412842799380  0.07243669188501929
  0.08303659023641387  0.09357216455970843  0.10417713780977346  0.11477196968667649
  0.12543445210760606  0.13596358154645391  0.14638537817702091  0.15691020864491170
  0.16747803594018004  0.17810091265043748  0.18865267177536765  0.19921812168193556
  0.20980753210254849  0.22037206436109844  0.23087127532940993  0.24135181692861496
  0.25186577974006158  0.26244932410668187  0.27299829815754212  0.28355909297327675
  0.29415302172290853  0.30478264255660198  0.31539185525936225  0.32595851394043968
  0.33653030920944765  0.34709316345452168  0.35767457331039954  0.36822407134978058
  0.37874398406218823  0.38921692375290506  0.39971333129186459  0.41023637525050244
  0.42081118708284138  0.43136173733574601  0.44193156279142215  0.45253507955495204
  0.46312199334941395  0.47371759268489566  0.48428283424008001  0.49489898713252239
  0.50548175218666369  0.51603268348169073  0.52653449634289473  0.53705505957151889
  0.54753345008477594  0.55806886512034271  0.56859360572896667  0.57916083188705303
  0.58968167483523692  0.60022201614013648  0.61073211922638726  0.62127558961007268
  0.63177923958644633  0.64226070613743091  0.65268163743784591  0.66307655595950232
  0.67349335566894253  0.68395928158330266  0.69442890185844108  0.70493418868741986
  0.71546050848271858  0.72600290025902126  0.73656967816883434  0.74713788947742987
  0.75768065391673534  0.76820977356477227  0.77875618453122097  0.78935558818694407
  0.79998196496441598  0.81061354499507765  0.82121003619984778  0.83178509460471750
  0.84230825048047941  0.85284872605283768  0.86333009998210497  0.87385365575381369
  0.88436734067356682  0.89493236162212852  0.90536737481571927  0.91584637361550980
  0.92635398517281020  0.93692584687521874  0.94745628199474463  0.95792694376893561
  0.96844849564149693  0.97895399103748904  0.98948815556994307  1.00000000000000000
 -0.00254398284618693  0.00958728301230101  0.01976534603500743  0.03025745092205700
  0.04075283042586901  0.05122353749785832  0.06169576579909073  0.07223141024853523
  0.08276928889544297  0.09332576172321619  0.10383020471979117  0.11430272572972611
  0.12476302996228252  0.13522061839798966  0.14575159614037395  0.15637257712907679
  0.16702205378064253  0.17758056628704896  0.18810489614192291  0.19858789736256521
  0.20911357759890847  0.21958610243835816  0.23008034105327388  0.24066771081540295
  0.25128167459634432  0.26188031708915666  0.27236762564032818  0.28282262543607867
  0.29332093601477022  0.30389533835918170  0.31452973152057850  0.32510569842751824
  0.33561560161825754  0.34611496920521073  0.35668470711991085  0.36728118934399601
  0.37788095763627028  0.38843144834904864  0.39898394863924364  0.40948548017083741
  0.42001724323238443  0.43054973055102136  0.44112091281342553  0.45168546350815003
  0.46222786932692950  0.47280761038485536  0.48337408661637471  0.49399398528381638
  0.50455031363578884  0.51510006266808106  0.52562117296173472  0.53617449700663211
  0.54671704807968813  0.55725432901942340  0.56781427533484141  0.57842288437884326
  0.58904085427179931  0.59964008548271208  0.61017668523746338  0.62070053269505221
  0.63123897123932116  0.64178490594047333  0.65236580955059909  0.66287136907708810
  0.67344624830633182  0.68400695131531952  0.69456954923024872  0.70506888706165016
  0.71558584704830541  0.72612804299806577  0.73668371144324196  0.74723287206234834
  0.75781439378090221  0.76841902721885447  0.77894169009802894  0.78940849231283261
  0.79982591005870352  0.81029236426902773  0.82076013155934602  0.83129298961678755
  0.84178860465304772  0.85236586843614193  0.86291745848930634  0.87352057453854171
  0.88409722822948122  0.89465400015830532  0.90520966105361922  0.91574328494274537
  0.92627387125520744  0.93687701912785415  0.94744211686241520  0.95799879459011605
  0.96845444912395029  0.97892940990115629  0.98944459464084178  1.00000000000000000
 -0.00231672619806174  0.00938109743575920  0.01944361952627363  0.02986231295898218
  0.04033585398961802  0.05092016466297469  0.06153897819542434  0.07220049875666869
  0.08280170548031483  0.09334992218151136  0.10380971816520043  0.11423403694269045
  0.12467997814732791  0.13523304449193549  0.14582507953394375  0.15642386368343450
  0.16699648163948366  0.17757456237341282  0.18819413149924039  0.19879286116625763
  0.20934481902323246  0.21982290927920331  0.23028128515053703  0.24074068799804205
  0.25127439122751871  0.26188702196763131  0.27250083012643589  0.28308320141190962
  0.29359678162297992  0.30411352464306790  0.31461396941541897  0.32513630748270372
  0.33571422872517054  0.34632709658488309  0.35691753000284521  0.36741215140471750
  0.37787181460158131  0.38832373322644853  0.39881869083634458  0.40925948500697962
  0.41973483064605566  0.43021711819400449  0.44076538647068458  0.45130180799811120
  0.46185437451715006  0.47235086434861590  0.48285460003308983  0.49338016398229212
  0.50392428601929562  0.51442328600457454  0.52491501455294276  0.53538473842179479
  0.54591591121046579  0.55646766357126687  0.56708088068571150  0.57766725285744969
  0.58824127897354850  0.59882790819564413  0.60943991124781682  0.61999446628421384
  0.63054757616806734  0.64109579028541852  0.65170329982004305  0.66232435826866498
  0.67296894115146710  0.68363137005230790  0.69430720670738544  0.70504029096923182
  0.71571183684931772  0.72629277425166816  0.73682909366782678  0.74728964806359766
  0.75770533594836620  0.76810379438844423  0.77860084224973425  0.78916197179911962
  0.79972985309743128  0.81024766507800894  0.82075447772065824  0.83121119269456645
  0.84172186120369474  0.85231431321672924  0.86295045534330428  0.87355153956652520
  0.88407647113809040  0.89459202106118463  0.90511881715815001  0.91565272770693962
  0.92620415049394145  0.93680166222712824  0.94738408731619506  0.95792850416938868
  0.96843995611604250  0.97898387905032158  0.98951085458677179  1.00000000000000000
 -0.00252127534491440  0.00935994803237045  0.01952912800004792  0.03001985661623999
  0.04063446815228582  0.05120222128666084  0.06173785910029835  0.07229107970786171
  0.08285885402494862  0.09345754777786337  0.10405451646934499  0.11468254569300589
  0.12529068983329836  0.13589689987794482  0.14643821747383817  0.15699218358520778
  0.16749219547297303  0.17800527880058761  0.18852840981598723  0.19907587268110638
  0.20963203362296265  0.22019602538151450  0.23076516058804478  0.24130286164342307
  0.25183039799476964  0.26232436478185717  0.27282029631530053  0.28333235875428198
  0.29386070251372620  0.30438623194205361  0.31492930766759758  0.32545166985400364
  0.33598521492225303  0.34650060989195142  0.35701214728044706  0.36754918335922937
  0.37809110669804358  0.38864744812025748  0.39922216097060476  0.40979724241056809
  0.42038164561645136  0.43098360424841792  0.44155679999318287  0.45210525476515273
  0.46263457316977108  0.47315906783212092  0.48367332112712130  0.49419691873743721
  0.50478166611395781  0.51535588623824424  0.52586486454726389  0.53633831045089053
  0.54688233594945546  0.55745764065709125  0.56796813393617607  0.57849695090398279
  0.58906837071253038  0.59962644558988254  0.61015282008834881  0.62065254725758479
  0.63121914147742186  0.64181437892945525  0.65240837657283068  0.66302756486475167
  0.67363809311167511  0.68419507562969983  0.69473791807608698  0.70523918354216952
  0.71573469704019110  0.72617658261772700  0.73662524359683934  0.74715375146595808
  0.75780366305974567  0.76842439410649044  0.77898589497739978  0.78939657446697198
  0.79985027884382676  0.81032620559541568  0.82085647143954199  0.83138340569439606
  0.84191356517554050  0.85244936122795623  0.86297122836006201  0.87348256602834173
  0.88398660244949734  0.89446846117809276  0.90496556539090556  0.91551671242612043
  0.92610426269345514  0.93675223598780244  0.94735397934181942  0.95793307717034171
  0.96844751100000759  0.97895070844711951  0.98948686191406876  1.00000000000000000
 -0.00252415565824286  0.00952765605049848  0.01972243465948967  0.03021671208408437
  0.04074670143367699  0.05124348138201832  0.06175862517026010  0.07226299290111407
  0.08282178574501131  0.09344007500527510  0.10409175213271898  0.11469644164695146
  0.12522640871829660  0.13580212828546881  0.14635449850555779  0.15695716109379779
  0.16751261148854607  0.17805277329616012  0.18857060871517928  0.19904731112878526
  0.20953527529168042  0.22013612374863639  0.23079761948874516  0.24150993895611286
  0.25213578972415546  0.26274524549476763  0.27330093357565310  0.28389753491399145
  0.29445736830514124  0.30504445959189019  0.31553002780668366  0.32602121592341748
  0.33648673067307677  0.34699784223231595  0.35750456574785255  0.36806621994550320
  0.37855921692474920  0.38901769923812568  0.39943151384676856  0.40989260329499333
  0.42041141687044847  0.43088379923145126  0.44137711734995305  0.45184586928296466
  0.46230983464355380  0.47278380815803084  0.48330547588462502  0.49387889583292266
  0.50439820190963724  0.51484819513440017  0.52533631648248069  0.53580773035367257
  0.54631583290773156  0.55675425700750025  0.56726376788655875  0.57777218366988625
  0.58840528601007902  0.59902095135857281  0.60958111396489323  0.62002671058676073
  0.63046835393359513  0.64096065139419756  0.65153870243060386  0.66212977294902642
  0.67271913121092353  0.68333298843559365  0.69391558967011779  0.70451469237353204
  0.71506388600395987  0.72564418571744871  0.73625125326214425  0.74681037523723470
  0.75734375573379920  0.76784011256942875  0.77839462475173926  0.78898284492898718
  0.79958732549537692  0.81016355260310313  0.82077215778731738  0.83137619759680037
  0.84195687215515802  0.85253464035904281  0.86311073601329946  0.87373335999966084
  0.88425444945188003  0.89475726770303721  0.90524550450494878  0.91575364453798047
  0.92632467817883224  0.93690944091943196  0.94750465237152670  0.95806664573178713
  0.96854203189742027  0.97902667998543691  0.98949428345309076  1.00000000000000000
 -0.00248303091124534  0.00937652102452179  0.01950322678148892  0.03000060192408174
  0.04057442590580723  0.05113517737984447  0.06168293169684599  0.07218192300615192
  0.08274844405736420  0.09334244963575317  0.10392475842607909  0.11441982661950835
  0.12491328060426744  0.13545207967558753  0.14604824426113752  0.15665460330137845
  0.16725353868019116  0.17783372265337305  0.18841240127629427  0.19889095744894825
  0.20940838226050462  0.21987957734050453  0.23043107584217792  0.24094258522787484
  0.25148641547168699  0.26206284167813243  0.27258985274355663  0.28313275887668266
  0.29360215689630004  0.30410424652060247  0.31459223557292343  0.32505464449191218
  0.33549727709031557  0.34600057606521201  0.35651555028930404  0.36708957137153803
  0.37763103714216306  0.38818539190399060  0.39870467984748881  0.40923060657124943
  0.41976942648669735  0.43031363945141771  0.44084381107583676  0.45137195773512506
  0.46189342245785869  0.47247073730803096  0.48307794834151180  0.49370781332764674
  0.50427905160394237  0.51486293246887160  0.52533039488050981  0.53583759794278030
  0.54633821885637124  0.55693442980438013  0.56742923915810350  0.57786905369483654
  0.58830489702562250  0.59881240172149042  0.60934496375296821  0.61986677401351176
  0.63036490132058831  0.64087273845468273  0.65142653932571648  0.66203048082700733
  0.67264944377902325  0.68321049450013527  0.69378457739814481  0.70438691656538821
  0.71505902101931773  0.72564121475185106  0.73632491053928140  0.74695127485853929
  0.75765278561848093  0.76825943641363303  0.77889179958550825  0.78949635230625237
  0.80002089284154321  0.81056238776963951  0.82113364508577902  0.83170082077616647
  0.84224172458555246  0.85274397279342651  0.86325368160922622  0.87369731845533283
  0.88419326750440919  0.89469624349349719  0.90527179473804442  0.91579532430351429
  0.92633318024776645  0.93685399820806947  0.94735425062145362  0.95787439947624142
  0.96832991228625065  0.97888315123575431  0.98941667783359510  1.00000000000000000
 -0.00242842707257435  0.00957993609918309  0.01973455097202464  0.03025483677908803
  0.04074693623580654  0.05122201418822132  0.06166216229792132  0.07215649027169101
  0.08262817740903658  0.09320103979516549  0.10376672688472867  0.11438579274479513
  0.12501498330821784  0.13569997291300592  0.14636710843198239  0.15696302205918714
  0.16751472118461852  0.17807672808032923  0.18866769912976697  0.19918982764231657
  0.20969198320971441  0.22018449838641690  0.23072019532860297  0.24129575250671959
  0.25192245869872215  0.26260895163878439  0.27324806459416745  0.28386752999236253
  0.29447931448495746  0.30506597737721658  0.31559466002479664  0.32607806140202783
  0.33666992958594083  0.34726917694574261  0.35788208699799923  0.36839257095728511
  0.37901352415834877  0.38965405475840015  0.40023352942812862  0.41073762569045175
  0.42123164305328276  0.43182850306554305  0.44240561846321980  0.45295006730480236
  0.46351213679998760  0.47409860738716769  0.48469900917282649  0.49526446603653718
  0.50574027356057716  0.51612190072634745  0.52654908433129732  0.53703222661112771
  0.54757364120439722  0.55811092018701358  0.56869049153746709  0.57930903166848891
  0.58984590731077602  0.60039436196557139  0.61088177514474196  0.62139972510543995
  0.63188744474226555  0.64240797200605637  0.65296020843709335  0.66351400332755350
  0.67403106184564654  0.68449369747293298  0.69493750669743537  0.70541742642929861
  0.71595680864222644  0.72645885587760373  0.73696798101094685  0.74746254978520610
  0.75800350940748562  0.76856795427346369  0.77909911474677096  0.78968431350775858
  0.80023648249955426  0.81079629715233970  0.82124802042789502  0.83172156974147060
  0.84221804298268721  0.85275182080465595  0.86331588724349739  0.87389924800413166
  0.88442253378242752  0.89493054113689685  0.90545717950882232  0.91602727152935692
  0.92656702469558805  0.93709798288651580  0.94761117263096450  0.95812838294497138
  0.96862573541995267  0.97906648250172323  0.98953589709260903  1.00000000000000000
 -0.00237613036030870  0.00950395042981658  0.01963026049298575  0.03012751463644672
  0.04058014195532318  0.05099418682452836  0.06147406342767878  0.07194396802285793
  0.08251250868887587  0.09304554164315518  0.10370212100750462  0.11426902171594057
  0.12481947679685185  0.13529947471868983  0.14581104358358005  0.15632713891886468
  0.16685273645825199  0.17740878348996855  0.18797901794886734  0.19856059358385392
  0.20918154021254171  0.21974631027419991  0.23026725776948728  0.24075348659837886
  0.25129077444869619  0.26187024719365309  0.27242556977283361  0.28296250936240885
  0.29352259194790736  0.30403301973080560  0.31453996575781573  0.32499760659230081
  0.33553587126717671  0.34611079607604439  0.35670848881432327  0.36727663243281022
  0.37789129571980390  0.38849139259570914  0.39911723362224261  0.40966305055872482
  0.42020750943978258  0.43074897321772099  0.44123938745284524  0.45174752593669065
  0.46219714191311195  0.47270225032350299  0.48318217650840217  0.49370114246411662
  0.50426936540756551  0.51489710107991260  0.52548814273864231  0.53604328544364954
  0.54658255890897411  0.55714650033785051  0.56766333401967073  0.57810935021231524
  0.58860073794387635  0.59909441754619253  0.60966531879522790  0.62016918084445893
  0.63073341451503318  0.64123449276336553  0.65174761512371104  0.66224083817437462
  0.67274526069696439  0.68329989124998225  0.69386602187039248  0.70443498576511254
  0.71500680676591433  0.72551012500393020  0.73604607228244612  0.74650203186080333
  0.75698266742930698  0.76741240033537350  0.77794491956494149  0.78849138846859013
  0.79906649146042452  0.80959262562664824  0.82020243370407864  0.83080027790968014
  0.84137150049057008  0.85195103384647530  0.86252442601209023  0.87306515021794762
  0.88353752293384569  0.89404391519370363  0.90459419007782482  0.91518976840001509
  0.92576543438148373  0.93637764863283668  0.94700479866606102  0.95768978330423538
  0.96827074340534991  0.97883796656995858  0.98939950872481708  1.00000000000000000
 -0.00248064444097229  0.00954520131119045  0.01974580067936453  0.03027237911848770
  0.04082498341349071  0.05138007343973990  0.06193259679256774  0.07238757702703766
  0.08286851435015388  0.09338747134440638  0.10396926571173257  0.11452767034616740
  0.12515543721476979  0.13576319157026193  0.14638342948664826  0.15693216925309930
  0.16753709309599396  0.17812194118320240  0.18863793586657276  0.19905414772851238
  0.20948270146920342  0.22003134747666656  0.23063643695977229  0.24119454625803943
  0.25168661183900037  0.26217958863655777  0.27271578524240381  0.28329368443009001
  0.29386618041779766  0.30437269281364399  0.31487585547092606  0.32533714852699902
  0.33587316618680413  0.34643468337810396  0.35699644896758698  0.36756504518588917
  0.37808146868894621  0.38859563632108446  0.39905816844881808  0.40951503443424636
  0.42000154173087867  0.43049158437211149  0.44100590646875465  0.45156158678601777
  0.46213307942602577  0.47268758029963714  0.48316155327761778  0.49364963129753325
  0.50413233347309327  0.51469985860834011  0.52524059229586939  0.53581325210857533
  0.54637325494062761  0.55696220270087660  0.56752954008616852  0.57806998924299968
  0.58859021747310492  0.59914389212688202  0.60971522639905151  0.62032657778616396
  0.63087680953104175  0.64146535655838910  0.65203239813394009  0.66263858966001110
  0.67316768305279928  0.68364746219521022  0.69415693052557192  0.70470997483492515
  0.71529019093815727  0.72581557954794251  0.73632133159211355  0.74680070539157373
  0.75740789045405699  0.76798160733974441  0.77857024251916374  0.78900888701006855
  0.79955044523519669  0.81010207719746574  0.82071509687625110  0.83134244903059373
  0.84195399726556375  0.85261783405879488  0.86314617108241054  0.87366890786597196
  0.88412531660445426  0.89461007962181527  0.90513162689042159  0.91564134139711473
  0.92620026340259431  0.93671421128034627  0.94721932062291359  0.95767241472525877
  0.96816977203705379  0.97875797461859237  0.98937354386624321  1.00000000000000000
 -0.00243973721768891  0.00941119389739299  0.01960230571134468  0.03012776343425953
  0.04063662614744986  0.05110939055393939  0.06155318103010450  0.07211916798840505
  0.08269055683731771  0.09328332223894685  0.10383183097328097  0.11431447676364789
  0.12477748540843046  0.13527359262574193  0.14575623550548886  0.15627098414277565
  0.16672613533842512  0.17720917720441146  0.18770753486415787  0.19821395085255150
  0.20871500970129361  0.21916879481592197  0.22964316027366349  0.24018628610858683
  0.25074110784875220  0.26126989314750237  0.27176192577273373  0.28225103121231937
  0.29276930529026518  0.30330631336731073  0.31382827204638125  0.32435326654330132
  0.33485867073104336  0.34542239005996950  0.35600363210574298  0.36664357847005591
  0.37721436786540830  0.38778820677204923  0.39835881026175168  0.40898934486204219
  0.41953834103560772  0.43006973791153613  0.44060825670787968  0.45119222587346974
  0.46174666763710692  0.47230613893592815  0.48288178597307002  0.49340881548686699
  0.50392727682952609  0.51441151279062014  0.52491849280054603  0.53543145614015131
  0.54600484315889786  0.55658212394487583  0.56717010761318920  0.57775085076064536
  0.58839683378330954  0.59899680993016102  0.60959174056745269  0.62018209792305723
  0.63079355394967351  0.64137302509997918  0.65187405362643580  0.66235616703690536
  0.67287318582867939  0.68341768549200099  0.69394186168115857  0.70442828746268626
  0.71496738438570384  0.72554225066035072  0.73614426589663351  0.74673889944556038
  0.75731342661318934  0.76789110068209099  0.77850355513196956  0.78914909964395585
  0.79976317258631868  0.81035450744344473  0.82093125889214047  0.83153627699810995
  0.84211542355331537  0.85274890307514239  0.86330746147526372  0.87388897451881764
  0.88433719061815819  0.89487423666706578  0.90543371779772985  0.91605266095417892
  0.92665306296481798  0.93718030933666741  0.94761514622511123  0.95812277305048821
  0.96859033621994384  0.97912644225880285  0.98955784784737955  1.00000000000000000
   2.0487859315056797E-012  -1.0000000000000000     
 T T T T T T T T T T T T T T T T T T T T T T T T T T T T T T T T T T T T T T T T T T T T T T T T T T T T T T T T T T T T T T T T F F F F F F F F F F F F F F F F F F F F F F F F F F F F F F F F F F F F F F F F F F F F F F F F F F F F F F F F F F F F F F F F
  <DiscreteSampler_grid>
  grouped_processes
  1 # 1 for a reference and 2 for a running grid.
  10 # Attribute 'min_bin_probing_points' of the grid.
  1 # Attribute 'grid_mode' of the grid. 1=='default',2=='initialization'
  0.0000000000000000 # Attribute 'small_contrib_threshold' of the grid.
  0.5000000000000000 # Attribute 'damping_power' of the grid.
 # binID   n_entries weight   weight_sqr   abs_weight
    10   10   2.599463095703371E+031   1.989560328095136E+063   2.599463095703371E+031
  </DiscreteSampler_grid>
