  0.00959199056930547  0.01547859565020017  0.02462170058458623  0.03537156846616812
  0.04572756829494163  0.05613530158803327  0.06655425819360143  0.07694529682908087
  0.08733865440267290  0.09777959090998063  0.10819648054489701  0.11860124938703542
  0.12896043768259910  0.13936012868112815  0.14974899533629499  0.16015133235122470
  0.17052935209481418  0.18093366611001657  0.19130200453217194  0.20174204070736362
  0.21215110237130613  0.22254693242030732  0.23284768108870946  0.24316137071828864
  0.25347330246273136  0.26387197095932291  0.27426844633452030  0.28472630958359796
  0.29515267549775270  0.30559671341701622  0.31601205418193329  0.32641977311673825
  0.33683377779916024  0.34723361164289845  0.35760010983859813  0.36792752387708916
  0.37823577598765090  0.38855258318150498  0.39888682350610022  0.40925948611761304
  0.41966954840613924  0.43009279085614088  0.44050074327111882  0.45087890504238476
  0.46122866607476537  0.47160123939104714  0.48200019812319117  0.49243270291271773
  0.50291545613070254  0.51339159407208623  0.52385015627432774  0.53422449080962986
  0.54458671326523456  0.55497071779239238  0.56538684197384670  0.57580186643298259
  0.58619447126601143  0.59656750240140177  0.60692297731132705  0.61727283441734349
  0.62763287604244056  0.63803712616866992  0.64846959901073975  0.65888121332781835
  0.66926662532225711  0.67960444967712230  0.68991991547948117  0.70023732895539292
  0.71057294044795161  0.72092587259850505  0.73125397936329362  0.74159000393202712
  0.75195750112590520  0.76235862783877595  0.77274215020284465  0.78313934659105489
  0.79349599933871873  0.80382509181958139  0.81412294569032129  0.82443826774384310
  0.83484013297946669  0.84522915322674586  0.85567442217584810  0.86611312244704375
  0.87656362256714304  0.88703079901895010  0.89744810274717035  0.90786527392030325
  0.91824137540277939  0.92863531396891330  0.93900894792719025  0.94935728119989404
  0.95971085060352379  0.97008825438060908  0.98049201751645898  1.00000000000000000
  0.00955732810075480  0.01562183159139525  0.02486866933463552  0.03566530304612175
  0.04610042146293249  0.05661943481572903  0.06707712596188151  0.07744191571760146
  0.08778612358867838  0.09821133646282668  0.10867024100402362  0.11906244769965424
  0.12942050055285642  0.13975524211495990  0.15006002715083333  0.16040122821223263
  0.17083523693968125  0.18138513321107572  0.19189897354606969  0.20237010619606846
  0.21279987615558615  0.22319932887345639  0.23356152585468570  0.24395087375063457
  0.25433862825613485  0.26474046028728848  0.27510857830732066  0.28550598394332882
  0.29594454929419700  0.30637776202339168  0.31682055745257365  0.32722796900149681
  0.33761588295257183  0.34801056596761409  0.35838452461488118  0.36877155671932421
  0.37908555089813162  0.38941310055335693  0.39973161815476210  0.41010008564435158
  0.42046056352548244  0.43082216390342931  0.44116284678065720  0.45153396627745013
  0.46191615124974361  0.47230480658173207  0.48271969449621133  0.49313141160956914
  0.50354721202080710  0.51392380698754303  0.52427239643741486  0.53461813342116804
  0.54497025008192446  0.55535866610571016  0.56575987223122404  0.57613610592687248
  0.58648768253129768  0.59684689947782998  0.60724518098245828  0.61763973821429030
  0.62800028123135054  0.63832662252269934  0.64865931422287282  0.65904606363052753
  0.66947273297464638  0.67990847650737474  0.69031312270102763  0.70067731096395358
  0.71102229710040943  0.72134391996555369  0.73165928508008693  0.74199639566185283
  0.75233820577973487  0.76266223673579026  0.77296519523512985  0.78327321014121210
  0.79362578167527587  0.80400161536452774  0.81441153125154897  0.82479024181575844
  0.83512110664965400  0.84543521911374842  0.85578749773779250  0.86621798131075245
  0.87663369254293444  0.88707037844071623  0.89746928785646118  0.90785491069094837
  0.91823078362076960  0.92858129605663542  0.93895925536048086  0.94930884156549611
  0.95965113813137326  0.96999688347304192  0.98038260745450256  1.00000000000000000
  0.00950927461051704  0.01569640781772656  0.02488803510364319  0.03568176262033462
  0.04611726180688298  0.05661112188622234  0.06707987183912377  0.07745718737713241
  0.08779246458475901  0.09815528186994957  0.10859917434541892  0.11901812009784014
  0.12945439582800358  0.13978831849048681  0.15017229533561191  0.16055731767102938
  0.17099131508433965  0.18133179554772677  0.19160844293464308  0.20191100316727245
  0.21226095874751658  0.22264518046503176  0.23302811260766931  0.24341780605484192
  0.25381560378123175  0.26420991089169432  0.27462828046132876  0.28507963175023315
  0.29550852369833330  0.30588539273372112  0.31622261817390734  0.32657637540295598
  0.33695837546345614  0.34734444205033860  0.35773072673722101  0.36812871068027886
  0.37853072725200143  0.38887316086694806  0.39918522782835791  0.40951040834212443
  0.41989922715430988  0.43037253031687545  0.44085359861150991  0.45127601782872157
  0.46163818974566800  0.47199272983466850  0.48236283235974448  0.49271966682128504
  0.50306679226529105  0.51343233657011711  0.52382059929532099  0.53418813371180707
  0.54454127182238032  0.55490843453574989  0.56530035127865175  0.57571785683203924
  0.58613888504678746  0.59655584728822386  0.60696651676155422  0.61736013165097825
  0.62774817347762657  0.63814564833779319  0.64856295546220422  0.65898228086048249
  0.66936425307675940  0.67970932819772045  0.69005873274792140  0.70044614994610421
  0.71084970647424195  0.72126435183140070  0.73169090978773021  0.74214206081462830
  0.75260968750531121  0.76303941270244691  0.77344675318532008  0.78378989320898951
  0.79414631798972890  0.80449224894761906  0.81484585170115054  0.82519774958903402
  0.83555379064774371  0.84590442728853776  0.85629129143817106  0.86661973629673872
  0.87696622118920153  0.88726619513456706  0.89757481459819488  0.90790122862652478
  0.91818976979785849  0.92854401768372563  0.93894567580283850  0.94939930006305884
  0.95981014079610616  0.97016559704630823  0.98049208659661091  1.00000000000000000
  0.00952271038905663  0.01563038608009235  0.02501943647592196  0.03582270417149934
  0.04619722865402470  0.05654362226671689  0.06685339986191727  0.07710537338432745
  0.08739888279579092  0.09772146418922406  0.10807570775151409  0.11845449596189091
  0.12881285841673135  0.13922600070782087  0.14960508459789268  0.15997890682921281
  0.17035834815762674  0.18085360218866359  0.19138458877223422  0.20185722747944593
  0.21221183708395186  0.22257784589864571  0.23291951104527536  0.24329190818538435
  0.25365424000301012  0.26405358039953070  0.27443155663155405  0.28477736996201053
  0.29511903416198343  0.30549018934943467  0.31586564230249164  0.32624529022843191
  0.33662004226869946  0.34703747920852962  0.35746896013236473  0.36790142232117290
  0.37835684929401842  0.38877322359015104  0.39920728942720779  0.40961419003229299
  0.42001870611138142  0.43041396547179123  0.44077796997461632  0.45117625205842721
  0.46158176553439634  0.47200132211201068  0.48242652241715145  0.49287726498655909
  0.50333652749928426  0.51380829769637049  0.52426822125259098  0.53472568172646229
  0.54515471804996662  0.55557097829603241  0.56595425924763587  0.57628549673561225
  0.58660931901206448  0.59699176053337777  0.60743311025109115  0.61786955170109548
  0.62825399352302680  0.63862405594974236  0.64901307541552378  0.65940957989948279
  0.66976335717816338  0.68006221662079258  0.69037883642292597  0.70074175969284447
  0.71112620455312792  0.72149456786564981  0.73187636558558689  0.74231027043661002
  0.75271645858459324  0.76308333304214193  0.77341814827167710  0.78376282487497095
  0.79414455888426483  0.80449197127080552  0.81484606987776409  0.82520325893719626
  0.83555868968592450  0.84590820446970250  0.85625864021735154  0.86662851318200451
  0.87700759728428079  0.88737654078715988  0.89778195083012946  0.90818161922914697
  0.91858792437108105  0.92893730244194206  0.93925600423484379  0.94956809484658544
  0.95985411111909447  0.97019135982370797  0.98051356709161219  1.00000000000000000
 -0.00244505431584621  0.00965063761565632  0.01989891657321433  0.03046826671855238
  0.04098816634030577  0.05148989375274318  0.06197112670750378  0.07256380930134072
  0.08307485187375112  0.09366910259774439  0.10419399102800075  0.11482877863617835
  0.12538217391522427  0.13591429128786428  0.14643554919921181  0.15701241116564313
  0.16759178868257810  0.17812107939409660  0.18865222935100009  0.19913015556949390
  0.20958753738425537  0.22005431361996053  0.23054448841765388  0.24104364390751068
  0.25156699499978086  0.26212249524450537  0.27273725936278975  0.28330530173336899
  0.29388259350629897  0.30440569889386804  0.31494251883169988  0.32547178635555907
  0.33607886724935132  0.34668435163048217  0.35724728302218922  0.36773077374286567
  0.37823341260771620  0.38875742302429706  0.39926797723124596  0.40976283156504256
  0.42024914119444812  0.43073946566560933  0.44128291582313794  0.45188751505990860
  0.46247065168352974  0.47294393127415352  0.48341290365774775  0.49391031155320786
  0.50446648598504096  0.51501422479882608  0.52557084770330231  0.53611509991674589
  0.54658293955556925  0.55709346358181344  0.56761541911699109  0.57815239892951209
  0.58866046994343213  0.59912285654786124  0.60957856839023616  0.62000729155360701
  0.63046948221874377  0.64096961539577391  0.65147039736332857  0.66202774401332320
  0.67255987265585460  0.68304973792572554  0.69356259986029867  0.70412406518630155
  0.71470777944281338  0.72516238959789892  0.73562286896006857  0.74614551954128516
  0.75679913841306790  0.76751790329158498  0.77820625266309162  0.78886402890399387
  0.79947761713538257  0.81013001727354272  0.82072807286725136  0.83128029472796439
  0.84181279901426609  0.85236189774937265  0.86293413296229049  0.87352670088200701
  0.88411418862067825  0.89466165259825237  0.90513401764457291  0.91559361689022412
  0.92617459759281939  0.93674420808389924  0.94736742428195586  0.95786792288298472
  0.96840838041156008  0.97892208422641913  0.98945213438355051  1.00000000000000000
 -0.00245837042514795  0.00946411249555025  0.01963307688987669  0.03013562498300562
  0.04067746769690766  0.05122801560563631  0.06173269283814145  0.07220560928289009
  0.08267954094895608  0.09317350992937200  0.10369155629537513  0.11418641026964391
  0.12471316878568663  0.13520828848740599  0.14564507607366159  0.15608588654122588
  0.16654357616450005  0.17712469651576479  0.18770252989771810  0.19833359784501631
  0.20888447856231546  0.21944003019589126  0.22997882772527389  0.24052892032649098
  0.25107743813198707  0.26161086190147548  0.27216429525583052  0.28272877840856964
  0.29332617058350918  0.30392464208122394  0.31452228546691874  0.32512064908728905
  0.33572155627877198  0.34637103903055189  0.35702786154281524  0.36771405343019825
  0.37832917857057785  0.38895385214425787  0.39952451306607656  0.41007471985691069
  0.42056678216209753  0.43108989982358442  0.44166009046514854  0.45217481306568602
  0.46269834162033657  0.47319878060972342  0.48367439109170984  0.49413948496020993
  0.50463016432305363  0.51519783089882643  0.52577549126314171  0.53628226970638782
  0.54681391546025215  0.55733591401776927  0.56793684859205285  0.57852301551331720
  0.58913052587906301  0.59970234595729011  0.61033415967010751  0.62091103729976838
  0.63145821828568927  0.64190469475984069  0.65231652442729604  0.66281261635805588
  0.67331028661895354  0.68387802136041276  0.69440080926254677  0.70495906096943373
  0.71550221811682591  0.72608091150683884  0.73667012516701746  0.74727978956211072
  0.75785016671236360  0.76843610690349706  0.77903886057815586  0.78969201552561430
  0.80028374097321231  0.81083938881887963  0.82137816704566968  0.83195734699840085
  0.84249640804699333  0.85300279058768858  0.86354313387613091  0.87406595266741038
  0.88455977599213809  0.89505841706481892  0.90558858858419988  0.91611691625285530
  0.92657829607021136  0.93706520477785871  0.94754902596411417  0.95803205543840464
  0.96843973691861485  0.97892186159290551  0.98940892566640282  1.00000000000000000
 -0.00240261166019224  0.00955635397658051  0.01969316918522927  0.03021408854759633
  0.04083827915552477  0.05147361619182038  0.06205741165572549  0.07258807841921470
  0.08304649047044657  0.09351662239084151  0.10400565066712153  0.11458979135876958
  0.12515095415012173  0.13569869127515752  0.14623165358670279  0.15673243712927892
  0.16718939405678054  0.17766494962017987  0.18815764453397574  0.19872510224003148
  0.20925444841863941  0.21986676333916438  0.23045830518342780  0.24099853251349820
  0.25144426603723813  0.26187270178464955  0.27236497018614092  0.28290804576355943
  0.29345777254693878  0.30392908215104297  0.31433209833671283  0.32481046280987785
  0.33534360206221964  0.34595822124743258  0.35651120623828925  0.36705968296146335
  0.37759991429219419  0.38815088066861625  0.39869151513050399  0.40925805257321080
  0.41976815903591641  0.43031011967594790  0.44078191076377465  0.45127135580196409
  0.46179866379502332  0.47237742583085246  0.48296430905301135  0.49349598872942790
  0.50405074560866781  0.51460654105009140  0.52521304169324046  0.53575224529198640
  0.54632816943184470  0.55688843791375087  0.56745425211443945  0.57798092050557437
  0.58850061406351650  0.59909026091047290  0.60966537282756506  0.62026418274691031
  0.63085720733066530  0.64147123987364807  0.65201246538429669  0.66254494811865272
  0.67311414736403430  0.68371539608293763  0.69429238627938450  0.70484610228831135
  0.71541160608098608  0.72591153059378544  0.73642706312955819  0.74687876708142165
  0.75739186629436706  0.76787362250696645  0.77844773240296661  0.78899647273083584
  0.79960644417591431  0.81021083294982588  0.82083063918302746  0.83139163672078442
  0.84195882956992030  0.85255847571791465  0.86314931395757299  0.87374340841156606
  0.88431246931008722  0.89486229170317333  0.90531958646080302  0.91575939430070874
  0.92628773235729456  0.93682846936088993  0.94735027700506280  0.95787291421511145
  0.96838822125456991  0.97894296060774533  0.98946540703773056  1.00000000000000000
 -0.00241463771142690  0.00962355641690629  0.01976511628494791  0.03020545205482329
  0.04066105639580220  0.05114364462416467  0.06161777979211733  0.07209350040510572
  0.08262880990890896  0.09318760279461094  0.10377155086029743  0.11431804852237584
  0.12484395701278164  0.13530433495695526  0.14575570768103593  0.15625050011503588
  0.16672715842820873  0.17730180105322374  0.18778986738817063  0.19836225806791558
  0.20889707740116539  0.21951956903330425  0.23011555474479112  0.24068230519740902
  0.25124018453692848  0.26180387068496408  0.27237744860293578  0.28297189600904865
  0.29361277950672587  0.30424309980274267  0.31484111652721303  0.32536826206651415
  0.33591166950204115  0.34645212719932883  0.35702336014543135  0.36758735606522580
  0.37818598098525480  0.38877913989868335  0.39936407833109711  0.40992052228444692
  0.42044903394530514  0.43097602525628248  0.44151329288756097  0.45209556399921319
  0.46266976764570278  0.47321998386978165  0.48371574115037708  0.49423143174777201
  0.50477179308687559  0.51534817735900129  0.52596484786872000  0.53654512728750170
  0.54710890964863401  0.55761867926076358  0.56815917384097714  0.57872559579176031
  0.58926991029618347  0.59984964608873759  0.61037808782424452  0.62094657440015855
  0.63149639136102276  0.64202374250247563  0.65253380198160249  0.66304948291929977
  0.67356370601559035  0.68408141608014494  0.69456214638213121  0.70507726133392579
  0.71556605374563009  0.72606552852931172  0.73653880851954667  0.74700405411150139
  0.75746725636871015  0.76795339200942947  0.77846807747545443  0.78899713970406538
  0.79958455714144006  0.81012723756687466  0.82064699764714888  0.83112058583391646
  0.84168112080189506  0.85224215408123338  0.86281043769808696  0.87336042895675281
  0.88397678070525210  0.89452868674172614  0.90504058334447024  0.91556536811372213
  0.92612136260616040  0.93668970903823157  0.94719894911829372  0.95771958348343178
  0.96821428383916486  0.97877488929503698  0.98934872146382702  1.00000000000000000
 -0.00254277555378726  0.00956542001150835  0.01975083910419383  0.03021641954390718
  0.04071785045401233  0.05129628104405012  0.06183834807204319  0.07239858643706971
  0.08287717972066597  0.09342725033440039  0.10395254049729966  0.11448700336092228
  0.12504384007582531  0.13562367657431554  0.14615978095562818  0.15662957661687513
  0.16712192370754325  0.17766215996194018  0.18823249987184390  0.19879206854906231
  0.20933104457146601  0.21992722040874427  0.23050144681304674  0.24105967542454473
  0.25160721288042170  0.26220932553087722  0.27284098499480425  0.28349819716758357
  0.29411018832908153  0.30471757666880978  0.31530585226294627  0.32589957616432652
  0.33647906438049624  0.34699411082423609  0.35746783695930773  0.36796023371958364
  0.37845677672249217  0.38897459942253104  0.39948863795657491  0.41008543313080026
  0.42069286814690171  0.43130494672447350  0.44186533375852666  0.45242927262948462
  0.46293798300987432  0.47342942660225540  0.48395511283026443  0.49452441123736052
  0.50505139389219156  0.51553747349499091  0.52608156868434142  0.53666562225085002
  0.54723958701872522  0.55776705977284891  0.56833561721184345  0.57894420505703947
  0.58954294603088353  0.60010524110933483  0.61061111166200854  0.62109023247839279
  0.63157531291327618  0.64211030088748999  0.65264514575767274  0.66321275346007180
  0.67377554673731210  0.68439305417643226  0.69498117895311118  0.70556135081474025
  0.71607765870806639  0.72660045539053908  0.73712588750155039  0.74772299018600796
  0.75826094622182472  0.76882770258727073  0.77941440939584272  0.79002057599097697
  0.80061384943772118  0.81116896032886410  0.82171275857555748  0.83217459925939063
  0.84260174624876460  0.85307853643888010  0.86359580334285135  0.87413584866419114
  0.88461165337277170  0.89512885983618828  0.90560755646157642  0.91612521172715344
  0.92657824265947875  0.93705757028624437  0.94753936644730297  0.95807965457444322
  0.96859887941637102  0.97906674767038293  0.98954331299459941  1.00000000000000000
 -0.00248599974929074  0.00941665878769250  0.01959201529522339  0.03012974290589845
  0.04075221918064466  0.05132841810574193  0.06191523364834296  0.07243552172703516
  0.08290512203085020  0.09338554644023339  0.10391400333560454  0.11453844640745689
  0.12510483831087726  0.13565035852056065  0.14618544793724136  0.15671985402133620
  0.16724613545831302  0.17768911456526515  0.18819121935222910  0.19870505808693101
  0.20926099686778793  0.21980128988557232  0.23034511371477284  0.24089125128421202
  0.25139155840105371  0.26190251490555250  0.27241443586863617  0.28296540966857647
  0.29354852318713520  0.30409109856411598  0.31460007112853511  0.32504339258580101
  0.33552434445362800  0.34605116290748411  0.35663131168639634  0.36718800061160406
  0.37776742739299701  0.38826906042474352  0.39880576018011976  0.40932142521302012
  0.41986421097224069  0.43036421076853287  0.44082955943715030  0.45131345559295122
  0.46182061837061228  0.47237075660433614  0.48286830384986207  0.49334062735310985
  0.50375684270988885  0.51424557107886737  0.52479011827483146  0.53538096502522536
  0.54606616501496719  0.55673411817940688  0.56739810731838969  0.57796042537664860
  0.58858233091010170  0.59918967708934656  0.60988032286079819  0.62057435456867527
  0.63127436590441521  0.64188495937322643  0.65241900831966781  0.66294757526432968
  0.67341929646518084  0.68392571899442089  0.69442759209111593  0.70500710800741728
  0.71555704410723919  0.72611755393330035  0.73667993198080883  0.74726945021046187
  0.75786803919779200  0.76838476009531975  0.77888716920052203  0.78934563207260644
  0.79982415739719670  0.81027590883965495  0.82077523898596094  0.83126017673536201
  0.84172442968929906  0.85218240945319301  0.86269344885481036  0.87329714500384459
  0.88390358944926051  0.89458837655497203  0.90516137777220662  0.91573879021727400
  0.92623352515696922  0.93677019342358303  0.94732496012692424  0.95788627177870456
  0.96844182637870446  0.97896764684843607  0.98949763717869921  1.00000000000000000
 -0.00248309069484083  0.00955040933629035  0.01969881358827683  0.03018225327953138
  0.04070350745963781  0.05129818180498371  0.06183293975241511  0.07238528903457575
  0.08291140192576522  0.09344608108296792  0.10398722104338240  0.11449730781067873
  0.12501866398209213  0.13546972348331895  0.14591249427973130  0.15638404351614646
  0.16689432416824254  0.17738527674923285  0.18786259426305371  0.19837599265696371
  0.20891828980055793  0.21953482106519670  0.23008034048792891  0.24069423614935742
  0.25126739969684120  0.26194912469590692  0.27258438168118276  0.28322021990133273
  0.29378308261391384  0.30429961854368504  0.31485169341981506  0.32539659325640014
  0.33596093559148377  0.34644508704073634  0.35692724152764438  0.36742766312762132
  0.37795823794222683  0.38845626139508938  0.39897075358807765  0.40945285621803362
  0.42000329423868749  0.43057327367888321  0.44117522449697633  0.45178093754062787
  0.46239639100562002  0.47299865272806879  0.48358738576433918  0.49416740362007588
  0.50482457031896588  0.51546433022326166  0.52603069851944628  0.53656762452667683
  0.54711811374710029  0.55771821184921677  0.56824203865117562  0.57876227740933872
  0.58927472082120891  0.59982755156455714  0.61036888366273823  0.62087747314388708
  0.63137310113092004  0.64189007901634143  0.65242217628613652  0.66299342444628961
  0.67356622125992827  0.68416309586536661  0.69470025170637095  0.70522682414324400
  0.71572065781521932  0.72623599469247035  0.73678026056849155  0.74728127906304864
  0.75775531612038172  0.76821897366684344  0.77874907583948272  0.78926611759246745
  0.79974850631580774  0.81022899119061365  0.82072505552498876  0.83121109561506823
  0.84169120933867403  0.85219364541249376  0.86272743201538105  0.87330491051980119
  0.88389042073827551  0.89447371341920501  0.90501494404004745  0.91560317119762080
  0.92622884220922708  0.93684509237508451  0.94734093602693936  0.95783431571954403
  0.96833664357458760  0.97892861334009018  0.98944879090050142  1.00000000000000000
 -0.00246076095796333  0.00932487767797702  0.01939511817584767  0.02988405000283057
  0.04034665832448964  0.05080871941171738  0.06129588599368364  0.07187822475462535
  0.08249098479911772  0.09306172903573753  0.10363848934543038  0.11423406343264114
  0.12485133871276154  0.13541468527475212  0.14597541073519077  0.15659000214515434
  0.16720457025540378  0.17777510599529972  0.18831926851698014  0.19880959556264907
  0.20927829457820807  0.21978683958329712  0.23029723617707901  0.24087376891775364
  0.25145396048250229  0.26208320637827859  0.27269601514454300  0.28324346991945898
  0.29380826786944564  0.30432546405276500  0.31484096836955133  0.32534923947946032
  0.33589709517567573  0.34646801092996615  0.35706240089047325  0.36764280039733177
  0.37822887772255886  0.38878695891982856  0.39933629239360741  0.40981198648365075
  0.42029965612450115  0.43084802039702663  0.44144088756287730  0.45203414017822335
  0.46263246368558442  0.47327228525079962  0.48393198177977370  0.49452226629243529
  0.50506683510116901  0.51558285855905917  0.52614670160657984  0.53669111757052779
  0.54723940552735129  0.55775985762515345  0.56832184710208089  0.57889905020385080
  0.58944406174843023  0.59999449259582027  0.61054856119636414  0.62109080606907308
  0.63160208968063625  0.64203278490717841  0.65246699099497485  0.66293535596869757
  0.67341614738594380  0.68392669240731385  0.69443477083406768  0.70496635216743997
  0.71549475650039174  0.72595809949379120  0.73651590722117100  0.74705097112814578
  0.75765845917960262  0.76818947828332018  0.77880478034306755  0.78939638083986563
  0.79999215583093186  0.81056629549670978  0.82115518530800591  0.83172271105987294
  0.84228355622088547  0.85286578960926873  0.86341446063162730  0.87393660484701741
  0.88438586372772832  0.89486099960492327  0.90529811531092097  0.91580142645715179
  0.92632820922735004  0.93687544578268100  0.94742375263606249  0.95794927616362469
  0.96847196338046870  0.97896877323121301  0.98948069500952840  1.00000000000000000
 -0.00242320354896864  0.00957978778981719  0.01982363264340332  0.03044972621098144
  0.04113476704728921  0.05176256567747718  0.06233200764337166  0.07286882955758142
  0.08343910560619236  0.09410965143160836  0.10470966376573074  0.11532340034323652
  0.12586687727097642  0.13645336163529770  0.14704425479431080  0.15770171845019132
  0.16835882491908138  0.17890176386964649  0.18942555753978174  0.19992496710411703
  0.21047145037143722  0.22102397520338676  0.23159221082324186  0.24212346300692356
  0.25264895973463553  0.26314931816741477  0.27370480913497758  0.28422395051055294
  0.29478217111817417  0.30532520026581805  0.31587851261047906  0.32641974384756461
  0.33701238941543954  0.34762199929368637  0.35820210496251309  0.36872465538653620
  0.37931468918905642  0.38990476114744732  0.40048586810315839  0.41100891262312400
  0.42154446366308757  0.43205563420268200  0.44250615756337958  0.45294538406574314
  0.46344279061643484  0.47395325430168228  0.48449230383625486  0.49505879758027810
  0.50563037580983539  0.51616263671296803  0.52658615712813883  0.53705201746451803
  0.54752072587746337  0.55802154113583635  0.56853202678010983  0.57909290162882876
  0.58965980842495713  0.60016344190119153  0.61060361201379032  0.62107599220420717
  0.63157636657657523  0.64211058441173041  0.65260193427234159  0.66313140001474857
  0.67365980292656014  0.68424608166247258  0.69487840504569398  0.70548115550805146
  0.71602317738232546  0.72652173562868028  0.73701541256161818  0.74755863623024610
  0.75809039402767298  0.76861808581192370  0.77917202652751105  0.78971460115892667
  0.80027573940072250  0.81083598677614599  0.82138410043719556  0.83189665215670616
  0.84238645481361918  0.85288316610969828  0.86343009963199224  0.87394628188882395
  0.88441665063321107  0.89493039552240572  0.90542210014714408  0.91593916984472790
  0.92638198433388563  0.93682570113277996  0.94734292364198469  0.95785928130403997
  0.96843814013383467  0.97894577778470016  0.98948817072315665  1.00000000000000000
 -0.00223844653251759  0.00974748506169402  0.01997295388098611  0.03042100817639749
  0.04086541362111215  0.05128108318744454  0.06173962802855820  0.07224132271458431
  0.08277421871333673  0.09341766887105350  0.10400516804517831  0.11462846842311723
  0.12516388709320095  0.13580927404659482  0.14644664668937615  0.15710275381659708
  0.16770748885198292  0.17828241278552140  0.18886435720406999  0.19945541537897216
  0.21005292944775461  0.22063421497775254  0.23115742552082705  0.24159450196089299
  0.25205462017750502  0.26257194209794743  0.27310530709868064  0.28364065371870961
  0.29410878681414765  0.30454569145160232  0.31498404424435350  0.32546732351755536
  0.33606522333373606  0.34662878879407066  0.35721640886521611  0.36774911285790418
  0.37838745027889353  0.38900961941174633  0.39962266479424308  0.41005614449676486
  0.42051312683305597  0.43099241920525272  0.44157911107476600  0.45210104585078864
  0.46260825563590091  0.47307275920124109  0.48358884765553439  0.49411921677387399
  0.50465475107417646  0.51518762186862421  0.52575723990761325  0.53637836009457485
  0.54700908604392051  0.55766976440675009  0.56825937248147351  0.57885644337308628
  0.58941128421656008  0.59991440041652311  0.61036888917452126  0.62080615911937487
  0.63133157474036394  0.64182559814276485  0.65225881941158226  0.66270855845170795
  0.67319518014552715  0.68372442989906679  0.69421852019931196  0.70470064204670113
  0.71522580311201445  0.72579324634131925  0.73637496793172563  0.74696316664213969
  0.75758459084014840  0.76820258454020973  0.77879485994428699  0.78926593814986334
  0.79973170053117226  0.81022695203731687  0.82079665339969710  0.83139347353732795
  0.84192842622071251  0.85247637461410797  0.86303120100502073  0.87359183663200224
  0.88417382447135440  0.89464952210351101  0.90514365847922318  0.91564572877848527
  0.92625443598123791  0.93678961769790814  0.94734616802412630  0.95786721597796121
  0.96839955470821026  0.97890162357044164  0.98944473057077975  1.00000000000000000
   2.0466789785578611E-012  -1.0000000000000000     
 T T T T T T T T T T T T T T T T T T T T T T T T T T T T T T T T T T T T T T T T T T T T T T T T T T T T T T T T T T T T T T T T F F F F F F F F F F F F F F F F F F F F F F F F F F F F F F F F F F F F F F F F F F F F F F F F F F F F F F F F F F F F F F F F
  <DiscreteSampler_grid>
  grouped_processes
  1 # 1 for a reference and 2 for a running grid.
  10 # Attribute 'min_bin_probing_points' of the grid.
  1 # Attribute 'grid_mode' of the grid. 1=='default',2=='initialization'
  0.0000000000000000 # Attribute 'small_contrib_threshold' of the grid.
  0.5000000000000000 # Attribute 'damping_power' of the grid.
 # binID   n_entries weight   weight_sqr   abs_weight
    10   10   2.019205142522320E+031   1.457914278757164E+063   2.019205142522320E+031
  </DiscreteSampler_grid>
