  0.00001056666527576  0.00004676644914135  0.00007263311134109  0.00010035271879237
  0.00012716948515547  0.00015322856949560  0.00017849744327532  0.00020270703960560
  0.00022624979901122  0.00024927865655286  0.00027246020971522  0.00029591657847810
  0.00031960888103529  0.00034353373692589  0.00036809037625256  0.00039307154781801
  0.00041843388509497  0.00044425526352444  0.00047060592337113  0.00049752382372187
  0.00052504129432692  0.00055305279490989  0.00058180171549708  0.00061130537783768
  0.00064163846066989  0.00067278452766112  0.00070500731905758  0.00073845388612066
  0.00077268117228732  0.00080755091609543  0.00084303974640983  0.00087906323537586
  0.00091493727994443  0.00095218897535920  0.00099047518183384  0.00103062291372985
  0.00107211329556051  0.00111448375569269  0.00115808066607509  0.00120284655452650
  0.00124921608903028  0.00129787264293418  0.00134855751383302  0.00140148994067242
  0.00145708715114595  0.00151433283153045  0.00157344564305940  0.00163489625387379
  0.00169786875159216  0.00176383198483588  0.00183303908945676  0.00190500404675249
  0.00198006713915152  0.00206062995597339  0.00214417339093039  0.00223290302791367
  0.00232449998274603  0.00241865791549654  0.00251623935339978  0.00261923508418904
  0.00272471762559144  0.00284009396358487  0.00295801298001118  0.00308528545510073
  0.00321760704590616  0.00335702903709029  0.00350446815406028  0.00365828463484932
  0.00382097118078613  0.00399649948664714  0.00417739818520529  0.00437428002159815
  0.00458972133703280  0.00482388332868710  0.00507660686527398  0.00535455807925652
  0.00566317475601571  0.00601093074977405  0.00639129738634043  0.00679843144814592
  0.00724634403213055  0.00775297590395300  0.00832745125109042  0.00897124288680731
  0.00968859939372449  0.01051364027750501  0.01145203833983590  0.01252546275189387
  0.01380699208653214  0.01545693328121375  0.01764514738470230  0.02083835085599367
  0.02547128736441894  0.03198473928543623  0.53137189762092618  1.00000000000000000
 -0.00242714930880366  0.00962504136596556  0.01976944254799802  0.03020586042879133
  0.04056195711109115  0.05109840446552495  0.06177542777024093  0.07239192894989847
  0.08308000492635191  0.09354071455432095  0.10412327284001338  0.11453795046444276
  0.12494270916509324  0.13522343938201253  0.14557457196882628  0.15588926309205062
  0.16608343503259770  0.17631396199211632  0.18649153028218163  0.19686297964029725
  0.20718800368969162  0.21789877860625109  0.22846332166696384  0.23913888587467313
  0.24972020036577827  0.26041862513930580  0.27104686970407482  0.28186946884799152
  0.29262382535828685  0.30346310781416941  0.31433323419902703  0.32523966511672575
  0.33619374332259810  0.34678347767012502  0.35734248350055098  0.36763111143120158
  0.37790691538546156  0.38839224396754024  0.39908238371909416  0.41005689861716887
  0.42101143713994410  0.43233010563354585  0.44313526578262846  0.45400335466114483
  0.46483481618098538  0.47580879682027122  0.48643437101370851  0.49668864021796000
  0.50732488828048383  0.51803265661715214  0.52846712468011225  0.53878116945859245
  0.54911464690935996  0.55955257333555475  0.56988554646043221  0.58031039788922933
  0.59104740799035893  0.60169449935471908  0.61211576013279134  0.62267834362425567
  0.63326219438387865  0.64368433374985579  0.65389361449755745  0.66400479177134619
  0.67438520678614622  0.68460431876170580  0.69501058123390602  0.70525232991440645
  0.71582320213265715  0.72661233142118131  0.73747536641500944  0.74814618979225789
  0.75901813315186906  0.76984169017774429  0.78031585176172324  0.79076537253305645
  0.80124398348968584  0.81185866283905661  0.82247130617247266  0.83326653151267804
  0.84424290098474564  0.85501152353335130  0.86570391842042149  0.87633686286119428
  0.88682266587465963  0.89716908271799223  0.90730571256115877  0.91752393848484015
  0.92772798369776477  0.93809630480833250  0.94847850516727028  0.95900022618773673
  0.96928810494296780  0.97960790616607107  0.98976529940539448  1.00000000000000000
  0.00019214885849994  0.02274972908977944  0.04103596766529365  0.05628314982278214
  0.07014894808842426  0.08307841328297086  0.09518749627445131  0.10666924950180247
  0.11772254768704711  0.12833299509741503  0.13848808429656673  0.14832683030494523
  0.15803202098841190  0.16764544564181280  0.17709495125808469  0.18638304887374613
  0.19557759230486541  0.20475790209791553  0.21369230412333617  0.22248964298298596
  0.23104456254449360  0.23927436369322394  0.24736823077968315  0.25537907027646700
  0.26335739103051220  0.27128084692278331  0.27909787554080534  0.28677937813685062
  0.29445295000913874  0.30217551997866965  0.30988695535603755  0.31754481995231887
  0.32506425035241437  0.33265143781824807  0.34032052385434935  0.34804531714289882
  0.35585382461371218  0.36363047669036974  0.37124604828288288  0.37876292993892985
  0.38625946120673693  0.39378828568573782  0.40136692921727929  0.40901129950534398
  0.41672745695972502  0.42441161326849880  0.43208235602895934  0.43963426967062386
  0.44703866340778070  0.45441238299458658  0.46175858605644204  0.46917828502889231
  0.47676178991450147  0.48431422666776819  0.49178924154464798  0.49923116867208028
  0.50675843789889730  0.51443870469046793  0.52212432220580673  0.52968054290686084
  0.53716875383833773  0.54468567851420568  0.55229316609271628  0.56002992329550350
  0.56782654009043187  0.57567792405819740  0.58349941526096327  0.59146427125252143
  0.59949641063573234  0.60762079392207013  0.61591406672681837  0.62418361752044438
  0.63256077442358793  0.64097614988233576  0.64954413928899724  0.65816154698743035
  0.66700718591819352  0.67617382628821576  0.68553650191324988  0.69530212378954992
  0.70518438146161722  0.71565100779419988  0.72647812840166970  0.73741593545779927
  0.74864695648169355  0.76033493911199779  0.77249836413932382  0.78520164558062278
  0.79871192385322254  0.81339393878153876  0.82926579029128544  0.84679255402586029
  0.86673427528078750  0.89059785015238324  0.92503132670637467  1.00000000000000000
 -0.02082474704884957  0.12190071608466313  0.15923226573883809  0.18249459630040049
  0.20045299293232485  0.21541607751248229  0.22859609317808646  0.24049731240641176
  0.25145308777784786  0.26119422615393978  0.27057555315215581  0.27940749897094158
  0.28797498525374593  0.29604967862213305  0.30376022171301242  0.31131391288250293
  0.31862140484920914  0.32575197665565908  0.33269425621151666  0.33940992907961159
  0.34588245766664938  0.35221606049070980  0.35850672583138893  0.36472103294021130
  0.37094336331255368  0.37701996277027422  0.38294865668151157  0.38881393425287025
  0.39463087961999427  0.40038018734715725  0.40608416907621447  0.41176792304272181
  0.41738673502780049  0.42292674669761582  0.42843974669339507  0.43393204735312318
  0.43940255741190037  0.44489051242619265  0.45038672328967994  0.45582709730753695
  0.46110357894030685  0.46631477842923319  0.47154408671550840  0.47678959557389450
  0.48201614591189135  0.48718672496214088  0.49232426641987226  0.49744308927910597
  0.50258149849107925  0.50772692827737465  0.51291258019545605  0.51809298885204236
  0.52329285378822166  0.52850259697056134  0.53366968970121920  0.53884256105200001
  0.54408194678438726  0.54941443611740459  0.55483912550390346  0.56027810097581732
  0.56567600372580074  0.57111298505386854  0.57660693806179097  0.58219100287259729
  0.58783976810009453  0.59351632606046878  0.59920922948866517  0.60498857254583283
  0.61083940852899021  0.61672919370676282  0.62262637501381668  0.62859583034332622
  0.63473252468099606  0.64093133573678851  0.64729930020018278  0.65379592943201537
  0.66043015878976818  0.66720281865980280  0.67413260464375591  0.68125235823502994
  0.68845746154341014  0.69600914843304496  0.70371123245221512  0.71176988720299084
  0.72025930562602847  0.72886502531518627  0.73854203871390400  0.74849935922493016
  0.75939104154936077  0.77114477558138617  0.78432992995574868  0.79921773832784393
  0.81680592909924044  0.83950919681161562  0.87768880889835410  1.00000000000000000
  2.67468201363087338E-005  -1.0000000000000000     
 T T T T T T T T T T T T T T T T F F F F F F F F F F F F F F F F
  <DiscreteSampler_grid>
  grouped_processes
  1 # 1 for a reference and 2 for a running grid.
  10 # Attribute 'min_bin_probing_points' of the grid.
  1 # Attribute 'grid_mode' of the grid. 1=='default',2=='initialization'
  0.0000000000000000 # Attribute 'small_contrib_threshold' of the grid.
  0.5000000000000000 # Attribute 'damping_power' of the grid.
 # binID   n_entries weight   weight_sqr   abs_weight
    10   10   1.550642123896249E+008   5.693226428010956E+016   1.550642123896249E+008
    16   10   1.550642123896249E+008   5.693226428010960E+016   1.550642123896249E+008
  </DiscreteSampler_grid>
