  0.00956152699852894  0.01555625609977990  0.02477140053993854  0.03552891320398176
  0.04587426470476474  0.05626742118769112  0.06663300718521006  0.07699886864494843
  0.08733761262882837  0.09767560548386171  0.10800006154674169  0.11836576847903743
  0.12875265105346795  0.13917437237138955  0.14960845229822078  0.16001770509401450
  0.17037757181534738  0.18067953159224123  0.19106272461538248  0.20144223216924925
  0.21185489316665632  0.22223229145058473  0.23266598538945110  0.24310595961214151
  0.25354959092087370  0.26398724997229578  0.27440541767571197  0.28475733052361707
  0.29507262458965766  0.30540120006870641  0.31578895050340461  0.32623198323292080
  0.33669539138218180  0.34716560260508839  0.35760373551710550  0.36804545462378191
  0.37845694766739868  0.38884933242675096  0.39920492094628601  0.40959345865575697
  0.42002069618499249  0.43046374731478798  0.44088452736577893  0.45125912123190265
  0.46162763620668962  0.47201993948098442  0.48243375990234871  0.49285278920664832
  0.50324686688552644  0.51364377274751627  0.52406147315056406  0.53449739873058322
  0.54494654144150345  0.55537716517490476  0.56577861495327575  0.57617407914087859
  0.58661025660569810  0.59707265274289800  0.60751516628034175  0.61790723691063065
  0.62826357485605366  0.63864199195562066  0.64902374892397163  0.65941342191098429
  0.66981705125508328  0.68021574582261257  0.69064157623551325  0.70105066961973861
  0.71143907896038006  0.72178974981965549  0.73210963475777791  0.74243227877263485
  0.75275880298358000  0.76307274904835354  0.77340809190894033  0.78377469595899152
  0.79417863734528438  0.80458429516577079  0.81498348268075227  0.82534196732119647
  0.83566221920376271  0.84595412760938915  0.85625617565886269  0.86662610882475799
  0.87701162045100856  0.88744010053912203  0.89783131047270437  0.90820535085197196
  0.91857617222941301  0.92893408371239650  0.93930980991953061  0.94965674276004575
  0.95999900803918881  0.97031158290209185  0.98063282531156082  1.00000000000000000
  0.00953030562363063  0.01554267857473809  0.02486196622592785  0.03576863023586471
  0.04626990491432695  0.05687634818921720  0.06745954329362414  0.07805267771412072
  0.08862450571445728  0.09918269103736202  0.10968182739317128  0.12013209094359167
  0.13058627084873387  0.14106158439930480  0.15152302720748631  0.16200718914850515
  0.17248327251627521  0.18304296662905728  0.19355860137877015  0.20409836002221995
  0.21460098744715619  0.22511435378329947  0.23561667985864465  0.24612204025482012
  0.25665343291615095  0.26717477806482204  0.27771345127967828  0.28822660016228785
  0.29872537890927681  0.30918997651563995  0.31968103273510284  0.33017764739794953
  0.34069110189897467  0.35120944408840349  0.36174853913506211  0.37227931599520175
  0.38281321036418897  0.39331826536638687  0.40380058689163467  0.41430493978481819
  0.42486516600856478  0.43539952161472290  0.44588012007144651  0.45634302970552487
  0.46683680350462720  0.47731570144806418  0.48775797090930167  0.49820783449055350
  0.50867691354141431  0.51915356885431685  0.52962362163917487  0.54010359731403546
  0.55060320890185932  0.56109022684284093  0.57158161605355884  0.58208396427569309
  0.59260057904425911  0.60312310060755181  0.61364387870290227  0.62413815261992756
  0.63457997359718998  0.64501725481823025  0.65551023548751619  0.66604407481828665
  0.67653615077455354  0.68699629468129009  0.69748347716025483  0.70796223472721143
  0.71839100573171699  0.72878388204869116  0.73918724160752758  0.74964541832238063
  0.76011169578257354  0.77058346115272658  0.78104352248443853  0.79152668519746039
  0.80205230393842286  0.81257991553278641  0.82306445881760726  0.83352777201980432
  0.84397783595145071  0.85442164209305449  0.86487172260602896  0.87534493957738135
  0.88583914705774369  0.89631198421640412  0.90680620382116028  0.91727565537461409
  0.92772178711289177  0.93817388529350232  0.94868748227459854  0.95923130571278292
  0.96978286973935157  0.98029486031708812  0.98978284376900783  1.00000000000000000
  0.00956442107218266  0.01567097501271410  0.02492437932843283  0.03569159707860706
  0.04601222747062692  0.05642023500278794  0.06687376655653696  0.07736835875735737
  0.08778029648466752  0.09813428012961442  0.10850042717585624  0.11883809572501916
  0.12920632057702935  0.13954637198429837  0.14996399381747730  0.16040699777669545
  0.17087953995653868  0.18132412484700861  0.19174533914579794  0.20214813943637325
  0.21252069494042294  0.22283818487809404  0.23320207355964201  0.24358847830888522
  0.25400641274255475  0.26433890988954672  0.27470329106906782  0.28507976471311064
  0.29545531834190947  0.30581405342667323  0.31618719055252981  0.32659542509842754
  0.33697835665701481  0.34731768605334429  0.35761267221460014  0.36793342464779122
  0.37828103629320564  0.38866357903245208  0.39905445713003107  0.40941070492182663
  0.41975624561145691  0.43011444870672888  0.44051605512401443  0.45093523709837613
  0.46136794468916997  0.47176501269479282  0.48210873637634677  0.49238995626315607
  0.50265891049523448  0.51295426257134069  0.52330518282570360  0.53366898740737356
  0.54402521333010778  0.55433767322837746  0.56461141082293886  0.57489896068756308
  0.58525911999623614  0.59570658910788421  0.60621149001387020  0.61668735301941358
  0.62711190911796622  0.63750886194716416  0.64790984354814329  0.65831086761798063
  0.66869081586034385  0.67909216987848708  0.68951989052028462  0.69994695863508682
  0.71034822000760245  0.72075162058210052  0.73118202309251090  0.74163865376379801
  0.75205740600490956  0.76246595289299679  0.77281768232995296  0.78317607560966784
  0.79354969040092571  0.80395507425578616  0.81437457305075500  0.82476319116185315
  0.83514761124561887  0.84550885851889923  0.85589315296153701  0.86624492596554303
  0.87662116702090431  0.88700635043124521  0.89737245307397473  0.90773162841400656
  0.91813517566857417  0.92857538231979342  0.93904492932634331  0.94942583375776246
  0.95976388152510039  0.97010853144657627  0.98041197224248700  1.00000000000000000
  0.00954036461417635  0.01563076524162246  0.02490664908340840  0.03563862492820857
  0.04596672072971904  0.05633813357670239  0.06673826148409626  0.07713813478721912
  0.08755454713857130  0.09796823853682816  0.10838728331754566  0.11881231998560797
  0.12925859944712048  0.13968410263082981  0.15008622856118375  0.16043936661818201
  0.17084502140450428  0.18125253404928354  0.19166134740678864  0.20199074050364918
  0.21233584944757758  0.22272685625344563  0.23312681585278358  0.24348302462938892
  0.25381347289426015  0.26415226576924494  0.27451814581018064  0.28482328089529968
  0.29508936074636843  0.30535360080629154  0.31566660730716917  0.32602152765348458
  0.33637731518330727  0.34675059554247922  0.35717180903239559  0.36766295517830683
  0.37814793614331316  0.38860367633587523  0.39903880370861494  0.40947622787304527
  0.41990762049113239  0.43027985992416284  0.44064023373662536  0.45100379713202793
  0.46138146644768219  0.47178940284654047  0.48222230494571361  0.49268040722951600
  0.50315570099919682  0.51363282019920453  0.52409287200275123  0.53447522705991246
  0.54480221884994651  0.55510587911378617  0.56541570261149310  0.57576370630175300
  0.58613817365906640  0.59654468528163596  0.60696582249225439  0.61740004520650282
  0.62782127092651430  0.63818504370927964  0.64851264132965236  0.65885318229704870
  0.66923717046138698  0.67963590403017871  0.69002868247894655  0.70039025333061389
  0.71073299640671039  0.72109924309103757  0.73147496751202679  0.74187762559328996
  0.75226179360339784  0.76262336639606287  0.77298501892801141  0.78333868367319592
  0.79370906678956732  0.80403928134753266  0.81438614497565120  0.82474080092119262
  0.83510231705125404  0.84544832430984229  0.85578895854329740  0.86614352832842734
  0.87650740411949901  0.88686978372714154  0.89725868782075002  0.90764983169372315
  0.91806464366351304  0.92849144079788237  0.93888637837146682  0.94930515554185824
  0.95972930633928288  0.97015990690109888  0.98053984719610587  1.00000000000000000
 -0.00252662362256203  0.00943296029631263  0.01957129151419247  0.03011305376416516
  0.04071883110799706  0.05130066192847842  0.06183736636164484  0.07240458595822895
  0.08296191322440094  0.09353581928953147  0.10404714811586360  0.11455392043120470
  0.12500529094307847  0.13551275214284333  0.14605751397494515  0.15662772375828465
  0.16713865526886326  0.17761851817182156  0.18808559036312014  0.19852952118555173
  0.20900728430169252  0.21953863512294722  0.23009988746197388  0.24065500467474338
  0.25118539680725516  0.26172347175734473  0.27229629511536546  0.28285250301758535
  0.29348446476613266  0.30404826924017042  0.31457573921632098  0.32501802482617792
  0.33546051117664183  0.34599162437710385  0.35651686143775235  0.36707462746525077
  0.37758510323466915  0.38813000759705485  0.39865314360482096  0.40917663901119156
  0.41966447200514845  0.43014751488315883  0.44069546150234712  0.45129569509086470
  0.46183535397718534  0.47228725259649457  0.48274900540484134  0.49324131075641731
  0.50382013439085893  0.51443728605082617  0.52507055153509519  0.53570974186370102
  0.54631173405335054  0.55695982797382815  0.56759892069740259  0.57815476417932221
  0.58871632201216084  0.59923320926223067  0.60975716882865605  0.62024354117531910
  0.63069375669203975  0.64119778874541122  0.65170472280635527  0.66222766025482349
  0.67277424641047823  0.68331481595026800  0.69392143220340818  0.70444609477605491
  0.71497252606872852  0.72545406380412158  0.73602113668466762  0.74664869969258374
  0.75728457830868434  0.76790157343078091  0.77848338068288592  0.78909118860371330
  0.79967690369817068  0.81022743408835218  0.82078065371840170  0.83127212334785261
  0.84176767769341043  0.85226757569941847  0.86282134867667204  0.87341374215536038
  0.88392654123562275  0.89446155419038176  0.90497308545238664  0.91554861223007911
  0.92611103195591937  0.93665786346776470  0.94718888973264870  0.95772227870403170
  0.96828118641686356  0.97883132813344254  0.98940006680435144  1.00000000000000000
 -0.00252794043910251  0.00948705921500213  0.01962167482755974  0.03014962298253792
  0.04070393353074310  0.05124876095241456  0.06176105351739207  0.07225979216903448
  0.08274319434640356  0.09324660415980025  0.10375382326741302  0.11437777600647527
  0.12494973328899205  0.13557022560202386  0.14613854841259796  0.15676696638246770
  0.16733957716879311  0.17787431047314536  0.18835335284572541  0.19886334991392599
  0.20940018324055343  0.21991345991887928  0.23040202289751835  0.24086469003447072
  0.25141268339897910  0.26195234208874613  0.27250781952368719  0.28299266814800650
  0.29354781467482999  0.30410142302144305  0.31470784528251483  0.32524595115727262
  0.33577419598151492  0.34623141824344772  0.35670082083362015  0.36717533812497383
  0.37771677822656180  0.38828850803426618  0.39887408883505304  0.40943227416330996
  0.41999948925637798  0.43051089633897366  0.44103918156192806  0.45151707151272169
  0.46201330103459942  0.47250000424955030  0.48299830305413499  0.49353929848398076
  0.50409282330071903  0.51470772332938020  0.52529265037120809  0.53586046931445008
  0.54634312173642829  0.55682712989638294  0.56727749358263235  0.57777848618962335
  0.58829831711299563  0.59883276563884913  0.60939804468757308  0.61999856511174090
  0.63059601745605187  0.64123128361344450  0.65180209016418478  0.66235629276055208
  0.67292201592599143  0.68353391806162889  0.69419051076860083  0.70480460665738898
  0.71538801958248566  0.72597490481080573  0.73651783151893502  0.74709968997386511
  0.75767595557062239  0.76825603533193021  0.77882581523758787  0.78936082970874422
  0.79984910832214950  0.81031213892421594  0.82083357553026548  0.83141639418684865
  0.84204087206896816  0.85261346648861258  0.86321136944960597  0.87373352352997746
  0.88431750008074583  0.89482458669770293  0.90533528919615558  0.91578921751837705
  0.92626691858568855  0.93677624787944547  0.94731362676954678  0.95786750229996998
  0.96841475777961072  0.97895655502910128  0.98947978082016119  1.00000000000000000
 -0.00236011038978544  0.00966225187814265  0.01988642209405262  0.03047957463301353
  0.04104846115812290  0.05155768540877771  0.06210604461700874  0.07261800003149416
  0.08311122286061658  0.09361721440399476  0.10410345030532070  0.11468469210410820
  0.12523237882571892  0.13574616715392945  0.14630667965928271  0.15684888462282662
  0.16745832165701910  0.17803910947760654  0.18871351662099736  0.19937366020737243
  0.21000112518189548  0.22046979222626911  0.23100252770262092  0.24147707641250135
  0.25205383539472748  0.26253088876755321  0.27305834527988038  0.28355536235538703
  0.29406155111794752  0.30455127539691446  0.31511895891331537  0.32566241215410424
  0.33624661360290664  0.34674536458155270  0.35735363150697674  0.36787713179675952
  0.37841975244031489  0.38893713490706389  0.39948790731129580  0.41007630354935837
  0.42066921268918467  0.43126853604522408  0.44186368024852835  0.45241577690186047
  0.46290794926778855  0.47333348989989804  0.48377995145315572  0.49432167176206476
  0.50481398621484819  0.51527364560908062  0.52565352794698283  0.53609667559367236
  0.54658735296941263  0.55711846937886411  0.56768210884948489  0.57820872656367206
  0.58870691556025434  0.59916291485411999  0.60962448760345211  0.62009537015765159
  0.63059726097962765  0.64106791091673121  0.65155918955513381  0.66206839545586615
  0.67259520495428893  0.68309220286464700  0.69355016231522626  0.70406068085056450
  0.71461846468096912  0.72521659191007948  0.73577097063573860  0.74628244323523696
  0.75677513718363998  0.76729533683961204  0.77778873561075390  0.78827705423491468
  0.79876828943705824  0.80925060694679529  0.81975353389836736  0.83029978740959864
  0.84089292114159386  0.85150041777349172  0.86212180541263483  0.87282032718608715
  0.88353391941167614  0.89418692773705089  0.90479446106902706  0.91541741756622763
  0.92605405186131817  0.93673440138924491  0.94732133996729784  0.95785940120246660
  0.96835709763558309  0.97890344458079570  0.98944302914169391  1.00000000000000000
 -0.00231131313377132  0.00945678300104012  0.01953667013761028  0.03001545017676846
  0.04058404132647844  0.05127346043464698  0.06196059453289542  0.07257217961933014
  0.08313116119004783  0.09364370531533513  0.10417545071249869  0.11468828792333828
  0.12525053463213640  0.13578878127182858  0.14630923961381911  0.15684529690876611
  0.16740760192088400  0.17799610235205854  0.18858000469595707  0.19917514089786797
  0.20967755043096858  0.22028595808980242  0.23093341037585213  0.24159726756780336
  0.25212916078808922  0.26260038966513194  0.27320965466995389  0.28387783778327735
  0.29454207111149272  0.30509753879568385  0.31558629701601981  0.32611293175787759
  0.33667489620647251  0.34722550953094067  0.35777122960619095  0.36830460617173233
  0.37892310224544096  0.38950242704950655  0.40006161806937623  0.41051372393444696
  0.42098964670693190  0.43148268186156719  0.44200384850001717  0.45256965798089366
  0.46312869792177208  0.47371015309710801  0.48424933349709781  0.49477933796848483
  0.50527712875780106  0.51575168688738326  0.52625862230485942  0.53679642481361289
  0.54736773851239073  0.55792182453522243  0.56845313307064149  0.57890120449684757
  0.58937791097153014  0.59986685696158892  0.61037127748068143  0.62089204246513063
  0.63139194575513569  0.64188357320529166  0.65235011617551319  0.66285633586669956
  0.67341643714294841  0.68394264989117304  0.69446444937529062  0.70501265193264007
  0.71564811648767301  0.72628534645416321  0.73689206681568165  0.74740311439506812
  0.75788096364182700  0.76830900908864597  0.77877156126576652  0.78925947147321784
  0.79983798958959929  0.81038139748116589  0.82090410653973289  0.83140989048475844
  0.84191315959148028  0.85248955228707679  0.86304513308853548  0.87360456585259139
  0.88411127037508519  0.89463555027240060  0.90517227332486350  0.91575496555594704
  0.92628984383445556  0.93687159419528510  0.94738368296585085  0.95795723867121840
  0.96849023994308392  0.97906593348207660  0.98953639512153657  1.00000000000000000
 -0.00246595307175239  0.00941930149034036  0.01956590732089463  0.03018730188798828
  0.04086913819628243  0.05154573347272984  0.06212560004088392  0.07262219319785537
  0.08306742030095247  0.09355327072375917  0.10404770749101255  0.11457302164720776
  0.12512277258851146  0.13572064332847433  0.14628205961099472  0.15680425970902787
  0.16731022392650488  0.17782908370766426  0.18830512200970942  0.19875086794431976
  0.20928129561214959  0.21987254853660551  0.23047265824653426  0.24097968978627629
  0.25144515793557426  0.26192354019594610  0.27246310807776025  0.28303893808309538
  0.29359259517030556  0.30414636576582821  0.31460830768529680  0.32512886188046969
  0.33570456491599926  0.34640196759495312  0.35705597630315250  0.36764688097081893
  0.37825168271946269  0.38886212148545896  0.39941007026592235  0.40989609953123535
  0.42033477920513512  0.43082172499894306  0.44132058495156684  0.45192343385725720
  0.46252064354142597  0.47303830318405199  0.48356865076842415  0.49414200418652859
  0.50481863287104745  0.51543175336518621  0.52603571604440491  0.53661079378639576
  0.54713682015321430  0.55762949104259207  0.56811633752049084  0.57864161821112325
  0.58910896106679622  0.59957596807457569  0.61006563455661744  0.62063252242208278
  0.63120393681244147  0.64174448723071009  0.65223974584327560  0.66278338337398990
  0.67331578205659048  0.68388841136582756  0.69440733995337023  0.70496948089555989
  0.71553153959887617  0.72608023696487289  0.73658877323246608  0.74713571469638496
  0.75774009943606102  0.76835969598463760  0.77888462142549264  0.78941583263024473
  0.79994701394449874  0.81049442012830963  0.82099053838226088  0.83149960796210476
  0.84201072018519929  0.85253914518093266  0.86306716505862868  0.87364639218638596
  0.88419746297192481  0.89471715764594961  0.90522713617969885  0.91569296796485522
  0.92617577933809780  0.93664421126016195  0.94717368385816170  0.95774720396524282
  0.96831801689093744  0.97888844783995277  0.98944450611308243  1.00000000000000000
 -0.00233833881371196  0.00956505057982659  0.01971831488866316  0.03021070787587210
  0.04075717883133093  0.05135075046708516  0.06195167699803003  0.07245915996492934
  0.08295822731913469  0.09345206931052392  0.10397730521022909  0.11448505954441907
  0.12501368478258779  0.13556809375996462  0.14611335926605162  0.15668095982609800
  0.16727435848900657  0.17789993851384403  0.18852846882335184  0.19911957558730858
  0.20965267710024030  0.22015908196499523  0.23069943588956698  0.24128411482756099
  0.25188024014989779  0.26242386079196905  0.27304562382742437  0.28370942459902615
  0.29434581508166374  0.30490892888136212  0.31538062683149393  0.32587586020513509
  0.33637905351416569  0.34693758314022549  0.35756027539300089  0.36821341738382396
  0.37885297544168761  0.38945373896874530  0.40002342922057960  0.41056658324760492
  0.42109500703953856  0.43157415510660185  0.44205935686089110  0.45257337008029730
  0.46311831705491707  0.47368747815464868  0.48420638575611630  0.49472198301687409
  0.50526346814609091  0.51581906671052402  0.52634641493138845  0.53678620035428504
  0.54726796926013255  0.55780471159031941  0.56833746447206313  0.57886444109458468
  0.58938085311335342  0.59994177477734623  0.61050211789309206  0.62109778503811941
  0.63171531328532571  0.64228314214305371  0.65281183121217512  0.66331612309236088
  0.67384004606680648  0.68432639021679353  0.69491256095773124  0.70551667817431796
  0.71610562503619857  0.72660403500423609  0.73708420188065082  0.74763083842600087
  0.75819465357308202  0.76872018782143525  0.77922220022748867  0.78973901192030793
  0.80032431164871931  0.81087670203732476  0.82139732490442929  0.83197692740828944
  0.84254970620031244  0.85309640097641803  0.86353127051168044  0.87407011858506856
  0.88458295610877558  0.89516333410465254  0.90566110676506284  0.91619791248916593
  0.92664645670710866  0.93711336145904178  0.94757344672100741  0.95802007902409858
  0.96844284898145616  0.97890059511538108  0.98944708006240478  1.00000000000000000
 -0.00250286606969387  0.00942169215972982  0.01958355091769264  0.03011609671757136
  0.04068673266132130  0.05123152927893985  0.06177654156573212  0.07235731368098791
  0.08297211850106520  0.09355722244118905  0.10412699783740759  0.11469166488673842
  0.12527655709424776  0.13588979590385486  0.14647719028096198  0.15703589169495999
  0.16758678702903959  0.17814234447865165  0.18871649554969533  0.19920716136953287
  0.20971292873365949  0.22021297340699852  0.23071498338811641  0.24121607390699823
  0.25170459798793765  0.26224820083451750  0.27276066150497080  0.28327384150684626
  0.29382175459646365  0.30442533473430161  0.31503189698782241  0.32559925146194690
  0.33615677454712489  0.34669204486807909  0.35721560828514676  0.36776118253385048
  0.37831642563846979  0.38880498703812288  0.39923616117770661  0.40972375147970952
  0.42021765887226781  0.43070024393807893  0.44121563322541790  0.45176264659276377
  0.46230635180353163  0.47278153135948964  0.48330868555399786  0.49390412375692239
  0.50452060623995520  0.51515959941524470  0.52574287644544782  0.53630576112286976
  0.54677816812112412  0.55722655618609529  0.56773050677195080  0.57826872025464138
  0.58883081737416532  0.59934711809885066  0.60988352203723406  0.62042125971304107
  0.63094924309824840  0.64145201693783915  0.65202695536129940  0.66260914903089085
  0.67318811127048350  0.68373189070518781  0.69430609192618076  0.70489446760522734
  0.71544485715650097  0.72600650008567924  0.73660064634470279  0.74716341147815779
  0.75763324583810987  0.76811497623505332  0.77865838938812193  0.78923779679757966
  0.79980460995589864  0.81037255677604381  0.82093416124245100  0.83145406686617052
  0.84195919871814540  0.85246108727847536  0.86297464965188575  0.87345474435959625
  0.88394701956091815  0.89447817438256239  0.90498526118807832  0.91548905999182428
  0.92591456845423337  0.93645857539190225  0.94706290209083532  0.95769035771817967
  0.96830221187115917  0.97885857458135261  0.98945447213674453  1.00000000000000000
 -0.00246368279811600  0.00975122198016719  0.01996909878015731  0.03051832306497873
  0.04105759657664998  0.05159654591771860  0.06209359238384490  0.07258723276067006
  0.08304063924806568  0.09353945009850169  0.10407783083704471  0.11465199786446324
  0.12511883033875942  0.13561268768857643  0.14615439431529534  0.15678465031529751
  0.16739228320321067  0.17800182946155782  0.18861650509235997  0.19916815711486394
  0.20971630976898845  0.22025160046416628  0.23077761035197597  0.24130233914296215
  0.25187789577272551  0.26245877396607831  0.27295904664308396  0.28337244081250951
  0.29387319998345263  0.30434448465239172  0.31483465873129213  0.32530423414611565
  0.33585833560153250  0.34652848263975411  0.35717946490822716  0.36780013003397860
  0.37829419048397150  0.38876831104130322  0.39928381288267983  0.40987527687452763
  0.42046532340834469  0.43099812267251841  0.44150559552464469  0.45197115436595003
  0.46248012429073448  0.47299839390699133  0.48357425255662112  0.49413950407107615
  0.50471295068857192  0.51527153027049244  0.52583313655095565  0.53631981664879347
  0.54683121698919424  0.55736290191638838  0.56794626675409776  0.57855637020750317
  0.58907492776040582  0.59961360717283696  0.61010211910852852  0.62061204113584012
  0.63113591721653584  0.64167414989578753  0.65220881712635959  0.66276003822324991
  0.67331862630144901  0.68385883860504482  0.69438258728443591  0.70489475570110149
  0.71544451205503723  0.72590907814307304  0.73641229000601416  0.74694229535236645
  0.75752137843256495  0.76810871848626427  0.77864802122509014  0.78918113196483997
  0.79964387148261851  0.81017853689837294  0.82074261581957819  0.83128949230974114
  0.84183990223677252  0.85234863329594923  0.86289385516342454  0.87345409345064684
  0.88401859365690993  0.89454804077958361  0.90499516377399880  0.91544788759998308
  0.92596499981141478  0.93649569784165132  0.94701730499813330  0.95751149483545483
  0.96807750941460613  0.97872272022390139  0.98937794370679422  1.00000000000000000
 -0.00250254730507977  0.00948931653445646  0.01965674441319727  0.03015336431997160
  0.04068143093545773  0.05115617396886490  0.06170517981877228  0.07228194737293228
  0.08291317575630509  0.09347333028136923  0.10398949935911300  0.11445938214940504
  0.12494862170389866  0.13548958214480877  0.14607900938920174  0.15667846553998810
  0.16725209112135478  0.17779957727990475  0.18836931320062714  0.19888344202021560
  0.20939561287655409  0.21991254928518270  0.23041561186144580  0.24095888460472867
  0.25150904386245537  0.26209054473193777  0.27264107418942285  0.28318319141593157
  0.29372664781320307  0.30430377403993286  0.31491970728241880  0.32556699289686092
  0.33620191180934944  0.34678587657802490  0.35740280126598606  0.36801821724562378
  0.37860876382824993  0.38917365415104654  0.39966089385513387  0.41011347583662239
  0.42057176286461412  0.43103224707632648  0.44152391411858616  0.45199816701125106
  0.46250416332283611  0.47303263944498464  0.48353828602409332  0.49408631735789721
  0.50457404825441721  0.51508732188897322  0.52556100544251450  0.53611901738402357
  0.54661107099618789  0.55717720743199162  0.56768861309730079  0.57822454756078301
  0.58867438470241151  0.59920738175600896  0.60975130658306353  0.62032088462786383
  0.63086315739461130  0.64139541014945001  0.65193514263505981  0.66246920750460470
  0.67309822727083346  0.68364853574436923  0.69422116001163348  0.70468622999889929
  0.71525329303040153  0.72581876111223742  0.73641787975369544  0.74691970245525485
  0.75733506943006546  0.76775172835375716  0.77827579249565737  0.78885410584474358
  0.79946331951046312  0.80999048834902487  0.82056074304344395  0.83111786656879372
  0.84166872437598406  0.85221500270003148  0.86272616793652857  0.87332451046485260
  0.88386311999597988  0.89440395334798029  0.90491151072167220  0.91547519231094310
  0.92607983310449338  0.93667369253467736  0.94719534171979347  0.95776884543864216
  0.96828957753342193  0.97886848036918850  0.98939446136178832  1.00000000000000000
 -0.00235112679971854  0.00980877322235129  0.01999222537586965  0.03047716145588749
  0.04098530742445382  0.05149920382679972  0.06198152139153163  0.07245234945424976
  0.08292429584866033  0.09337323165587985  0.10380502436541253  0.11428986766827867
  0.12485449508897656  0.13546620096558815  0.14612064801694580  0.15673665383756114
  0.16736658904989565  0.17791691144617658  0.18851011593864431  0.19904235848974425
  0.20953601251088189  0.21997552781415583  0.23043287698432788  0.24096040591016873
  0.25144262615505425  0.26191663662367515  0.27240366578880326  0.28295665892689070
  0.29354426669404438  0.30414969885678872  0.31477860954654441  0.32540632173199091
  0.33596307009497223  0.34650898394259955  0.35707756755454606  0.36763761148928309
  0.37815749229953760  0.38866733473799731  0.39920851250155820  0.40972182976091276
  0.42021638446261317  0.43071006557743763  0.44123825486837376  0.45178564514080249
  0.46230327784045749  0.47282995055296706  0.48335837020140349  0.49391336612101316
  0.50447184703087045  0.51501989524068470  0.52557511078340502  0.53612064838495244
  0.54673155098311543  0.55737715397042120  0.56798671182508953  0.57849297575946435
  0.58897661530413603  0.59944492333974020  0.60995482213474550  0.62041989791104935
  0.63095070354198102  0.64147134622241064  0.65208798964658909  0.66269585063298031
  0.67327144273910300  0.68381949925398089  0.69432168850723375  0.70482309301819113
  0.71530502117257422  0.72586562229640395  0.73646091478546483  0.74705281347096453
  0.75758205804338008  0.76812712077927858  0.77869149178307062  0.78931442013250119
  0.79989418354049902  0.81042373421727287  0.82095721146719924  0.83149634202975342
  0.84209037964444555  0.85266954750853785  0.86324881632267336  0.87378672414479286
  0.88421809983018895  0.89475898066116921  0.90525004105959939  0.91585226965802147
  0.92637728284995735  0.93692647027477438  0.94741534381903791  0.95790083585066310
  0.96844114651841040  0.97897836746564981  0.98949323723029614  1.00000000000000000
   2.0448662202691107E-012  -1.0000000000000000     
 T T T T T T T T T T T T T T T T T T T T T T T T T T T T T T T T T T T T T T T T T T T T T T T T T T T T T T T T T T T T T T T T F F F F F F F F F F F F F F F F F F F F F F F F F F F F F F F F F F F F F F F F F F F F F F F F F F F F F F F F F F F F F F F F
  <DiscreteSampler_grid>
  grouped_processes
  1 # 1 for a reference and 2 for a running grid.
  10 # Attribute 'min_bin_probing_points' of the grid.
  1 # Attribute 'grid_mode' of the grid. 1=='default',2=='initialization'
  0.0000000000000000 # Attribute 'small_contrib_threshold' of the grid.
  0.5000000000000000 # Attribute 'damping_power' of the grid.
 # binID   n_entries weight   weight_sqr   abs_weight
    10   10   2.880165064981297E+031   3.373390774846894E+063   2.880165064981297E+031
  </DiscreteSampler_grid>
