  0.00954595120160543  0.01554391187428112  0.02478378003679781  0.03550883504544820
  0.04580345187806777  0.05609691655744797  0.06642797763431586  0.07676703964222852
  0.08713940404635750  0.09751960491255712  0.10794206488282934  0.11840905619750906
  0.12890630797994024  0.13939930828830024  0.14982293522665671  0.16026344603814480
  0.17069147706307980  0.18116723868062004  0.19165269800180695  0.20209853703575467
  0.21251949793563915  0.22291670723572268  0.23334392467141493  0.24383850031410534
  0.25433170421367429  0.26478996947552774  0.27518133775835818  0.28556676228891620
  0.29597830791850793  0.30636887784371158  0.31668628457713521  0.32699919118543186
  0.33732683366940702  0.34765430433604499  0.35800554456942574  0.36839364517140599
  0.37883930447352571  0.38923655714750177  0.39960186219900251  0.41001570859686431
  0.42042904588503544  0.43082327256613184  0.44116098239851176  0.45153572186635649
  0.46195008864073328  0.47235585910047950  0.48273975083295861  0.49309665673898662
  0.50345758218170755  0.51381772570101480  0.52416429509057505  0.53450190917280493
  0.54486752429678909  0.55527116829974876  0.56570608542102119  0.57609682135435769
  0.58646355510361370  0.59684076401611952  0.60726810720778635  0.61771184758202913
  0.62808843450677176  0.63840659585058246  0.64869878727614438  0.65900123640275277
  0.66932453330675556  0.67966012213637661  0.69000956448827844  0.70035453944066028
  0.71070617835638505  0.72110539216284508  0.73151555657910383  0.74190671335500324
  0.75224328781276961  0.76256236191481552  0.77288667372781805  0.78323289550554698
  0.79362803039114815  0.80403441919054730  0.81438835501584084  0.82469723508632620
  0.83503167436470216  0.84545470631979691  0.85588629037543373  0.86629558761916392
  0.87668796386065695  0.88709008919032328  0.89749461861529001  0.90789136499731193
  0.91826888434268505  0.92860847802599444  0.93901013549843526  0.94939528221989267
  0.95979851126895477  0.97013733434895377  0.98049347140046617  1.00000000000000000
  0.00960105242590711  0.01570548306245933  0.02501099946484224  0.03579935585015702
  0.04614332625063901  0.05656689111243806  0.06698113757905620  0.07740626969518227
  0.08782353195322976  0.09823273356417690  0.10862242434463104  0.11902521208793251
  0.12943446021438332  0.13982441435400783  0.15014411004303804  0.16048035131354485
  0.17085377136654387  0.18123146078585978  0.19156253461043643  0.20186920834007066
  0.21219622404050409  0.22257690553088841  0.23299636489745576  0.24336611175312500
  0.25372557271790930  0.26407882359350460  0.27446747179822129  0.28494127840720085
  0.29540656282369748  0.30584017829040722  0.31622552300720252  0.32659013069946713
  0.33699052980417377  0.34734433703356687  0.35771387505568186  0.36804590936510734
  0.37840930724499550  0.38877168733612588  0.39918740242827133  0.40965478951856965
  0.42013627130490350  0.43055627399787610  0.44093346513737125  0.45130667955133225
  0.46172470770739826  0.47215209713168499  0.48259735243582214  0.49303185385269754
  0.50345428167830009  0.51385046495457232  0.52423789008363608  0.53462988919859267
  0.54502007505122241  0.55540874567369825  0.56576809469443989  0.57612207693566608
  0.58647025926301399  0.59680300652578699  0.60716540577479461  0.61755015870524299
  0.62796746840229944  0.63838295599731809  0.64876016329065678  0.65912262553392786
  0.66951318338727039  0.67994528128551213  0.69036922553324531  0.70074098652728189
  0.71108810531481081  0.72144316397290631  0.73182179361774047  0.74221287729269037
  0.75257978813649529  0.76293108021613032  0.77326575090686012  0.78359862299317895
  0.79391054478809109  0.80419611473384522  0.81451276230826652  0.82485234452666245
  0.83521099799702447  0.84560556279961119  0.85606860018696995  0.86660855873798592
  0.87708975452493654  0.88748636764901945  0.89783007619684563  0.90817863167427337
  0.91853043736582307  0.92883167157510138  0.93909563089905612  0.94935593348428793
  0.95965409847698424  0.97000087326180695  0.98038938405085019  1.00000000000000000
  0.00961763903180662  0.01563118090358250  0.02490601682995471  0.03568909408377570
  0.04600388049810837  0.05632686645794729  0.06662776769330810  0.07696094966547098
  0.08729318830607503  0.09762365277262350  0.10797207271373184  0.11834387923905637
  0.12872963328989595  0.13913721771910670  0.14957321690766245  0.16000015383339522
  0.17043714290991915  0.18092051881678439  0.19136564964114630  0.20173487592950312
  0.21204027530493624  0.22238208322110367  0.23275708029687500  0.24321382624999235
  0.25369024886741087  0.26415523242220412  0.27453304251955457  0.28482853874719699
  0.29511093377654940  0.30542142113538667  0.31577471417066882  0.32613585121443839
  0.33647189191857191  0.34684338809840687  0.35726036912094844  0.36770335907020807
  0.37812786457760877  0.38853673912639752  0.39895366198121407  0.40934125194715720
  0.41973475603962446  0.43011456221160466  0.44047113407090616  0.45079012672988744
  0.46113330061667018  0.47154927357240745  0.48200608351033236  0.49244529642970586
  0.50285000034363703  0.51322570426791225  0.52356582322913836  0.53389861832563434
  0.54426353929404214  0.55468663213320013  0.56513870834015068  0.57556920797460787
  0.58597570792591303  0.59635545742293838  0.60671347563859723  0.61706805052627278
  0.62745727668977647  0.63788370283954832  0.64828778610497717  0.65868301026330456
  0.66910478260557149  0.67952502008061200  0.68989093906801724  0.70021876522348769
  0.71057900456144263  0.72096507535126886  0.73135803693145851  0.74172043523955555
  0.75210492698990528  0.76249782337777239  0.77293870411776300  0.78341778370950177
  0.79392695434705485  0.80439483772038534  0.81481911836663223  0.82521563046596214
  0.83561983926860584  0.84601670312385391  0.85636047467150844  0.86669987771658286
  0.87703505050461827  0.88737952593067004  0.89771574263124376  0.90807831479891288
  0.91850685706759094  0.92894328775145807  0.93937566444768761  0.94975743934981105
  0.96012077627837711  0.97037294263441043  0.98065809186094222  1.00000000000000000
  0.00949671916195942  0.01580802935752260  0.02481946578139316  0.03569664373990694
  0.04611861374549732  0.05647131760812529  0.06681609433293306  0.07714478063680238
  0.08754978607648259  0.09798425659246329  0.10845984602234297  0.11890988487144495
  0.12934631457316370  0.13973606488169377  0.15012702532792094  0.16051392784543997
  0.17094095346832730  0.18137293067316185  0.19180339575600325  0.20223619460868775
  0.21268012090282595  0.22308161850944347  0.23345612438129792  0.24379277377279868
  0.25411979598288714  0.26443372485531458  0.27475086446621588  0.28510010677078473
  0.29547675363841625  0.30591319442977000  0.31633484166940501  0.32672725454425089
  0.33708255842774909  0.34743552099925756  0.35779636506541518  0.36812179549800061
  0.37845704178052625  0.38878270269270193  0.39909453356290753  0.40937751929105759
  0.41964855229628473  0.42997091968498169  0.44034781516282900  0.45074325656640896
  0.46110194490402073  0.47143798318221397  0.48179716525584437  0.49218965306847695
  0.50256661732126795  0.51290584236339221  0.52325398978538162  0.53362838776905863
  0.54402642688516689  0.55444156913375953  0.56485712614711781  0.57525232283031635
  0.58561549170391525  0.59593748134720126  0.60625880379853869  0.61664958490715538
  0.62711552554629291  0.63757144710153846  0.64794083332894170  0.65823102999041394
  0.66851461439643922  0.67883702660385847  0.68922476308855618  0.69966552173463037
  0.71008251536349687  0.72048853129080148  0.73090459558834120  0.74133807722541045
  0.75174603016586450  0.76216617684359045  0.77261858835902630  0.78311955988566007
  0.79359703267602943  0.80404465101421352  0.81447750411570319  0.82490042630398763
  0.83531770635653069  0.84570510557927148  0.85605364015053920  0.86639789807513290
  0.87671308814933924  0.88708213125222868  0.89744840911245694  0.90793599426296612
  0.91840909582726959  0.92886585186445769  0.93919336026859335  0.94949687047503517
  0.95981293915027399  0.97019040818529201  0.98051857767624195  1.00000000000000000
 -0.00240201633899484  0.00945048747850722  0.01952005332690415  0.02992977710954405
  0.04035928235141814  0.05085841044133727  0.06137607080047731  0.07191782059363383
  0.08243319312648045  0.09296702497990793  0.10351785732073934  0.11405591208876918
  0.12462489464758605  0.13520485397837140  0.14584976968466920  0.15655421867452318
  0.16721614246262007  0.17781223239901547  0.18834778903042323  0.19891067341120849
  0.20949383116185177  0.22007986447608965  0.23064791226847020  0.24122707290656531
  0.25176247320241485  0.26230587707977449  0.27287009538394613  0.28351885302605878
  0.29409875281289838  0.30467568691543179  0.31517883259072704  0.32570377095916636
  0.33619451994651628  0.34670306283547875  0.35719043085493318  0.36772536749991147
  0.37826639073450907  0.38879725651703884  0.39935808961089009  0.40994716095914946
  0.42059961489760683  0.43118310514494729  0.44171999961396724  0.45221378625099640
  0.46268913202513023  0.47319180217956958  0.48366625392675083  0.49420883654223202
  0.50467375056154473  0.51527662783914152  0.52584556095276669  0.53650007875011796
  0.54706015800359031  0.55757938052286060  0.56805296538662464  0.57852854709306190
  0.58904425204407640  0.59961688707570826  0.61013303749322489  0.62064995032001302
  0.63116212727634258  0.64172802829171827  0.65224655477963800  0.66276398883947130
  0.67333217711848004  0.68391722649466458  0.69446911396188393  0.70498316297251329
  0.71552588236564163  0.72607519624692962  0.73665032635450467  0.74724223964826997
  0.75783010314793042  0.76845275581133088  0.77897908418179074  0.78948442280169229
  0.79992676143525732  0.81047486370927257  0.82108443079797189  0.83168521239268745
  0.84226483736637947  0.85282395515349496  0.86335783079381190  0.87391596944875793
  0.88446163845928205  0.89505062987150064  0.90559842888434683  0.91606353228415449
  0.92646718196894751  0.93691467660645078  0.94749049648027062  0.95809882251460798
  0.96857560368346962  0.97899711331211858  0.98946653591177836  1.00000000000000000
 -0.00239313074951952  0.00946339334210370  0.01959939176345954  0.03002777199287436
  0.04053672480610206  0.05103310452466413  0.06161641541322755  0.07220801397017222
  0.08276715804558679  0.09325956606581721  0.10369841231259361  0.11420183693312677
  0.12476903159590329  0.13538015889694621  0.14596478130096691  0.15651231766084611
  0.16705159283658844  0.17761232188937656  0.18816397994799006  0.19877403635290503
  0.20935285289190567  0.21990789318356663  0.23044382850514528  0.24104751496958118
  0.25162041837756272  0.26220909199078218  0.27267799669902915  0.28321378338853997
  0.29371464012739562  0.30427307285841720  0.31482469248717354  0.32537127386769532
  0.33595996888592783  0.34653122666437086  0.35702411869474843  0.36745813609179384
  0.37782824458695075  0.38829575202962358  0.39877630496911742  0.40938184545461009
  0.41993177113838365  0.43049520823113729  0.44097929124790120  0.45151457225213670
  0.46209017929126511  0.47264854729509759  0.48319704007325154  0.49374710876342909
  0.50433712958693622  0.51495976693739953  0.52550300175829323  0.53604908333257006
  0.54652763112751401  0.55704428810611817  0.56753228725799731  0.57806156615583959
  0.58862591845622347  0.59919286132938909  0.60974729268153616  0.62034100500983658
  0.63098486820526156  0.64161428520546582  0.65218889634600707  0.66271916236088968
  0.67322911332433333  0.68379122324865349  0.69430626076956048  0.70488353009211868
  0.71545379058410030  0.72603640193840246  0.73654794463030460  0.74697509043416366
  0.75747926581799352  0.76799651316231565  0.77857760263749376  0.78917711393881695
  0.79978176164313852  0.81037883146027989  0.82093489295375588  0.83154003579865554
  0.84215169024292091  0.85274592939716720  0.86328315520096177  0.87373532268183784
  0.88422860605331621  0.89471101874050851  0.90527242333844371  0.91584641580888848
  0.92645756837880577  0.93702307479444291  0.94756497467159917  0.95807533458938687
  0.96856325356845874  0.97904154124500842  0.98950484272491435  1.00000000000000000
 -0.00250763144324192  0.00955064771912668  0.01975448984896825  0.03024123066819036
  0.04075035333233144  0.05126150584860117  0.06174127922539793  0.07226397226840284
  0.08277626778867637  0.09332961826797880  0.10390535490811299  0.11444401462340127
  0.12497813888318282  0.13542830645561466  0.14595154271466795  0.15652097155677697
  0.16714674630556955  0.17779830622901757  0.18837817860140238  0.19898932242043851
  0.20952774735174859  0.22009899401931091  0.23061800510005787  0.24116814519396310
  0.25170652970559321  0.26220426885568948  0.27268652285071415  0.28321864282518827
  0.29379106942406491  0.30438683492472701  0.31497909031371907  0.32553882684660040
  0.33605759819270248  0.34655296230221749  0.35711017171681764  0.36771792695754313
  0.37832429824609648  0.38884982716191357  0.39937392213504674  0.40985540304633566
  0.42040504830187636  0.43086681289773621  0.44137121941636076  0.45184795442670311
  0.46239991522690149  0.47293737694418819  0.48351492755498432  0.49407380752015007
  0.50459705599932680  0.51506094157827065  0.52555373478357637  0.53611922889341557
  0.54663928504632786  0.55719210877082026  0.56768316003018104  0.57823359874364955
  0.58872955715170050  0.59928573822908870  0.60984365146598163  0.62043156291739354
  0.63100050234352667  0.64158105307865387  0.65213166675939871  0.66271275413815955
  0.67335989887296954  0.68403347797523839  0.69470346810311934  0.70530353403293766
  0.71589366321798242  0.72654431956138843  0.73718862202398616  0.74782410561691204
  0.75836511985106203  0.76890444327677376  0.77940169733819775  0.78989298916778294
  0.80040169656809856  0.81096716802814028  0.82148870368068871  0.83201656941543078
  0.84251411196572334  0.85309709052036142  0.86361412331206766  0.87404596482224350
  0.88444097660059418  0.89484410893791844  0.90531284118942157  0.91580570643303660
  0.92633299819570170  0.93681965825903946  0.94728904224580524  0.95771879041851182
  0.96824451575259840  0.97878506972912804  0.98938248657802463  1.00000000000000000
 -0.00253978823413118  0.00936637708806314  0.01948531027732466  0.03002838231782932
  0.04062151033157041  0.05118864884327441  0.06171688548221354  0.07222563986092286
  0.08274942343959592  0.09327247466660761  0.10382190905929065  0.11432753653938574
  0.12476858596552966  0.13518378089515062  0.14562218074816816  0.15613605235460939
  0.16669006749460014  0.17727366566475022  0.18788660632060533  0.19845967683938737
  0.20901849331897582  0.21954771184490299  0.23007225611448900  0.24056535090442122
  0.25103527917576263  0.26155386639248679  0.27209003279629040  0.28263325010357204
  0.29316990720651065  0.30374273567654925  0.31431132860647421  0.32488768271519103
  0.33542549725946630  0.34600967600672394  0.35660928444548168  0.36724387230295624
  0.37784142035723434  0.38840746427997591  0.39895688264576373  0.40945945920504406
  0.41996572709014779  0.43053357633681094  0.44118637180152198  0.45181479855202511
  0.46236363581008755  0.47287567280301063  0.48341352229470813  0.49395393587177006
  0.50453150034711103  0.51506202241348353  0.52557983395027075  0.53604702831165019
  0.54656996101055688  0.55713794059711874  0.56767127915180637  0.57818390145966292
  0.58871970114035188  0.59926714894925592  0.60978078048096584  0.62024888715730564
  0.63072079235155776  0.64124188017893036  0.65176123385791540  0.66237075726531436
  0.67297292969354205  0.68360249184577293  0.69414592469680492  0.70466607936778503
  0.71522482974248403  0.72579734784165384  0.73637188855793523  0.74682629892121277
  0.75731943679896963  0.76782340158384921  0.77837534751711124  0.78890537886122081
  0.79950203402575037  0.81006474716501564  0.82057849334853583  0.83106892982683822
  0.84161432637200639  0.85218688480611049  0.86267569752042661  0.87318434912869725
  0.88367167430422122  0.89424337653038666  0.90481489137977156  0.91539028217792551
  0.92593156617508410  0.93650044682024447  0.94705685541280682  0.95761397405923487
  0.96811939020194693  0.97873926488877661  0.98935670207429172  1.00000000000000000
 -0.00251132406082588  0.00964673722060974  0.01984422712906625  0.03035123644501152
  0.04080557612990354  0.05129244327547757  0.06179287640553617  0.07234434371399272
  0.08289109253649131  0.09348335611270901  0.10406823711196730  0.11464464378375794
  0.12518356356667573  0.13569325698006859  0.14624857707184083  0.15684593752075138
  0.16749127385808438  0.17813598203702097  0.18875012782471967  0.19935480027515565
  0.20991946575593332  0.22050562493527492  0.23106241448139517  0.24164681367423840
  0.25219549947586450  0.26274727607997800  0.27326906519560307  0.28385533252990508
  0.29443153455840443  0.30504205400169204  0.31557497094885162  0.32617342322967957
  0.33675574146033388  0.34728905027565837  0.35778195589528244  0.36825626644007231
  0.37883447912731189  0.38935763844379073  0.39989266012061314  0.41035202192604125
  0.42087561402294882  0.43141288579532944  0.44198710040901956  0.45255242457666905
  0.46307490051431438  0.47361452470410326  0.48413155362804089  0.49469829475725580
  0.50521991512314646  0.51585995949863084  0.52643940676575429  0.53704646306595760
  0.54760830291942353  0.55815086873335551  0.56869222997767421  0.57919388684119921
  0.58976924439111311  0.60033588029983398  0.61085620907700111  0.62128838387692853
  0.63167421521084965  0.64207978180964154  0.65256700394176703  0.66310928040381267
  0.67364814802040962  0.68416556726656286  0.69471484217636659  0.70526299576235540
  0.71582356737634889  0.72633846858896356  0.73681510600780631  0.74732382577737122
  0.75776249928750039  0.76828147870460994  0.77874916412085027  0.78926522044384695
  0.79976077638448850  0.81029062155363085  0.82086941430479698  0.83133302489200223
  0.84185260221548608  0.85235663951135521  0.86296152517158142  0.87353316069382247
  0.88407058212754930  0.89457294300727963  0.90504423907551235  0.91560403466843421
  0.92619323737494041  0.93675043491873033  0.94726818676431701  0.95778126302728195
  0.96836038392484303  0.97891837173724272  0.98948693372481078  1.00000000000000000
 -0.00252400743023343  0.00984011040466683  0.02010000570414168  0.03072180040082495
  0.04126976708158769  0.05181872796256116  0.06232312775275237  0.07283054768154146
  0.08337078322714267  0.09388916838672107  0.10446547778452855  0.11498385630190769
  0.12556252185900374  0.13613163209803761  0.14673155930910634  0.15734051806306656
  0.16800805849673386  0.17867224631314779  0.18928838084932179  0.19991796138190446
  0.21047905670782174  0.22100255430534166  0.23147786777402302  0.24195744648604170
  0.25242790055243874  0.26295198357411742  0.27352478740445280  0.28419706191928129
  0.29479330241475654  0.30539193700251449  0.31594962424568712  0.32654975412728238
  0.33712406301848946  0.34761146944173238  0.35814004403519911  0.36876394505085597
  0.37938657356735334  0.38998148075134598  0.40050205069729827  0.41107926880728513
  0.42161973244276746  0.43215269914770010  0.44267638120390035  0.45322889748578432
  0.46375811832684100  0.47427229477676652  0.48481378428133981  0.49538054231550377
  0.50600678179845160  0.51655862476552594  0.52710661753332244  0.53763647618835597
  0.54814710604119543  0.55865914827430763  0.56918993752515012  0.57979388041973023
  0.59039231607583709  0.60085775747602976  0.61125517931996332  0.62166660792591621
  0.63213418296558821  0.64262268321030735  0.65308904413169122  0.66359529893403668
  0.67417483013788027  0.68480826569927877  0.69537794618622106  0.70585681519753363
  0.71629850435332187  0.72678098486542697  0.73729212630877217  0.74781825077387887
  0.75839437486135086  0.76895493456157482  0.77948949200014650  0.79002154193138263
  0.80052404084036510  0.81096170814465585  0.82144225676708094  0.83194024119100318
  0.84245789287965023  0.85292536864389168  0.86336880895905510  0.87391726473558984
  0.88438967026435578  0.89488364263648323  0.90534468860697925  0.91582432788834811
  0.92634209365187647  0.93682360338066661  0.94732247686319115  0.95779701778792203
  0.96836340744865490  0.97893644426135840  0.98950251810608991  1.00000000000000000
 -0.00239370188333572  0.00959071413414127  0.01976156898034120  0.03025596786136723
  0.04071881805907878  0.05115800717963024  0.06164490744994297  0.07211166411280186
  0.08264506867367422  0.09320808958679758  0.10384669351175838  0.11440623718535464
  0.12495301611148069  0.13551971259252826  0.14610687352227558  0.15671700386304843
  0.16728115398752802  0.17780412866987397  0.18831738955580626  0.19878536383529136
  0.20931656375323690  0.21983226566728448  0.23038767762050999  0.24090694853349712
  0.25140714608327391  0.26193813244966430  0.27246746058510180  0.28307261416461538
  0.29365699301728432  0.30425439754899647  0.31484674611641145  0.32540022339771230
  0.33596739423167232  0.34650259235314862  0.35701084676026607  0.36753163305878317
  0.37809773917885781  0.38867331753973516  0.39924533157305941  0.40983077986201061
  0.42049052559380456  0.43115559184575847  0.44178675019538266  0.45241793637916761
  0.46309593153576806  0.47374961222784623  0.48437106622161796  0.49494945653156119
  0.50545282114060996  0.51593565629065197  0.52643072613337571  0.53695404487924248
  0.54748603864402945  0.55800724155445014  0.56856068808357618  0.57909295667685745
  0.58958753226981397  0.60010599809742904  0.61069497623295499  0.62129528392159183
  0.63187443503286078  0.64235056795428003  0.65281846409222910  0.66327002164521798
  0.67386725329906239  0.68443219395907839  0.69501086614148899  0.70551514312847152
  0.71609564341860654  0.72664028052481922  0.73719516201325508  0.74770377241531971
  0.75818088566590502  0.76860611664792922  0.77906550361365490  0.78956294758378520
  0.80008352252773196  0.81060028761049696  0.82113370205136993  0.83167227952635725
  0.84216473334343445  0.85264106035978549  0.86315009598205950  0.87369508364737103
  0.88429663229708466  0.89490693074228100  0.90548840531202412  0.91596823655762105
  0.92650027831815640  0.93696605765781404  0.94751210100881778  0.95801364378359444
  0.96858292063756879  0.97913773721733011  0.98958976517436814  1.00000000000000000
 -0.00251050831212721  0.00959499429298402  0.01979926828159445  0.03040257695073226
  0.04099015432839308  0.05158217399576125  0.06215741701028586  0.07268137753429446
  0.08317246002031251  0.09364199068792436  0.10418022785999732  0.11468025888414730
  0.12518725852644177  0.13568022556794337  0.14626537672859563  0.15689314978939103
  0.16752193647271690  0.17809373207949411  0.18859203198973115  0.19908073441686439
  0.20959646811236055  0.22010339838418191  0.23063244397938826  0.24115275080393617
  0.25175345572530961  0.26234337526500578  0.27288842615070646  0.28336117657154336
  0.29383230859225939  0.30430410611917713  0.31482016723294598  0.32536445198784436
  0.33593135817886488  0.34648005561652806  0.35695476915535884  0.36746511906786228
  0.37798316335520987  0.38853652753583034  0.39904904880338138  0.40955673126624964
  0.42011068750616748  0.43071780201788484  0.44127666572249041  0.45179351255576655
  0.46224124022680857  0.47276249320025499  0.48335646280010874  0.49403346292974887
  0.50463616008354539  0.51516498867399152  0.52567318701481680  0.53623366359525315
  0.54674754462986763  0.55722430091411457  0.56766553995700419  0.57811910897338581
  0.58861876279333281  0.59913445277136690  0.60968355419114950  0.62016866329793408
  0.63068221456349693  0.64124839503676978  0.65190249166640957  0.66254147649788764
  0.67306173908826816  0.68351952314341169  0.69398586544747709  0.70449700275438021
  0.71507690115455702  0.72567827523311312  0.73630929275620938  0.74689837546130844
  0.75747955575273440  0.76803010625901202  0.77853415526528524  0.78902930671463678
  0.79956312605373880  0.81007212281339291  0.82058809350985151  0.83110128051204879
  0.84165844871103646  0.85230716522612704  0.86287102606820221  0.87349277710775974
  0.88402958268994958  0.89466923220165251  0.90520826663948284  0.91574415533176545
  0.92618170951366829  0.93668967827794880  0.94720864995218490  0.95777832764163273
  0.96834617251444155  0.97887939624139442  0.98943476384487461  1.00000000000000000
 -0.00250922461751569  0.00937188131282570  0.01946865632743082  0.02997334127293047
  0.04046469193355585  0.05102412552098433  0.06157450890440211  0.07216475741647981
  0.08270638701506389  0.09326104365931939  0.10384432362186959  0.11437417303422201
  0.12497867369908419  0.13549009399423687  0.14599967978889403  0.15640367834459717
  0.16685353535933486  0.17736958618226709  0.18791538540516667  0.19848174180387118
  0.20907898815055254  0.21971985014206299  0.23031580217383693  0.24086164247955791
  0.25132674937343974  0.26182900751892607  0.27233131138713373  0.28290691484892344
  0.29348376533296439  0.30409408297682344  0.31470474460365289  0.32524380984483270
  0.33579891527478439  0.34634966843837356  0.35691065771599956  0.36739882528273432
  0.37791614076129904  0.38844791139894674  0.39900238285783096  0.40950203437939942
  0.42002499379011560  0.43058208137315890  0.44119116094070143  0.45181917276247430
  0.46249053954140945  0.47312384489677350  0.48368957897547160  0.49412715247523831
  0.50455918508130526  0.51506292466747261  0.52559422775884468  0.53609774371165442
  0.54658676389582939  0.55712124877226976  0.56769244806521491  0.57829303913908936
  0.58889904031756013  0.59943114124464392  0.60992412575887112  0.62037966356684127
  0.63093331949565035  0.64148609138408252  0.65206321775398202  0.66264259100120970
  0.67323650569906934  0.68384142630500078  0.69441320203858259  0.70500341299381120
  0.71559215841167023  0.72609803885758317  0.73660553993365041  0.74710023189346031
  0.75767477280105544  0.76823618149369166  0.77885636110361500  0.78949479620006024
  0.80010028506299569  0.81054968558705609  0.82108080521408178  0.83162517902859001
  0.84222847596348327  0.85271305152175525  0.86320534530285786  0.87374521101934755
  0.88426140932456909  0.89479223058543100  0.90526860441281287  0.91580970924429095
  0.92637469121719462  0.93695351252275860  0.94748736702971526  0.95806152287971624
  0.96860370105944127  0.97909331959718793  0.98951852246656757  1.00000000000000000
 -0.00251829763799515  0.00951328787648801  0.01967778643593416  0.03023866546182418
  0.04077885812806955  0.05130771586428540  0.06181076410782101  0.07224085101742043
  0.08267128123809199  0.09308683340861093  0.10355785489565512  0.11408425415591471
  0.12471294772146901  0.13534868531733660  0.14591401758618988  0.15636903100844832
  0.16683051149920386  0.17739543457679693  0.18802895269642955  0.19868356147282043
  0.20930155205513509  0.21989855284987583  0.23038794557682069  0.24085064097799785
  0.25126449342315560  0.26174907978257655  0.27226333487822629  0.28288022513547495
  0.29349166738060295  0.30412437989223762  0.31466937771600995  0.32526300929679663
  0.33581649584143736  0.34637552578711078  0.35687990302433253  0.36736742908924530
  0.37788224676123305  0.38839050931428182  0.39892718334291144  0.40946207503013193
  0.41996015833655082  0.43043741588355400  0.44090445709116560  0.45141629074303158
  0.46196088828323523  0.47252462064614947  0.48308486921044408  0.49359748723076191
  0.50415523384443883  0.51471697735364286  0.52530555389794864  0.53587655172796644
  0.54650700171769628  0.55712466388774629  0.56768340760537872  0.57823342430019731
  0.58881149081912798  0.59947362512402014  0.61012861341379265  0.62072391486318967
  0.63133374827291733  0.64186622529368897  0.65242119688848654  0.66288495269498027
  0.67339739596532255  0.68390687577760223  0.69444466662664261  0.70493358246662052
  0.71541328229147072  0.72591827456885305  0.73638970946105553  0.74691009499159766
  0.75735107170066684  0.76782408977827599  0.77823382669570951  0.78867464388719488
  0.79916150932877383  0.80968410622841236  0.82019747453964698  0.83069759050719516
  0.84119654050303072  0.85178441517471137  0.86234026557205767  0.87289283052481048
  0.88343902585711553  0.89402676908067136  0.90457402233023487  0.91513418760765086
  0.92569489871953758  0.93624374327955995  0.94674355786689945  0.95730354051968403
  0.96799087457024824  0.97872841088506257  0.98938937745788569  1.00000000000000000
   2.0494409335903861E-012  -1.0000000000000000     
 T T T T T T T T T T T T T T T T T T T T T T T T T T T T T T T T T T T T T T T T T T T T T T T T T T T T T T T T T T T T T T T T F F F F F F F F F F F F F F F F F F F F F F F F F F F F F F F F F F F F F F F F F F F F F F F F F F F F F F F F F F F F F F F F
  <DiscreteSampler_grid>
  grouped_processes
  1 # 1 for a reference and 2 for a running grid.
  10 # Attribute 'min_bin_probing_points' of the grid.
  1 # Attribute 'grid_mode' of the grid. 1=='default',2=='initialization'
  0.0000000000000000 # Attribute 'small_contrib_threshold' of the grid.
  0.5000000000000000 # Attribute 'damping_power' of the grid.
 # binID   n_entries weight   weight_sqr   abs_weight
    10   10   1.086001661933143E+031   2.775496102929042E+062   1.086001661933143E+031
  </DiscreteSampler_grid>
