 -0.00272824844617333  0.01086240722686418  0.02151473839677252  0.03209970800612445
  0.04265448584222740  0.05334959543067058  0.06402079791826407  0.07485891915385924
  0.08570420580826707  0.09660302809234003  0.10741681829683521  0.11799367994006342
  0.12850181684658454  0.13915953959316790  0.14978555485909822  0.16035075362124154
  0.17091299752273645  0.18157079055067851  0.19208397373831926  0.20241002178161036
  0.21264124765134368  0.22297071281971587  0.23315969382063773  0.24344552061335278
  0.25351879813828043  0.26367773961224883  0.27385370669787779  0.28423485373262647
  0.29471076870832241  0.30526687975910083  0.31596019424435146  0.32668602659552459
  0.33735449437873039  0.34799973886463681  0.35872971962622574  0.36942576997022314
  0.38004943321427154  0.39061262437021449  0.40110588530875302  0.41160026924640492
  0.42202163125615005  0.43241310488292867  0.44278541263484394  0.45326984213035437
  0.46383241998684638  0.47441123984118244  0.48491933734209214  0.49565496386743840
  0.50628118346034912  0.51705601851958516  0.52791231416106277  0.53894353676381035
  0.54988395456098271  0.56079900973572372  0.57185627966677077  0.58287775425525723
  0.59339808484599177  0.60403414702978031  0.61431207264620113  0.62466401238114899
  0.63475218210617335  0.64479099340177126  0.65498777968026656  0.66525852292821808
  0.67574602188868105  0.68616191762536394  0.69654510273242731  0.70675730402963088
  0.71698894888831777  0.72725096430917446  0.73789352280748155  0.74847795106649129
  0.75899247974972839  0.76937669146082510  0.77980532634883604  0.79009225910973446
  0.80045517755885709  0.81085807522643050  0.82150144270884873  0.83213892604051531
  0.84264779588888461  0.85312923336951041  0.86355451338334044  0.87396477198075084
  0.88409858526260166  0.89416952496955870  0.90450540396640711  0.91506564711976046
  0.92555757634226743  0.93598487727785606  0.94656508593665378  0.95730257269153063
  0.96802758843517223  0.97871402275626584  0.98940735239802846  1.00000000000000000
 -0.01669529462391651  0.09487056271212378  0.12924819702606707  0.15100553700425329
  0.16899136896671496  0.18447181711991173  0.19836002760878491  0.21103375937131938
  0.22279312453946576  0.23381831808793180  0.24422291648618596  0.25412008619215487
  0.26355798109001571  0.27264703038535709  0.28133629964207885  0.28979494248529636
  0.29796177195006918  0.30590615245634656  0.31367407991746382  0.32119350116265594
  0.32859935059946893  0.33582075472727496  0.34288709623754593  0.34986187332624574
  0.35670700527818694  0.36342924749047961  0.37007107201058242  0.37662808957109800
  0.38309059247708949  0.38948194171374600  0.39582025689554701  0.40206885007980520
  0.40826095356656616  0.41442751657858679  0.42051449866174551  0.42655743929791645
  0.43257574897372603  0.43856026414629590  0.44449592687798739  0.45040910923628780
  0.45630425087651805  0.46217087326659217  0.46801461922013521  0.47384731851784762
  0.47966824413622039  0.48547677144319101  0.49127605312111594  0.49707338135149193
  0.50286932244940385  0.50866691116398188  0.51446653497866557  0.52027523016996657
  0.52609588561457155  0.53192805358859174  0.53777196653887716  0.54363845944368194
  0.54953295018173465  0.55544659813860597  0.56138332316595629  0.56736800157262568
  0.57338570667572419  0.57942785825444987  0.58551567619417189  0.59168382255955709
  0.59787755105943785  0.60412117501974028  0.61046085106763881  0.61685272147434211
  0.62331316823090466  0.62986716078342042  0.63650576829651440  0.64322805618605727
  0.65007120159257559  0.65704016952093802  0.66410526194641939  0.67132199973899553
  0.67872460030965376  0.68624223741567958  0.69400560684087220  0.70194756126896585
  0.71010284101577348  0.71856633608335174  0.72725922587299208  0.73635982234023667
  0.74580427987372822  0.75570645336953446  0.76610909785917514  0.77713719234488321
  0.78891835982337577  0.80161770168694757  0.81552289401153155  0.83098981432114105
  0.84891958645552024  0.87060324547053858  0.90490020423749673  1.00000000000000000
   8.8812635731374718E-005  -1.0000000000000000     
 T F F T F F F F
  <DiscreteSampler_grid>
  grouped_processes
  1 # 1 for a reference and 2 for a running grid.
  10 # Attribute 'min_bin_probing_points' of the grid.
  1 # Attribute 'grid_mode' of the grid. 1=='default',2=='initialization'
  0.0000000000000000 # Attribute 'small_contrib_threshold' of the grid.
  0.5000000000000000 # Attribute 'damping_power' of the grid.
 # binID   n_entries weight   weight_sqr   abs_weight
    10   10   4.482794364313952E+006   2.009544531272492E+013   4.482794364313952E+006
  </DiscreteSampler_grid>
