 -0.00042346785276772  0.00277512841604553  0.00471359215298246  0.00693522207247645
  0.00969168098103648  0.01294496022030573  0.01642544292184926  0.02016479552482334
  0.02429659933421141  0.02875501796054051  0.03356685803120266  0.03885505529191439
  0.04458793818866627  0.05038945952037875  0.05643803063451909  0.06285587358170486
  0.06927515655746277  0.07573371029254940  0.08266292315760479  0.09005263614532960
  0.09760653014647580  0.10528928848633611  0.11312017413212719  0.12100906435532387
  0.12896869495092617  0.13697926813866082  0.14507582951096637  0.15331559057330407
  0.16175608866333324  0.17009303098680384  0.17888778708877442  0.18816455869004106
  0.19780231167337384  0.20767573125375938  0.21732017216607694  0.22691878295102613
  0.23663894199429472  0.24638756444000631  0.25626527815383154  0.26622669958196798
  0.27626442735269752  0.28641209099085990  0.29652452981924171  0.30661219989725580
  0.31687319264739933  0.32724363343648039  0.33776528696196284  0.34881548180038557
  0.36042743195845073  0.37236936671192172  0.38422398215404413  0.39570293918750110
  0.40697280540924646  0.41847246510215069  0.43030731963941388  0.44225361240583022
  0.45434151907878667  0.46685932237552175  0.47989816222950404  0.49301392592968224
  0.50690775732537918  0.52102804785905021  0.53512807880015112  0.54912814718636804
  0.56302490774808511  0.57686030041616676  0.59064395725969177  0.60424582263428050
  0.61762330134008958  0.63132329358034966  0.64515494639841064  0.65885149390801856
  0.67241651644537059  0.68600997324486768  0.69952348174782730  0.71292252364221154
  0.72608759456752470  0.73900566563901915  0.75180265683844838  0.76453864600931898
  0.77756667628671794  0.79087298528269023  0.80438712168216142  0.81807089419478396
  0.83196350592976187  0.84618164424041953  0.85978675719694164  0.87325294003131382
  0.88759770744669875  0.90252587534602347  0.91743601516561846  0.93262130156922440
  0.94909763034539141  0.96590738138179988  0.98286246914227016  1.00000000000000000
 -0.00217982553933007  0.01048703830526579  0.02081722617161929  0.03138891780653316
  0.04194991559990423  0.05231458122222571  0.06309584755697262  0.07383670494693385
  0.08462304526975474  0.09513267784196168  0.10592174888304942  0.11705671923690736
  0.12766862474431842  0.13808870785489430  0.14815875763821093  0.15808378701045986
  0.16816043738178690  0.17802335582030848  0.18794529318982287  0.19792627545821356
  0.20797184940589269  0.21893834644996713  0.22993375772380414  0.23964104693540503
  0.24962221970935522  0.26031445323526164  0.27073665715394868  0.28127096767860887
  0.29112944932869078  0.30262570719197879  0.31355655042299874  0.32443833265515293
  0.33509382690828377  0.34553535844826516  0.35591777664088181  0.36616170980168611
  0.37638629731740564  0.38674184014049545  0.39704992991557697  0.40753559131600647
  0.41777660198137240  0.42855644014796956  0.43951127140630075  0.45083561397756261
  0.46175058564616595  0.47197128732557231  0.48217328750183464  0.49243131599285106
  0.50260817245075406  0.51261807509495272  0.52304805865214110  0.53393289969050806
  0.54431666038701876  0.55415659345326762  0.56371753063227614  0.57281560863348546
  0.58159699720051006  0.59084947484053252  0.60075926659668466  0.61138966508385073
  0.62226737482131278  0.63240516095404298  0.64260840612838521  0.65295899792123935
  0.66312614796973424  0.67375017003472604  0.68439484396834682  0.69638084183409288
  0.70879687248420897  0.72020187710270778  0.73139918160776340  0.74205513356320452
  0.75281315781845548  0.76352102585454273  0.77457250436950076  0.78590690031258004
  0.79753051763570226  0.80896301448141583  0.82053998688840235  0.83195319111008637
  0.84305742608879164  0.85385802224962415  0.86484407724538281  0.87550359181765280
  0.88600240793987584  0.89669529203415566  0.90789690280509983  0.91879875209890971
  0.92898386473028405  0.93933215858106867  0.94963972807137376  0.96036001373435209
  0.97059365849052281  0.98068874413541429  0.99030150746336087  1.00000000000000000
  0.00129042406955903  0.01667376708241558  0.03011132349676399  0.04124438073746126
  0.05168802884816463  0.06190052825770465  0.07182742245322492  0.08119345934599240
  0.08972634137756033  0.09784289158099577  0.10587061622192176  0.11366777461964099
  0.12121705715785121  0.12842691464905098  0.13527668992953670  0.14227771148114451
  0.14924896858251646  0.15615123568876929  0.16287302252419836  0.16960567463028761
  0.17634546003880761  0.18325698419934580  0.19001797472550661  0.19669512597247221
  0.20329401915640508  0.20969230503767983  0.21590620785839376  0.22216167916835991
  0.22852705784105989  0.23533504153920090  0.24203844228593832  0.24864973318836836
  0.25519435338448404  0.26165583867083625  0.26816380435114529  0.27484186950988854
  0.28174036344383369  0.28880495897625080  0.29586594425192153  0.30299284812779215
  0.31013732953850881  0.31726610542056166  0.32433999072691927  0.33147229698106717
  0.33874262287863938  0.34601438730366729  0.35309820425072208  0.35984034759003714
  0.36610001361330946  0.37247570292790561  0.37889882325775759  0.38550683080640946
  0.39245468838512820  0.39939032157987658  0.40661525925266595  0.41383634033255928
  0.42106427130077206  0.42823959978189119  0.43533025441953005  0.44250772098137037
  0.44959309840422795  0.45675642218773804  0.46411491047291564  0.47158925942522706
  0.47914809791522905  0.48711475029978540  0.49509778087517115  0.50341658230386277
  0.51221824522128689  0.52101301379433851  0.52995648596801104  0.53894690922574473
  0.54845791729957971  0.55778232536444172  0.56730739596027135  0.57678749446741906
  0.58699769170937188  0.59745489097190452  0.60822421250643877  0.61911298391562553
  0.62994847472924531  0.64093827088740141  0.65259839321165714  0.66471424879679575
  0.67736979590260538  0.69093655191990977  0.70547435134482872  0.72094678714471061
  0.73741406011679722  0.75491894691195283  0.77320547623098157  0.79412909523873743
  0.81852360801638568  0.84720610909922334  0.89179419304419505  1.00000000000000000
 -0.02108599693932172  0.12175049557089300  0.15949186647730740  0.18128429722988604
  0.19834946371990103  0.21302602765251902  0.22674744666822477  0.23874564727843522
  0.25002867028741260  0.25963174565847669  0.26880426093104332  0.27739895735694886
  0.28538543232283126  0.29295034979548018  0.30024407522949770  0.30756900266352616
  0.31489166173835503  0.32232733769540600  0.32952015355894948  0.33636657018993371
  0.34325505657023214  0.34992803607814921  0.35640679501737021  0.36262935633102955
  0.36868819307901429  0.37462962329193555  0.38051764126413473  0.38636873511364539
  0.39221843804421258  0.39809309917626112  0.40390495675307947  0.40960450078580973
  0.41531516059563794  0.42084085668522503  0.42638127997777669  0.43200195215143999
  0.43753765358779173  0.44298431586305220  0.44840500237009806  0.45376183999397240
  0.45908101044536265  0.46430933411901110  0.46947425161680117  0.47470665643156568
  0.48006058751329389  0.48549590088152556  0.49081626990118005  0.49611171841743074
  0.50131124006600514  0.50652070420582740  0.51180914604694094  0.51713656026441246
  0.52250578212258614  0.52797287931798764  0.53349144382754266  0.53903705031991411
  0.54465883476495081  0.55035174080371307  0.55612112562254790  0.56209553714680260
  0.56819215572875792  0.57432873743596757  0.58040089138096540  0.58634534276611294
  0.59220013353029011  0.59804699150699958  0.60385363408807602  0.60963916372735738
  0.61553848355274909  0.62147309462570577  0.62734806507034302  0.63319723561552810
  0.63912621581900408  0.64536392404602083  0.65202661681439100  0.65895568961652595
  0.66616626141568824  0.67349265161147087  0.68100087769110440  0.68843989153095431
  0.69590107426358960  0.70362941550074676  0.71152548959735551  0.71946009425937973
  0.72758606357514988  0.73609029659991076  0.74470086454542084  0.75384227996154707
  0.76417632297617388  0.77512234391689527  0.78770803629962294  0.80243865423776128
  0.82038348305997544  0.84280865969566521  0.88055841677653790  1.00000000000000000
  6.43684766118720691E-006  -1.0000000000000000     
 T T T T T T T T T T T T T T T T F F F F F F F F F F F F F F F F
  <DiscreteSampler_grid>
  grouped_processes
  1 # 1 for a reference and 2 for a running grid.
  10 # Attribute 'min_bin_probing_points' of the grid.
  1 # Attribute 'grid_mode' of the grid. 1=='default',2=='initialization'
  0.0000000000000000 # Attribute 'small_contrib_threshold' of the grid.
  0.5000000000000000 # Attribute 'damping_power' of the grid.
 # binID   n_entries weight   weight_sqr   abs_weight
    10   10   1.789655948789522E+007   3.598607559086706E+014   1.789655948789522E+007
  </DiscreteSampler_grid>
