  0.00843573799461789  0.01730877360556093  0.02864099424118582  0.04032857527089072
  0.05117577708958729  0.06177318245989314  0.07230816486368223  0.08284234288026349
  0.09317509907276754  0.10344624885766435  0.11392138678858349  0.12459234957475201
  0.13503515495530349  0.14532757306508909  0.15571614762196484  0.16623658346199360
  0.17671551976015606  0.18727526956276075  0.19803201205662074  0.20877022328060402
  0.21945975331990436  0.23009485875076496  0.24079775634857795  0.25147262727600045
  0.26213774056953087  0.27267226477094780  0.28308773963904915  0.29357407191899321
  0.30429415006855065  0.31489166687220538  0.32521094435558501  0.33550750239408750
  0.34601944175906163  0.35657078433373379  0.36697787331263154  0.37743914563778108
  0.38808242449718344  0.39876062190239120  0.40946949258434417  0.42021618347380246
  0.43085411756232855  0.44135187320550467  0.45186424434064393  0.46250310106260001
  0.47320384534451082  0.48389296771357188  0.49464809405643340  0.50524431411915927
  0.51557712384017040  0.52583744157684675  0.53595309595113216  0.54599463732074049
  0.55610528694037564  0.56632108752247545  0.57665031714902792  0.58680681729555073
  0.59720249861136032  0.60776876681248138  0.61841666991051158  0.62890536705860434
  0.63936561178070273  0.64989958396932068  0.66060372545671076  0.67141610339263502
  0.68224666359799535  0.69296319679917129  0.70382328705531716  0.71448135317768879
  0.72506190032830875  0.73548717019313448  0.74587580852576885  0.75605824361141316
  0.76616878182508130  0.77637521620833738  0.78671002149447955  0.79706594911785134
  0.80746940125447553  0.81791443236267392  0.82852049374088443  0.83886018690951425
  0.84915411749924619  0.85919949624071168  0.86901005782338980  0.87881737525436066
  0.88866607802563546  0.89881629221383263  0.90899052434027905  0.91921551312706418
  0.92972320476970227  0.94007452137807634  0.95025073444154118  0.96045099718692084
  0.97082530958425106  0.98110602212430775  0.99148057824666336  1.00000000000000000
  0.00000248430832781  0.00004623329553447  0.00007777063672606  0.00010665056552318
  0.00013441630081701  0.00016123107935036  0.00018682688234578  0.00021015798674112
  0.00023255493459781  0.00025509767256105  0.00027788305665844  0.00030085359039156
  0.00032391204482619  0.00034701918819774  0.00037057427171673  0.00039451446872842
  0.00041888567652513  0.00044376810261059  0.00046918452536449  0.00049508009139301
  0.00052142866100802  0.00054861537635064  0.00057635993826519  0.00060451165121567
  0.00063331020423615  0.00066295694698544  0.00069343606321234  0.00072458496681566
  0.00075630577669171  0.00078866845223581  0.00082238279863476  0.00085767249228643
  0.00089452984841464  0.00093282601958467  0.00097196101769734  0.00101191009016144
  0.00105245329283672  0.00109306247820318  0.00113499087483168  0.00117847672011951
  0.00122379149917056  0.00127185803210653  0.00132199991552353  0.00137355733025143
  0.00142696950350189  0.00148173698133451  0.00153772742454128  0.00159572586292937
  0.00165498012496655  0.00171788566610910  0.00178405620149332  0.00185121390551580
  0.00192317486570884  0.00199649913130700  0.00207525085981248  0.00215737614191377
  0.00224236164354582  0.00233193732126452  0.00242608270241070  0.00252478758031142
  0.00262939284394600  0.00273726053882947  0.00285235047364952  0.00297374407358925
  0.00310152817502804  0.00323800400576602  0.00338183263879275  0.00353519242920806
  0.00370009656506061  0.00387319119619012  0.00405517774707372  0.00425160744755721
  0.00446416330568329  0.00469370993765280  0.00493827261383074  0.00519918708963475
  0.00548496669084405  0.00579344217452552  0.00612948915329294  0.00650004373253328
  0.00690936866425801  0.00736243453373217  0.00785840983311213  0.00840762669170315
  0.00904632528731489  0.00981529374128810  0.01077584686620824  0.01184119145944961
  0.01299664176820577  0.01432298330463088  0.01603026605731028  0.01818389768634741
  0.02107749739952927  0.02825123630363932  0.27961856645261024  1.00000000000000000
 -0.00252298046233996  0.00949157748127041  0.01973008644288097  0.03013369746164519
  0.04040927899079458  0.05087351068506189  0.06138890119310281  0.07208747093854739
  0.08293102739674973  0.09347018628453226  0.10380339713513236  0.11380629499261440
  0.12391526850336930  0.13420729648712659  0.14445945192611492  0.15503129193568632
  0.16589368235588750  0.17671026518060728  0.18766183042214993  0.19818796585804688
  0.20861198816608756  0.21895192136484354  0.22931095171720067  0.23984445034838070
  0.25032337202378968  0.26109156657136784  0.27204574449319696  0.28298350633784486
  0.29390400521736365  0.30474050996837387  0.31560819579088184  0.32623749463438972
  0.33692625652685249  0.34746218215360963  0.35772019523665044  0.36784742970165013
  0.37816332558500831  0.38874127165074029  0.39939973588293154  0.41003949267961892
  0.42062983639208656  0.43104683225423912  0.44139648666873238  0.45177964336850818
  0.46220623135185279  0.47275269443617768  0.48332094337405501  0.49405980336109545
  0.50460718428231233  0.51536104371282077  0.52607698174836515  0.53698322935442333
  0.54764268874783872  0.55814255188158657  0.56853695067125631  0.57870348705823893
  0.58903378408211959  0.59941519013478928  0.60990874214176405  0.62059156585107189
  0.63109359734058779  0.64168577629609380  0.65235591793234660  0.66276977949752058
  0.67295687185340580  0.68291688260762584  0.69324834558094039  0.70382108739247484
  0.71432355049267882  0.72488903688893602  0.73546532609651460  0.74611011204240640
  0.75684690358828166  0.76758402259864489  0.77814585986610618  0.78872763731055395
  0.79949146431268470  0.81025668345913682  0.82085669989992427  0.83130178363833118
  0.84186989873091722  0.85236054322595223  0.86283356203718775  0.87344551153184335
  0.88403596877518098  0.89461480308683816  0.90516574653112603  0.91575491388565589
  0.92633426184491174  0.93679494448711476  0.94740738627966792  0.95789070449600056
  0.96829980760258194  0.97879682371703325  0.98946230802132629  1.00000000000000000
 -0.00253026375671463  0.00949786055596760  0.01965050103283389  0.02986894413221561
  0.04010912233465964  0.05030252999332147  0.06061013200493096  0.07095523755353594
  0.08138794077493651  0.09179836000081998  0.10216033280415687  0.11251188428512265
  0.12290477149313554  0.13370199428662327  0.14445175559659543  0.15516425189980340
  0.16562947116118013  0.17600576569341989  0.18629604920701415  0.19667522028430515
  0.20713760586095753  0.21761861948508401  0.22830764529578684  0.23899313871837383
  0.24970249965233704  0.26007650147701544  0.27039748452083689  0.28088379997155072
  0.29149866996580265  0.30214152389503690  0.31276555874051154  0.32338478796451914
  0.33415375777379719  0.34502937183872512  0.35579032543794248  0.36643763794723627
  0.37714986743611512  0.38820968696069386  0.39909016971381917  0.40982449854672032
  0.42056559483964234  0.43157412981537185  0.44252114088286149  0.45329203116414873
  0.46382223353930802  0.47429074119767906  0.48478416890199505  0.49558579045553486
  0.50626669178048744  0.51694347216823788  0.52756215803793205  0.53833001637195244
  0.54887713586714959  0.55930737924593821  0.56985185406324657  0.58054252359272263
  0.59109620337252011  0.60163990439610915  0.61203365365221629  0.62237947476827771
  0.63297436352220293  0.64358885560851586  0.65437534461132052  0.66489186512472398
  0.67575928204103719  0.68658292924773434  0.69731998469245837  0.70780547241591973
  0.71831611292820940  0.72871091431945989  0.73920380158635046  0.74969281416106581
  0.76028360082143998  0.77093302304638389  0.78132425837391750  0.79190949199207694
  0.80233951652930902  0.81293368787487086  0.82327012609825656  0.83377926499216404
  0.84403685769906633  0.85439500538242852  0.86472531098715066  0.87519543282801515
  0.88586813886836679  0.89644534969323164  0.90752806979444289  0.91841130336613863
  0.92905045057581748  0.93946164383406117  0.94963299310645000  0.95980469627135923
  0.96974706127112842  0.97976367519717755  0.98981476589811979  1.00000000000000000
 -0.00231619369058398  0.00895717717139588  0.01862294371761527  0.02888093305999876
  0.03929888474336612  0.04976216149922193  0.06006629592660184  0.07042494356224409
  0.08078290020263476  0.09111874752043816  0.10159262698730936  0.11174520799736946
  0.12184175416406386  0.13206582606592907  0.14254198502474938  0.15293490486779987
  0.16325708907352715  0.17380797792197566  0.18477728219405057  0.19545060100957543
  0.20595946529338255  0.21623434054552232  0.22647261565731858  0.23652258312984115
  0.24655377757177963  0.25668614654006711  0.26710341995009951  0.27760383357892998
  0.28825070257968588  0.29881727403489627  0.30940809348588250  0.32012900797582450
  0.33097382666481440  0.34152912655040757  0.35191284455933058  0.36234001442279812
  0.37301627292311890  0.38354284375709469  0.39417405861538285  0.40509671962100047
  0.41603513332210529  0.42678065860703895  0.43759660662057331  0.44839324294042282
  0.45911493160709338  0.46975226459490488  0.48031754211059030  0.49094726925525584
  0.50176971623218314  0.51263029752472156  0.52353657190881753  0.53408693981454625
  0.54460357615703925  0.55490256727781251  0.56526025792167378  0.57589526503835964
  0.58659720887996314  0.59718829993992628  0.60774692275270292  0.61796877646196025
  0.62836457461708883  0.63854113174320581  0.64892285984347153  0.65920492135980380
  0.66941425583074721  0.67990315731061080  0.69043763852931805  0.70137339345248617
  0.71208909028248368  0.72283412751849396  0.73352648488098127  0.74433039993086003
  0.75512846301959302  0.76589604693936653  0.77671008863192570  0.78748443215025432
  0.79811027097488030  0.80878391991250898  0.81971778017636465  0.83100714131325870
  0.84216832370230332  0.85312515442217207  0.86398762393094963  0.87477760140180194
  0.88526388698396341  0.89558274940279248  0.90608955395785884  0.91670710395755306
  0.92734611079449725  0.93808163936978772  0.94904325916465249  0.95988484542414043
  0.97012921087117099  0.98019254597591599  0.99003570937254171  1.00000000000000000
 -0.00245923317343846  0.05040015958596269  0.07233043521137002  0.08812504996387771
  0.10197979147041557  0.11460160087783670  0.12639364472983386  0.13761837054124809
  0.14851252406187682  0.15900300663424810  0.16916674995854505  0.17898258736757966
  0.18851183634774854  0.19762494282911169  0.20656948638934375  0.21544075313023997
  0.22421440254640496  0.23276897979679648  0.24112217428702470  0.24934879023685047
  0.25746181674179014  0.26552013131727725  0.27338316833554588  0.28110276922487398
  0.28875144621378518  0.29633478547455633  0.30384609783263966  0.31129100396782089
  0.31872478925360681  0.32618372811029894  0.33361707574883886  0.34099523436887463
  0.34837857287812951  0.35578109057823282  0.36316773731976132  0.37055205419036924
  0.37777728355911266  0.38496084591310753  0.39216906328888290  0.39936886128026350
  0.40653682583765166  0.41368246991431123  0.42077933517703175  0.42782611235717771
  0.43483823765684604  0.44182199547354212  0.44883773415806694  0.45593699937449372
  0.46310211615247282  0.47026026323631986  0.47735922074012255  0.48445376892606529
  0.49154687374005201  0.49867707193709371  0.50580143443805481  0.51293624259209936
  0.52004249691200866  0.52715887618183976  0.53435958138124362  0.54163907239508491
  0.54904204095421072  0.55642940521900441  0.56381778703892316  0.57119410273320759
  0.57864519376775447  0.58618164850375398  0.59380442325709171  0.60144854671817183
  0.60909931256742955  0.61680159329330786  0.62473980393042561  0.63302711549023960
  0.64149381630590940  0.65014735146879232  0.65903443844296783  0.66803082666204028
  0.67709117297450072  0.68625944262030314  0.69564230168962060  0.70516611238224047
  0.71488971411961355  0.72479295929465670  0.73496444148008133  0.74531304777600971
  0.75582617631012328  0.76659561432592005  0.77782154963164152  0.78982463272264780
  0.80283091985536703  0.81687633618354993  0.83206673409116039  0.84871828036303587
  0.86787631120910846  0.89120885550927720  0.92568559748840118  1.00000000000000000
 -0.02042187877753552  0.12181028124959235  0.15968294352015122  0.18280810627052110
  0.20077394210555521  0.21579629551650542  0.22906632013973008  0.24078706140465331
  0.25152918533611668  0.26115539202980470  0.27053854238524544  0.27893645328133726
  0.28715900014316803  0.29507071313584893  0.30263844246150912  0.30999965202336144
  0.31722570772948150  0.32441088393121925  0.33149590002720053  0.33845293974200152
  0.34527564405519823  0.35195380539143939  0.35843916390338670  0.36481694138330995
  0.37115812323557912  0.37736380943430170  0.38339092285813886  0.38929985306413484
  0.39510689542001404  0.40078727936674069  0.40640796389871842  0.41205461134188970
  0.41764018577051404  0.42315091291212659  0.42865874756369271  0.43414087788529232
  0.43956548101612375  0.44497873731275239  0.45035100784986570  0.45570698154778794
  0.46106044548180081  0.46640220777657537  0.47173240670366562  0.47705243423576621
  0.48235890115467583  0.48767552002697268  0.49300144959663161  0.49832554418244174
  0.50353899315022899  0.50872480795129005  0.51392701321017720  0.51913378016233580
  0.52437190313092197  0.52961234952170266  0.53483265905523114  0.54006588846812009
  0.54535248468692665  0.55069682000320430  0.55609216475182310  0.56152956051744751
  0.56699760536478605  0.57253579136814492  0.57806189548947073  0.58356465161807825
  0.58903072408650281  0.59450374628486868  0.60005219209281135  0.60569642230843446
  0.61141258285154487  0.61718748892248021  0.62300684867825917  0.62890819401537901
  0.63493693388317074  0.64098588150946012  0.64713350476654563  0.65348099817646321
  0.65996034409284787  0.66657976300999411  0.67341269440719109  0.68046366359482302
  0.68767764141224808  0.69527345517144634  0.70305066526477433  0.71112335102763713
  0.71974501945308478  0.72873674204043726  0.73832397011930428  0.74828646916488484
  0.75896225103002202  0.77058485741774929  0.78357565030353782  0.79846817583294971
  0.81637192666923120  0.83960910852769643  0.87760210467867850  1.00000000000000000
  5.22869864551115375E-007  -1.0000000000000000     
 F F T T F F T T F F T T F F T T F F F F F F F F F F F F F F F F
  <DiscreteSampler_grid>
  grouped_processes
  1 # 1 for a reference and 2 for a running grid.
  10 # Attribute 'min_bin_probing_points' of the grid.
  1 # Attribute 'grid_mode' of the grid. 1=='default',2=='initialization'
  0.0000000000000000 # Attribute 'small_contrib_threshold' of the grid.
  0.5000000000000000 # Attribute 'damping_power' of the grid.
 # binID   n_entries weight   weight_sqr   abs_weight
    10   10   1.926944950286583E+006   2.553228787039239E+013   1.926944950286583E+006
  </DiscreteSampler_grid>
