  0.00000802801226100  0.00003703664394046  0.00006958288837282  0.00010224300777396
  0.00013390100531121  0.00016413724033417  0.00019304233963006  0.00021981298763359
  0.00024513354637906  0.00026985989615767  0.00029401510615078  0.00031886817609709
  0.00034374192887299  0.00036852655773120  0.00039343420104480  0.00041879869920357
  0.00044465173248506  0.00047078639046839  0.00049715524227261  0.00052412793946724
  0.00055169512658395  0.00057967339026072  0.00060833101170879  0.00063782016150787
  0.00066782188131128  0.00069833717817093  0.00072953928705202  0.00076140352797047
  0.00079400133665161  0.00082737845041918  0.00086159504738189  0.00089632549227023
  0.00093154161192505  0.00096781279449761  0.00100501792869016  0.00104389645738423
  0.00108452897181640  0.00112677925356370  0.00117124071188005  0.00121634341947174
  0.00126372138193356  0.00131111584549189  0.00136038543947998  0.00141066775944032
  0.00146320203929862  0.00151714271071203  0.00157257080085206  0.00162989410001270
  0.00168941323303211  0.00175272074522434  0.00181886695218448  0.00188704319108106
  0.00195828958206733  0.00203258506096752  0.00211016250801453  0.00219213644445796
  0.00227661392885533  0.00236530243925106  0.00245645920812363  0.00255170108725552
  0.00265242618087469  0.00275867661403823  0.00287239513240522  0.00299385187152952
  0.00312312662699681  0.00325980346572675  0.00340283633421172  0.00355279459493319
  0.00371074866256288  0.00388109747800210  0.00406562836806855  0.00426053777824354
  0.00447041301379146  0.00469565017587005  0.00493857150479039  0.00520263044127099
  0.00548725588510414  0.00579666630773209  0.00613102953947486  0.00648982428640732
  0.00688780231370428  0.00732553233079608  0.00781339442382665  0.00837090128463047
  0.00898646083155348  0.00966092624655494  0.01046691050304745  0.01143511897015594
  0.01264334901457068  0.01405615701895973  0.01578208070651044  0.01787962365264598
  0.02066893786516457  0.02526775421694905  0.03204355214777595  1.00000000000000000
 -0.00239158687962626  0.00897592751749231  0.01888372391833387  0.02942555192393052
  0.04008567129964887  0.05077162851757332  0.06150483979096244  0.07232582516350776
  0.08313478142411686  0.09400570825469151  0.10461521483957414  0.11523220349413348
  0.12578140441756255  0.13652030620292527  0.14721810668762900  0.15784147350721528
  0.16865464357546389  0.17939591840907781  0.19010518931435386  0.20078040339555203
  0.21144201498535861  0.22191064262080290  0.23228195795872536  0.24266049454963981
  0.25315878200934022  0.26366143057221608  0.27415268129637749  0.28439091670330463
  0.29451432921004012  0.30460019241515218  0.31481596450652155  0.32508540918471618
  0.33544637251082049  0.34605817631616842  0.35675198258115376  0.36749428535985479
  0.37843023111396001  0.38912991252524537  0.39965967152335091  0.41012152405411484
  0.42081523359749995  0.43166069684158792  0.44230059175471276  0.45279980157813537
  0.46340908993419294  0.47417636468916591  0.48460931336746910  0.49485132850275332
  0.50511867335768823  0.51582438819874810  0.52636435901636525  0.53671791394685453
  0.54673917880925105  0.55682823157667227  0.56714820431299318  0.57774346640424501
  0.58834399933596193  0.59865609099551598  0.60916544505329973  0.61987648097081105
  0.63064475807684284  0.64126648759880323  0.65187954889572008  0.66264008804184127
  0.67345652227341213  0.68410668195614865  0.69463003367546161  0.70494449128017733
  0.71522443363338117  0.72538469452472343  0.73553538286855902  0.74580145940260434
  0.75636099859269457  0.76697640940970213  0.77753482075994651  0.78792296795982053
  0.79859309123494504  0.80921353134652119  0.81976404784732193  0.83007915692505096
  0.84041510782602014  0.85089894721701187  0.86130144752526983  0.87189990648381599
  0.88233158819515756  0.89289986787087738  0.90332410004424635  0.91386502563674277
  0.92429533127717911  0.93476506988595254  0.94520209121253496  0.95559738243441006
  0.96634665117862339  0.97742500778946639  0.98871106537107556  1.00000000000000000
  0.00013871032346246  0.02321384902740922  0.04194429452338718  0.05741395791825794
  0.07118291539489044  0.08392053722987736  0.09597279031613101  0.10738032657322603
  0.11831324147424380  0.12892530585164375  0.13922269266728257  0.14906024927037984
  0.15861042097852074  0.16807898935325494  0.17730278926923573  0.18636835707079910
  0.19515903376048621  0.20379457095508927  0.21238102391485911  0.22096515874667261
  0.22950015990090675  0.23800715043462356  0.24636667085889963  0.25449859040404282
  0.26245624825633856  0.27028692641395846  0.27794644065083435  0.28550317528032215
  0.29305978558953433  0.30065620568805623  0.30837782542094549  0.31603563040943927
  0.32358461733683169  0.33093979484121344  0.33829316437940948  0.34569906765468905
  0.35310158791406748  0.36054427631900976  0.36801448317443136  0.37550386305693406
  0.38291966592137683  0.39036258185390993  0.39760689773855318  0.40483098417711477
  0.41204378691842758  0.41921766427626778  0.42639232676428923  0.43365987034173165
  0.44108018982156166  0.44853835110914064  0.45588921368964697  0.46315160337870959
  0.47040770241570995  0.47775500745711280  0.48536090950868493  0.49309626721941657
  0.50081092334408894  0.50834032797243700  0.51576278643211171  0.52320292213967734
  0.53074598783481597  0.53839713684482648  0.54620877134236834  0.55405099501171240
  0.56192748116378055  0.56991469563875086  0.57800425247311871  0.58631702478815362
  0.59483751856048017  0.60349369436026101  0.61227951170841577  0.62113425679458378
  0.63010567266784467  0.63917415818451417  0.64825562247316382  0.65727507563332965
  0.66633351727298651  0.67552785382597214  0.68493219418882634  0.69457503801902121
  0.70457430359770645  0.71492650445785288  0.72568403288554761  0.73671843554497840
  0.74817746959065490  0.76020303691823132  0.77275952325901043  0.78575375161629024
  0.79909834864979945  0.81296955229799384  0.82793730537353749  0.84504068125728427
  0.86468643629318243  0.88935852096094015  0.92555179040126578  1.00000000000000000
 -0.02076794784459415  0.12025513332019706  0.15873178787634784  0.18188775163901361
  0.19982680286751867  0.21482021265410361  0.22794231776681878  0.23968613414245446
  0.25065888120493451  0.26063777010171485  0.27025615544443721  0.27883431759053368
  0.28728313516436788  0.29536523212410526  0.30307398559877774  0.31061669096567351
  0.31780185940928674  0.32492276725560010  0.33189130267635447  0.33862994478290609
  0.34520293644811717  0.35170065581111420  0.35812174787456719  0.36450544680365193
  0.37081016023908536  0.37697625014287905  0.38300770023350117  0.38897206913856641
  0.39487238310128364  0.40065161462149190  0.40633521499727338  0.41197587525423479
  0.41757130266398884  0.42304947242105467  0.42847921423229485  0.43387898161148031
  0.43925608145710132  0.44458596538381784  0.44989314551179310  0.45518317530834435
  0.46046145036888481  0.46571945099463929  0.47095589641674107  0.47617917823674866
  0.48137073309474065  0.48660390526278707  0.49184099108356039  0.49706980926119115
  0.50233808244340727  0.50756943648617292  0.51278088242173037  0.51798316742249151
  0.52318495617761906  0.52841875709748143  0.53367982364078825  0.53893460665492099
  0.54418665595276117  0.54946229359902277  0.55475174778263514  0.56010670872744561
  0.56548537665866994  0.57089460110594592  0.57630611961556255  0.58172003505154113
  0.58722881510156466  0.59281230198806822  0.59844769482943494  0.60416363153068930
  0.60997820163300842  0.61585897245754218  0.62178681748479259  0.62781968413452738
  0.63400873068145935  0.64030954698152942  0.64671184800070003  0.65337608937210478
  0.66014609686237924  0.66704208740638293  0.67414880527445820  0.68136965671318950
  0.68879686960450592  0.69658870241377102  0.70459988676308749  0.71288984495924046
  0.72138977590038378  0.73011213659896979  0.73953511088486945  0.74928548419507846
  0.75994398725766277  0.77133921011814244  0.78445744680573315  0.79937088014120405
  0.81730010547939203  0.84071605847620934  0.87891021469910002  1.00000000000000000
  2.64879896666485171E-005  -1.0000000000000000     
 T T T T T T T T T T T T T T T T F F F F F F F F F F F F F F F F
  <DiscreteSampler_grid>
  grouped_processes
  1 # 1 for a reference and 2 for a running grid.
  10 # Attribute 'min_bin_probing_points' of the grid.
  1 # Attribute 'grid_mode' of the grid. 1=='default',2=='initialization'
  0.0000000000000000 # Attribute 'small_contrib_threshold' of the grid.
  0.5000000000000000 # Attribute 'damping_power' of the grid.
 # binID   n_entries weight   weight_sqr   abs_weight
    10   10   7.257857109349830E+007   1.007634086758225E+016   7.257857109349830E+007
    16   10   7.257857109349830E+007   1.007634086758225E+016   7.257857109349830E+007
  </DiscreteSampler_grid>
