  0.00951586132043756  0.01556817453277046  0.02491787237849163  0.03575178181930063
  0.04620442950273669  0.05669585351752979  0.06709458583960090  0.07743469936807668
  0.08775797658063375  0.09815903728784803  0.10855339628707596  0.11894257942076433
  0.12930274420299123  0.13966897164478864  0.15000740436456686  0.16034188179407124
  0.17065526138675202  0.18095686510189418  0.19126701123245288  0.20160848662714595
  0.21196482604043890  0.22232106738449439  0.23269126148941563  0.24303555137569605
  0.25337559230982715  0.26368668369365400  0.27401541945426505  0.28437250727118518
  0.29473260808323587  0.30515846748679215  0.31556883764652782  0.32593973907628981
  0.33627909288860919  0.34659867131456767  0.35692427311373759  0.36727438553167224
  0.37766151268449877  0.38809239817474184  0.39847965524297668  0.40884270045566634
  0.41920682242783353  0.42957322986157731  0.43992831208508426  0.45029667474704599
  0.46068813656272928  0.47110188096185718  0.48151537479192774  0.49196411439282584
  0.50239942234527313  0.51280376043932274  0.52313234421309129  0.53346767566225728
  0.54385495283098650  0.55429864866062917  0.56473591702662385  0.57514977505552090
  0.58556937050941349  0.59598942799491472  0.60641844023658975  0.61684413990799847
  0.62728052482860019  0.63772522364007378  0.64815077224606565  0.65854618127928710
  0.66889456586840890  0.67923694053016537  0.68962071835635530  0.70003712995328249
  0.71044761540353274  0.72083523511452685  0.73122821838027696  0.74163275649157567
  0.75205229005623031  0.76242828456162648  0.77278028266236864  0.78312918949295374
  0.79353168496513560  0.80394380737134119  0.81431956375936931  0.82465768013222429
  0.83506214882300922  0.84545404673257918  0.85588558523495095  0.86628342553225079
  0.87670466518506274  0.88711371686973217  0.89751301923529336  0.90793903170377532
  0.91833785670463708  0.92864809281549066  0.93899737138954242  0.94937800509012760
  0.95977520396269544  0.97010227381065139  0.98044419069585587  1.00000000000000000
  0.00960417170662247  0.01603440242749022  0.02515528374151539  0.03599086312911008
  0.04638031538804411  0.05680694291666356  0.06720524573701611  0.07758896771881310
  0.08797158174091016  0.09837158176251534  0.10877152471114540  0.11913751082323784
  0.12953201747584639  0.13988967291822352  0.15027651885102611  0.16065500317645470
  0.17108760338703283  0.18154840017257062  0.19191680688603416  0.20227177069017721
  0.21259038770455008  0.22294185099850827  0.23328006315304967  0.24366345681262727
  0.25407756537547194  0.26449610201878554  0.27488320259260640  0.28527961976874328
  0.29561028638501063  0.30590194776467422  0.31616848055403551  0.32650688664136374
  0.33687474526890371  0.34729663262211802  0.35775235597840177  0.36820648538575912
  0.37862810250399048  0.38901292821737377  0.39940276260710472  0.40981045370270608
  0.42020121401012916  0.43057257599628040  0.44089998527114882  0.45125378182297748
  0.46165483784550609  0.47210650651436453  0.48254162836309678  0.49295185298773481
  0.50333667034121998  0.51375247348221353  0.52416210505909433  0.53459266992049570
  0.54499088689908159  0.55537570805490366  0.56573738057175582  0.57605471623523741
  0.58634610013309851  0.59664085328100502  0.60697595947942562  0.61732336796685361
  0.62763479931085209  0.63793917066131933  0.64826936007753899  0.65860727633189819
  0.66891587013349230  0.67920687701109594  0.68952650848125963  0.69988716081733515
  0.71027355792073832  0.72067857380695155  0.73109829749624489  0.74149991998633946
  0.75188605019826937  0.76228439593518127  0.77272437771047042  0.78320453093967857
  0.79371258259993116  0.80419874618742904  0.81459514818756762  0.82487273907046343
  0.83513283513977066  0.84547271380567335  0.85592751239582876  0.86640526360670811
  0.87680392696088882  0.88710027864783436  0.89740697938474712  0.90776649394244480
  0.91818983902918938  0.92860279319697459  0.93904627163879240  0.94950424394602462
  0.95994301833387519  0.97030078473489656  0.98060498622082293  1.00000000000000000
  0.00961350366046846  0.01580317089450690  0.02508034919788017  0.03593050413919398
  0.04635813521946446  0.05682465332060253  0.06726661605513083  0.07768263121482917
  0.08810435318934484  0.09853026302425373  0.10897241182338181  0.11943322387495768
  0.12983466570323429  0.14016873638001193  0.15047812486282161  0.16084140910005873
  0.17119327748755694  0.18157742176038835  0.19193769227732110  0.20230173541132493
  0.21265819686637211  0.22300995802297202  0.23342104512139816  0.24390324857528786
  0.25438844824736728  0.26486610108893077  0.27525244808761423  0.28564152775229018
  0.29603341936292482  0.30642709871722129  0.31678184117852093  0.32711972879152179
  0.33752315798694488  0.34796277887083416  0.35836249239591134  0.36873011267330641
  0.37912203817963103  0.38955342486153338  0.39999895868376761  0.41040721968699073
  0.42080501540812576  0.43121021279601063  0.44163316844514466  0.45205297544969586
  0.46243567715432526  0.47279066607382758  0.48312006835939569  0.49340613317486670
  0.50363431470316344  0.51386885826699547  0.52411675645116773  0.53440204495733756
  0.54467705226792418  0.55496648017134287  0.56529596383227509  0.57565741952703597
  0.58604569459450206  0.59642798398096231  0.60679530535255211  0.61714325424231631
  0.62748975486043734  0.63786845437956730  0.64828359600459884  0.65873014277703390
  0.66917927869280691  0.67959880331863076  0.69001812248828820  0.70044335715396322
  0.71085933271193313  0.72126916869964031  0.73163362706577617  0.74201881636466416
  0.75240457982633047  0.76283146572972071  0.77329137406004878  0.78371006583247360
  0.79407388500065146  0.80436216724088427  0.81468201589542888  0.82504204196685826
  0.83542254169986163  0.84579215557987331  0.85614519031653835  0.86651308480686540
  0.87687665576185914  0.88726566333306511  0.89766051773217592  0.90807624247112440
  0.91846456793161313  0.92888112287692337  0.93928787907717048  0.94968190550981002
  0.96007910534358432  0.97039974586197886  0.98074989615693131  1.00000000000000000
  0.00952274811252883  0.01577979395345734  0.02504307621036617  0.03585172405158480
  0.04621991706928165  0.05658036208127565  0.06692561471002580  0.07728391810765980
  0.08767713236308108  0.09810668724396022  0.10858070083099416  0.11907085572929750
  0.12950707746454787  0.13988222272555054  0.15021003239078412  0.16059413578748019
  0.17098432344065023  0.18144085398675713  0.19185367057622846  0.20226822506466433
  0.21266688442442439  0.22308370077910133  0.23350913036079249  0.24392128125345461
  0.25430813754818821  0.26467693499526984  0.27507915538795691  0.28551920318472451
  0.29597303081275783  0.30638947658489546  0.31679046149440859  0.32715726472744522
  0.33753978620870950  0.34792783653575554  0.35831998729852627  0.36866282802395273
  0.37901660113149094  0.38939841304785089  0.39979571759867316  0.41017528670097048
  0.42054046464881389  0.43090686930811634  0.44128117295834302  0.45165111068114738
  0.46198428959097854  0.47229533836479809  0.48262740599230441  0.49297751045839411
  0.50335494790227764  0.51371536729739609  0.52408881781284899  0.53446424035830198
  0.54485264348172635  0.55527125152510926  0.56567979940854729  0.57609094161855834
  0.58652645519796942  0.59699286805063645  0.60744549391705271  0.61782890075783148
  0.62815314461718996  0.63846465276774655  0.64880294952285911  0.65918042300094970
  0.66960132301583530  0.68002308731481609  0.69044249825403303  0.70085158479556975
  0.71123576487047113  0.72159470360951861  0.73188451120706288  0.74216571860421920
  0.75242285078188265  0.76267861114910962  0.77295681306828201  0.78331321657539044
  0.79368990474762757  0.80405425342590797  0.81441238897491275  0.82480541403811936
  0.83526028678177855  0.84570766666034025  0.85614211452286126  0.86652310364815410
  0.87688094809508788  0.88721000055180665  0.89750282382290580  0.90781280006633203
  0.91816927669866544  0.92855977073649099  0.93896204386903592  0.94933080938641057
  0.95978739560407667  0.97016833526895574  0.98056359177351082  1.00000000000000000
 -0.00247956119686805  0.00953664974710783  0.01967575604804678  0.03021317394349484
  0.04075306722570105  0.05139144680635312  0.06200926045728750  0.07266087131363910
  0.08328622870658368  0.09392254427012185  0.10449714918450891  0.11502716336135878
  0.12559363648098290  0.13615611732116253  0.14671328895709604  0.15715475797462755
  0.16769305989196592  0.17828985176611850  0.18887898314748236  0.19942084407585495
  0.20992501776256206  0.22040877633952438  0.23088661323063683  0.24138812780575133
  0.25195869433506185  0.26257104994015507  0.27321135348579872  0.28384257593173984
  0.29442705479097159  0.30495996454533303  0.31553233928905849  0.32604631752948715
  0.33657559743383736  0.34705428407647454  0.35755250603429051  0.36804726124762688
  0.37856156620337528  0.38912573629738906  0.39965974752665157  0.41024699254132657
  0.42076196302312968  0.43129514556091686  0.44176796827249931  0.45230186036740372
  0.46281688703971052  0.47331514835609373  0.48386055280653761  0.49442781847785844
  0.50495458455601161  0.51547627799562257  0.52600591074895742  0.53658444034820885
  0.54709254349885605  0.55763303671448616  0.56820252194250531  0.57879220954213073
  0.58931933800035674  0.59980555824066573  0.61033054752548477  0.62091381153941749
  0.63152051230657280  0.64212213639290860  0.65266767533575021  0.66314962537841526
  0.67357349725606286  0.68398845225960314  0.69448550786042484  0.70499869847584584
  0.71547560674481003  0.72598670730381598  0.73651930970319346  0.74704002357177801
  0.75754740803696052  0.76806270495717099  0.77860572148779128  0.78911868875547175
  0.79968601817838658  0.81027598555084113  0.82091496676169662  0.83145250265031223
  0.84199134557581146  0.85250743251863548  0.86306744392979196  0.87359934936630690
  0.88404780085733758  0.89452438618753416  0.90507054845495039  0.91566516925801111
  0.92627295202059001  0.93685322156544437  0.94741564630318809  0.95795585073298251
  0.96844057041399501  0.97895619549912416  0.98946166575594774  1.00000000000000000
 -0.00246864842430949  0.00942445917230464  0.01956152999671909  0.03006223718128346
  0.04059076082029732  0.05118553360402250  0.06174961819793969  0.07235924218556355
  0.08292686260362828  0.09351157878222806  0.10407523815970941  0.11466313787777851
  0.12518223175564930  0.13569323372786982  0.14619425473282954  0.15674117431630830
  0.16735096748863695  0.17801134543154662  0.18875017272155548  0.19944006321132407
  0.21011319256843389  0.22073903312321802  0.23134371812372329  0.24192840366055443
  0.25250976037229322  0.26310016567292482  0.27370476181795678  0.28432779586973639
  0.29491977926282203  0.30546279084658601  0.31593638387452849  0.32643925539306512
  0.33689315853784929  0.34740726761067903  0.35792401320861633  0.36852508609177886
  0.37914197077330297  0.38971545556189868  0.40023783117566020  0.41067319442676553
  0.42114182720856591  0.43163312488278310  0.44212382350564827  0.45261886648620558
  0.46310850593689651  0.47364419896961218  0.48422945326121303  0.49482478162455962
  0.50537319742776965  0.51588939145337209  0.52637458822508254  0.53691141659869335
  0.54747504460776519  0.55800700977408824  0.56856197533729369  0.57908911815165964
  0.58967529232216698  0.60025065603514494  0.61077647523394207  0.62127958948170814
  0.63175110636657861  0.64222554074882410  0.65276713719852852  0.66335230194941153
  0.67396935357248788  0.68451368334181506  0.69503372573328437  0.70554470265183655
  0.71609039928304175  0.72664592565344710  0.73724915094706878  0.74779615013411882
  0.75836130373717603  0.76894309121818982  0.77950142204739159  0.79000977112142079
  0.80038284699324247  0.81083562621827099  0.82129869092372465  0.83180865532462511
  0.84233201781271971  0.85294575540177475  0.86356641003268431  0.87413622740734087
  0.88458107412876508  0.89505098528596327  0.90549055073465612  0.91599003879596452
  0.92646657881674388  0.93687819066600264  0.94728248276404681  0.95775589903263303
  0.96830945542767077  0.97889538109307017  0.98943107503784578  1.00000000000000000
 -0.00221876206691770  0.00985325491679098  0.02002597810402741  0.03043219673306661
  0.04093083860671329  0.05149377245726850  0.06206649545804719  0.07261898318067316
  0.08319526109834351  0.09373299636415192  0.10433122537737202  0.11488809211268479
  0.12550684529290307  0.13603806868351209  0.14654275189858007  0.15703855536447525
  0.16760130833127715  0.17816307973371048  0.18870861664589189  0.19917638289831460
  0.20969101216125599  0.22022403293069787  0.23074603000175023  0.24121615435499497
  0.25160449001911295  0.26208554285634861  0.27263416717203087  0.28322857530931467
  0.29377438815241813  0.30437253801932285  0.31496303228742961  0.32561554347723226
  0.33617206305710357  0.34672564139447593  0.35722909464178498  0.36773290688536875
  0.37821873273199252  0.38867652132567732  0.39918536041739189  0.40975165844685402
  0.42032456709480015  0.43089534341790664  0.44146958715748913  0.45208658585814460
  0.46266913220362632  0.47318335325899641  0.48369102965676775  0.49412746061893648
  0.50458938273020582  0.51499075208313450  0.52551046094678189  0.53601041558372164
  0.54653712749844763  0.55704404422938592  0.56755916623478597  0.57811371678545753
  0.58867728898997052  0.59930837164074013  0.60987702206426253  0.62046176613120874
  0.63103315565853513  0.64167377524623415  0.65226971601717199  0.66280581508387149
  0.67327379774855234  0.68374009127739965  0.69424260304678953  0.70484651002531973
  0.71546369155365486  0.72611073286778471  0.73665325260633141  0.74717532064075987
  0.75767122466368608  0.76822090376975594  0.77878933209968682  0.78938240332445186
  0.79991365589762320  0.81040400274317848  0.82089735911769257  0.83141666173493478
  0.84199850251336883  0.85252011274212580  0.86313807683215982  0.87368935228798095
  0.88426526646899217  0.89477935314588675  0.90532331650712949  0.91592991855127126
  0.92643583011527053  0.93691741077578983  0.94732381449949232  0.95779068955799385
  0.96836221525439559  0.97893984155226255  0.98950796020992349  1.00000000000000000
 -0.00246799464453941  0.00962277913164489  0.01978756353385231  0.03036821485273554
  0.04095685912859291  0.05157252369156635  0.06212940544651772  0.07265900957636501
  0.08319057431309876  0.09372300419396033  0.10421136579807594  0.11464896641559903
  0.12508163226759009  0.13557455200316212  0.14605811005548616  0.15660622867675619
  0.16710362606648707  0.17763343511122237  0.18810850399362361  0.19862829469832105
  0.20912508180197359  0.21963067640509762  0.23008590771985837  0.24060736959502815
  0.25112457230718760  0.26167944560450596  0.27222432204599517  0.28284860429162484
  0.29353253666341084  0.30419299349816370  0.31474418885506378  0.32521383822715472
  0.33567731122295447  0.34610880459233678  0.35658719205815825  0.36711811890218987
  0.37771794217228521  0.38834790179660728  0.39895922090120561  0.40959780389454714
  0.42019614535603239  0.43076841224292628  0.44125543177640797  0.45172705675340252
  0.46224449246866645  0.47287288727596249  0.48354500806601619  0.49412650906889777
  0.50464080331206995  0.51508598754661805  0.52560285728652967  0.53613262330446554
  0.54673857674124127  0.55734665152793972  0.56794176028528331  0.57852828394796874
  0.58906765717667464  0.59965820031105332  0.61022321961668802  0.62076584951343372
  0.63125064440177392  0.64174387965478230  0.65228034475496777  0.66283479545063484
  0.67337509251363437  0.68389085320434262  0.69440460912952029  0.70495532344107947
  0.71553200059785216  0.72611837056210715  0.73664121392125870  0.74712801711861698
  0.75755355281683245  0.76807470707451531  0.77867604075952168  0.78934182421773080
  0.79996876042739740  0.81050600100575287  0.82106841994144397  0.83161423841785231
  0.84216056584996779  0.85275093815270286  0.86325349523802197  0.87377607120062573
  0.88424891761512414  0.89479473368528817  0.90534563272412505  0.91585250637308657
  0.92633264620543210  0.93682750346704036  0.94737077917907087  0.95796997067911893
  0.96847001017646384  0.97897503181492107  0.98945989321573335  1.00000000000000000
 -0.00253226059639515  0.00952771916283013  0.01973457547402611  0.03026754174149096
  0.04082567111841522  0.05129824746981198  0.06177946182863548  0.07227931642131497
  0.08283486576383089  0.09333944496791531  0.10385267962325910  0.11434625850887305
  0.12495964258219565  0.13557561077003269  0.14618429341128669  0.15673181637965206
  0.16729950251845244  0.17788289276322408  0.18845353431030770  0.19899684157853365
  0.20953112783181260  0.22001262877673516  0.23046410826581956  0.24093180555957769
  0.25149675828850954  0.26212262521644614  0.27276784677492921  0.28336325750349822
  0.29396450620564224  0.30450472121865396  0.31506229046978390  0.32556281606285431
  0.33610997864289965  0.34662094672437516  0.35715178649941837  0.36769961697859493
  0.37823346833894622  0.38880136720058728  0.39932942447582870  0.40991429874119045
  0.42050221017224110  0.43110440160650276  0.44165300925002982  0.45218407534677313
  0.46269510482896953  0.47326145586158325  0.48382535569844343  0.49436722493651486
  0.50488083546358153  0.51537494090137548  0.52589279249375032  0.53645315905269519
  0.54702122312521995  0.55758021173173133  0.56814225517706851  0.57873292939754351
  0.58931290935392289  0.59985126728836624  0.61032673880957511  0.62089737173258619
  0.63149213347901534  0.64210619308442296  0.65266885868976954  0.66319851655769646
  0.67377808265976202  0.68433443425549134  0.69489687274875067  0.70543862768557641
  0.71589546668239812  0.72634293023744800  0.73680839952178478  0.74731119171785076
  0.75785943937262379  0.76835009625168293  0.77886883184019118  0.78944394094014048
  0.80006465747391520  0.81068463793938739  0.82124156103050527  0.83173173775782983
  0.84220345522894202  0.85263581767329943  0.86309623313101902  0.87359621401393317
  0.88414534782590282  0.89468244960334309  0.90522220955265831  0.91575272523806617
  0.92634646139452725  0.93697105771176425  0.94754832578597148  0.95803660642255062
  0.96852349490898548  0.97901194518153989  0.98952840060028857  1.00000000000000000
 -0.00247936153439412  0.00955796271847959  0.01972016681615663  0.03029174648689080
  0.04085963515471629  0.05139528184124536  0.06195214577611632  0.07243518368039965
  0.08293186269837012  0.09342923538419054  0.10392501815627531  0.11449896631335282
  0.12503965755207386  0.13566028160358881  0.14624167134612370  0.15683372456954389
  0.16740182577160409  0.17794865225189488  0.18850297339659394  0.19911844449858676
  0.20972179248240586  0.22029932196679242  0.23077876022393559  0.24134906721703939
  0.25192325692971390  0.26255298910280966  0.27307594212496372  0.28363185379949801
  0.29416392930924951  0.30471525684381545  0.31524243557982062  0.32581002956588911
  0.33634172756597558  0.34686278363553918  0.35739790517868342  0.36799720217199150
  0.37858986055469507  0.38912837665361738  0.39973376838543490  0.41035358723774978
  0.42100649239185284  0.43155528001956511  0.44208923912512188  0.45259123742899848
  0.46311356185704700  0.47361658893125097  0.48415647284138280  0.49474156428369209
  0.50535913614639805  0.51594583710381314  0.52652190250636077  0.53703598337423242
  0.54755199569730706  0.55801741438138708  0.56851897084833769  0.57892900630000199
  0.58938417011682076  0.59985184241721690  0.61041003317365028  0.62097718118715517
  0.63150659568062151  0.64200747618586518  0.65249738992770867  0.66299801528371949
  0.67346571763008090  0.68393710141285591  0.69444927610471474  0.70503960752118877
  0.71554152305650953  0.72599866178874095  0.73642897066735813  0.74688985962272902
  0.75738202233505936  0.76792107702298129  0.77843490268120852  0.78900007424288887
  0.79951600540707368  0.81007817328559906  0.82064219751884371  0.83121285015447632
  0.84182188613772413  0.85237206354491890  0.86296519315977249  0.87354840856589533
  0.88412250212244847  0.89469611594738463  0.90525925814443398  0.91586032447725996
  0.92633275804266180  0.93685857934948469  0.94734550958186947  0.95785876194892228
  0.96831766823052745  0.97880542252607450  0.98938662690389667  1.00000000000000000
 -0.00250368450256742  0.00935209521327490  0.01942967061401569  0.02982141093059771
  0.04027158672965145  0.05077897351212290  0.06127187438618604  0.07174642873703085
  0.08219254145098775  0.09275212712721478  0.10333187806037107  0.11390800536975884
  0.12443206978325515  0.13488014897284656  0.14531787860064205  0.15576532239884738
  0.16634932261666632  0.17703845923887462  0.18762516301733798  0.19816618590868507
  0.20864566463100997  0.21923363879496716  0.22984083338293251  0.24046280940016940
  0.25105588750840202  0.26155749237560927  0.27205495156509779  0.28252811862627225
  0.29306483692890789  0.30361367960647995  0.31418336152859749  0.32466772210360079
  0.33511901509311143  0.34555303766049988  0.35604965533735494  0.36653252731107966
  0.37704820753807006  0.38762057519198106  0.39819690816023068  0.40878715591584047
  0.41932009619286131  0.42981772918063299  0.44032093734511413  0.45085830840972430
  0.46143456834168228  0.47198889314599285  0.48263433565973063  0.49326182273131480
  0.50388670900430965  0.51448210165938268  0.52508093786246302  0.53563138547401234
  0.54610807921828231  0.55658224463142381  0.56714433889134119  0.57770292744280616
  0.58826456263504245  0.59878408339268752  0.60938386449793769  0.62000378327797645
  0.63060497952473948  0.64123654243781480  0.65188913424112982  0.66257060577644633
  0.67313952531782384  0.68375802414034548  0.69440198270811027  0.70501941093521425
  0.71559427352261562  0.72617722158964515  0.73678202328162545  0.74737250744117867
  0.75790614118814437  0.76847404877460324  0.77901439740566658  0.78950265689791566
  0.79998078174257103  0.81043138222631572  0.82098896045899084  0.83152702182758931
  0.84208253626393492  0.85266067342527041  0.86319425416524165  0.87375966409831651
  0.88425029195086280  0.89485231839003609  0.90536735979895788  0.91586666602699018
  0.92634040714524213  0.93689705647981780  0.94746304696537298  0.95800223726301914
  0.96853776221875376  0.97906384552039671  0.98954081763055546  1.00000000000000000
 -0.00238598756250798  0.00967360652842873  0.01982726180668896  0.03030322208236555
  0.04073046995930284  0.05118033506831166  0.06162962949345607  0.07211857101229160
  0.08260748495625604  0.09315242296286470  0.10363635288025680  0.11423213106569084
  0.12486765252794642  0.13556136755780340  0.14620253140527267  0.15682273317250586
  0.16746531788080352  0.17806848753002760  0.18856579230498813  0.19903717569317758
  0.20951086347610076  0.22007788546346763  0.23062628024031021  0.24114734046643038
  0.25165913450535854  0.26215985246734158  0.27265732198903520  0.28312914698161318
  0.29361746297086966  0.30413398572674671  0.31467608397969354  0.32524726265125303
  0.33581183331837122  0.34636113923222894  0.35690727167423980  0.36747894659907904
  0.37804455070169446  0.38855183887559630  0.39905088505044733  0.40959422098158133
  0.42017646123567076  0.43075933350213674  0.44133696640278652  0.45192074868652499
  0.46243234656630017  0.47287048225394618  0.48334951190350078  0.49384113974090899
  0.50438410300712255  0.51486379561347806  0.52542117546877343  0.53601424739543246
  0.54652038995934360  0.55699012983079621  0.56740722491551765  0.57788051078831582
  0.58841794745389930  0.59898191962329539  0.60958685343378760  0.62013848905738878
  0.63069696054891233  0.64125837135391139  0.65182360167687425  0.66232099649191145
  0.67282060855291559  0.68332686391395370  0.69385050237884860  0.70440199762267530
  0.71494958072488413  0.72553101135142906  0.73612987624203441  0.74671173817583081
  0.75736991013011645  0.76796352607544671  0.77856734135655081  0.78911502715426518
  0.79963298519771941  0.81014648418600754  0.82064206768853254  0.83114679554346715
  0.84171105532782609  0.85227558114206525  0.86290027834945782  0.87345494475401819
  0.88401459358535117  0.89457306431795236  0.90515910102173536  0.91572777923671711
  0.92628349523315034  0.93678294116872796  0.94738196910309302  0.95787697306587938
  0.96838495625752541  0.97889004385814737  0.98945482019323849  1.00000000000000000
 -0.00241668044585651  0.00949607426920045  0.01960555307561757  0.03015090129697107
  0.04068495626895470  0.05129114162691564  0.06187171096546380  0.07246240269690696
  0.08299165402536519  0.09349777505981734  0.10402112896877599  0.11453739892989659
  0.12505852592771355  0.13560122859485887  0.14617809587779937  0.15675750998030297
  0.16731370906676199  0.17786378410999670  0.18840282182412441  0.19893205940228958
  0.20949375379253052  0.22007826439785821  0.23061264938743706  0.24115697083563245
  0.25170337800611114  0.26226475690951201  0.27279154364221719  0.28325983106653918
  0.29371144777970215  0.30419430629731814  0.31476362257874468  0.32531245382971929
  0.33583906115411011  0.34632355907846291  0.35683666535834485  0.36739806607064757
  0.37794473536889839  0.38849075018714746  0.39896961587435853  0.40946384466270902
  0.41999088693353459  0.43061190625390144  0.44123103106012324  0.45183767710345063
  0.46239726985521962  0.47295854615964150  0.48354040666819054  0.49409389378951318
  0.50470285991008257  0.51530154358764824  0.52592201193055832  0.53649469548061768
  0.54706123667812145  0.55756199666257245  0.56805236386674041  0.57852531016856656
  0.58904259145609128  0.59952099979526252  0.60999834080677229  0.62050277796570019
  0.63102905086976313  0.64159493136984969  0.65211120210961238  0.66265543443639618
  0.67317678648457258  0.68367379722269439  0.69413613431555621  0.70453470540280450
  0.71497766168465238  0.72546155541163126  0.73597689711706671  0.74653165646474573
  0.75704151194130631  0.76756592672343826  0.77810942149254847  0.78866231044728374
  0.79927767652465398  0.80983780489034352  0.82041463710704410  0.83092079014466369
  0.84144145310709084  0.85197409739829799  0.86251904383324496  0.87305094502122194
  0.88355833909308679  0.89408593119008595  0.90467118284213344  0.91529550552650329
  0.92594701279995384  0.93657969103482075  0.94715140761467964  0.95772489713319142
  0.96830862073412594  0.97891361662039866  0.98947826357111979  1.00000000000000000
 -0.00242513155058917  0.00961042836654209  0.01981105327998756  0.03037956239432186
  0.04096397787156603  0.05153690465885585  0.06207339246398754  0.07262372516640883
  0.08318877574746317  0.09375429908013692  0.10428463367149864  0.11479362965305992
  0.12533816215727070  0.13582544092328314  0.14636780754629405  0.15692591941146600
  0.16759460509344204  0.17821546046641007  0.18880162230664277  0.19934870219681863
  0.20985048880529533  0.22028757161771467  0.23079430502257636  0.24136251186028759
  0.25198620543740757  0.26254613344572536  0.27307117275150283  0.28365890783478143
  0.29422958726428639  0.30481576069917565  0.31534504996297746  0.32589958133155550
  0.33643921775474595  0.34691304509525167  0.35735675324516436  0.36776769633947420
  0.37826658025832266  0.38877605437248614  0.39931006519217027  0.40980080343917252
  0.42034460196436552  0.43091197484212163  0.44142600018415690  0.45190524754835848
  0.46238680261912185  0.47298333110548485  0.48358736175427264  0.49422747732978900
  0.50480992398559466  0.51539243748262498  0.52592882106849415  0.53643099171576991
  0.54691566983237794  0.55739107062713877  0.56791057903568642  0.57841393683956921
  0.58891455487059574  0.59939814258234070  0.60985501532118824  0.62037890067705626
  0.63086875172781087  0.64142587862930189  0.65198195408177650  0.66257937213759877
  0.67312527750058337  0.68365563938503193  0.69419707191715119  0.70476535805275276
  0.71529849637951282  0.72578987424779740  0.73633755648655341  0.74691509105013920
  0.75751212375715082  0.76807591435078415  0.77866616601226324  0.78926307647012495
  0.79980606676594068  0.81029779599227547  0.82083224412664524  0.83132977167514510
  0.84189898248764794  0.85248214357127772  0.86309467043086607  0.87370123762042040
  0.88426341132378616  0.89483471072817078  0.90530008181220822  0.91577565294007823
  0.92626841860753850  0.93675129652231215  0.94728264960418818  0.95783468903344215
  0.96845758943759697  0.97897824851267956  0.98951610539453982  1.00000000000000000
   2.0315538805674611E-012  -1.0000000000000000     
 T T T T T T T T T T T T T T T T T T T T T T T T T T T T T T T T T T T T T T T T T T T T T T T T T T T T T T T T T T T T T T T T F F F F F F F F F F F F F F F F F F F F F F F F F F F F F F F F F F F F F F F F F F F F F F F F F F F F F F F F F F F F F F F F
  <DiscreteSampler_grid>
  grouped_processes
  1 # 1 for a reference and 2 for a running grid.
  10 # Attribute 'min_bin_probing_points' of the grid.
  1 # Attribute 'grid_mode' of the grid. 1=='default',2=='initialization'
  0.0000000000000000 # Attribute 'small_contrib_threshold' of the grid.
  0.5000000000000000 # Attribute 'damping_power' of the grid.
 # binID   n_entries weight   weight_sqr   abs_weight
    10   10   2.521798091787409E+031   1.964066374923016E+063   2.521798091787409E+031
  </DiscreteSampler_grid>
