 -0.00251929331783290  0.01003771075429517  0.02019458557189663  0.03057209839289525
  0.04092553001809987  0.05113517110100578  0.06135338319385744  0.07149339082212092
  0.08166182044428730  0.09169164469534284  0.10169946940983259  0.11194627519510982
  0.12229099095591006  0.13290144417034214  0.14353102695249309  0.15453768796987352
  0.16561257061723109  0.17666863987811671  0.18775355014884479  0.19877022714772999
  0.20980228422783215  0.22053818109704523  0.23112122118578021  0.24176945806619832
  0.25242839543095874  0.26303736183248055  0.27348831788293199  0.28387119021835872
  0.29433474948782712  0.30491430678040027  0.31532311210870595  0.32566272480114494
  0.33618134159300050  0.34684359445574692  0.35763440406686886  0.36815295044496654
  0.37869284031076350  0.38924477947708958  0.39991224082730603  0.41049981519931489
  0.42095384383850326  0.43115818212933621  0.44138396825675524  0.45168351906683468
  0.46205454736881058  0.47242654814199747  0.48284014799341080  0.49333334579555499
  0.50381543154138853  0.51423851980554447  0.52456893798298165  0.53500146476993715
  0.54532532289296909  0.55578896262339195  0.56610260516321875  0.57647725252232429
  0.58689278903708353  0.59723591724361658  0.60753030844668576  0.61773523990558377
  0.62790590009097347  0.63831019209457363  0.64890116434918754  0.65981799359459814
  0.67052131361805856  0.68102112002515425  0.69140253071680469  0.70181036811348751
  0.71233946145798177  0.72297191860917731  0.73350517031283735  0.74404660641764486
  0.75479296694838593  0.76573544950640471  0.77649523641096285  0.78714121003689663
  0.79782499990641287  0.80862926070111474  0.81906216776987595  0.82934867222466835
  0.83970655956937801  0.85018561333796172  0.86069147393727807  0.87146090079567717
  0.88239576037572731  0.89347378343422745  0.90439425792076311  0.91535480760613497
  0.92608226049509457  0.93675678463079204  0.94743829765180876  0.95809222613010780
  0.96859056799040089  0.97900493383444487  0.98951692485010490  1.00000000000000000
 -0.01692492696507162  0.09545773311710215  0.12965707323521256  0.15122400675667913
  0.16913589877112342  0.18457289260825099  0.19845180721878425  0.21113739930750078
  0.22290589825843604  0.23393473062735057  0.24433537282970225  0.25422608832944060
  0.26365432561257901  0.27274473018966422  0.28143809123801306  0.28990384619431459
  0.29807013148945061  0.30601770683776741  0.31378549110253862  0.32130141167178788
  0.32870393827364164  0.33592017338592683  0.34298414765105323  0.34995530027014526
  0.35679853787848809  0.36352036195198256  0.37016069259502177  0.37671681981677019
  0.38317987880763044  0.38957403244098149  0.39591420174544972  0.40215869751207628
  0.40835095455079806  0.41451731419168403  0.42060400800474540  0.42664584759688889
  0.43266318416736038  0.43864719438554250  0.44458291135851502  0.45049585563638533
  0.45638988357532839  0.46225599807797568  0.46809985402709964  0.47393231581798767
  0.47975306676077101  0.48556136606552625  0.49136037082147016  0.49715740899519317
  0.50295285956043989  0.50874986045800963  0.51454895945277279  0.52035744966544617
  0.52617819397363363  0.53201035475385428  0.53785351955531879  0.54371935987564801
  0.54961381679933630  0.55552697200170142  0.56146256038960873  0.56744644997432647
  0.57346340850906330  0.57950503121047525  0.58559168514311355  0.59175785845048734
  0.59794989219958961  0.60419812421749741  0.61053683733897479  0.61692775813776468
  0.62338893216636260  0.62994477042964914  0.63658614640849931  0.64330922580448158
  0.65015626847948560  0.65713441044970466  0.66420432852123468  0.67142830285814148
  0.67883427212203673  0.68635242744990976  0.69412177403627373  0.70206707742544194
  0.71023377629931439  0.71869490671311742  0.72738618041672976  0.73647803134383472
  0.74591002880217216  0.75580049356382339  0.76619750218359850  0.77722457552098101
  0.78899180519943168  0.80168123646441392  0.81557477656957089  0.83107314365575768
  0.84909780958172143  0.87076978425112206  0.90503499880539517  1.00000000000000000
   8.8969411387187995E-005  -1.0000000000000000     
 T F F T F F F F
  <DiscreteSampler_grid>
  grouped_processes
  1 # 1 for a reference and 2 for a running grid.
  10 # Attribute 'min_bin_probing_points' of the grid.
  1 # Attribute 'grid_mode' of the grid. 1=='default',2=='initialization'
  0.0000000000000000 # Attribute 'small_contrib_threshold' of the grid.
  0.5000000000000000 # Attribute 'damping_power' of the grid.
 # binID   n_entries weight   weight_sqr   abs_weight
    10   10   4.482794364313951E+006   2.009544531272493E+013   4.482794364313951E+006
  </DiscreteSampler_grid>
