  0.00848198977725403  0.01699027107637616  0.02841328281859526  0.03991826454478305
  0.05051326913888817  0.06108483573666824  0.07181178008886561  0.08249810006914525
  0.09285210416504924  0.10313730672500551  0.11369525763534548  0.12448633096365547
  0.13515195594996898  0.14591662034862979  0.15640641645269074  0.16683826221204143
  0.17695524662861786  0.18689928343158058  0.19684050620651161  0.20681252080784068
  0.21693059608376239  0.22709240420520027  0.23753879238013081  0.24802442999102967
  0.25851725420190669  0.26888848683623356  0.27936137369437491  0.28975501800524739
  0.30004346933861098  0.31036914695432427  0.32072797761920818  0.33098154315911832
  0.34114364313222972  0.35126464482445180  0.36150363450626921  0.37184210365134407
  0.38222193975791724  0.39269052598359599  0.40328697629273946  0.41395789602655131
  0.42450823312461089  0.43472848311887657  0.44462915014282761  0.45448887395800019
  0.46445316785183077  0.47445807720264249  0.48436188466344193  0.49404410390508896
  0.50389986703547662  0.51402627853081706  0.52435628644348975  0.53464908278432011
  0.54475286963581360  0.55485132620418665  0.56508516011006116  0.57546698527718765
  0.58580490604315150  0.59601106267206916  0.60613825961033163  0.61632662991868770
  0.62662059199998654  0.63696895200059966  0.64729796703178388  0.65746723910688187
  0.66759903889059902  0.67777634402075693  0.68803635951138675  0.69832645279212757
  0.70859864392236382  0.71885058619459374  0.72906120480325198  0.73915306607577302
  0.74916433471200061  0.75934472622551430  0.76970789424184571  0.78021573856649351
  0.79085244925136422  0.80149769932963588  0.81215411286178274  0.82276107006315857
  0.83339272526830577  0.84388789782053619  0.85440831235656400  0.86488621822059686
  0.87527939100206609  0.88546438797447802  0.89577877173354759  0.90642337582540866
  0.91683737110012364  0.92748849671557276  0.93813479526097188  0.94906916967316080
  0.95999144972528738  0.97041427184771856  0.98101654947080974  1.00000000000000000
  0.00000799300451801  0.00004203807171503  0.00006963766551900  0.00009767504401157
  0.00012755947107058  0.00015566426065120  0.00018245763025511  0.00020830181345451
  0.00023367558273910  0.00025831779645881  0.00028246312511147  0.00030650861848423
  0.00033059976243053  0.00035481054429109  0.00037929978737714  0.00040447013873171
  0.00042994714400139  0.00045564400586426  0.00048185525203412  0.00050855448423096
  0.00053556268601609  0.00056284936903138  0.00059042245693093  0.00061860142445368
  0.00064732260396742  0.00067697662977455  0.00070753107412669  0.00073870740013793
  0.00077040280255393  0.00080276836619080  0.00083584830112890  0.00086992028189005
  0.00090603009610904  0.00094418355822572  0.00098437453242527  0.00102653243818585
  0.00106905476905955  0.00111193019210916  0.00115592701937352  0.00120111560300401
  0.00124788182861941  0.00129655449261386  0.00134720666430983  0.00139903479723372
  0.00145269383127689  0.00150795794147843  0.00156632026809788  0.00162774806828976
  0.00169067918867888  0.00175874832275754  0.00182824784960498  0.00190023075965558
  0.00197547774778709  0.00205400031114605  0.00213626784554321  0.00222156699274431
  0.00230796716508976  0.00239982682355008  0.00249489118907274  0.00259718552458094
  0.00270610883874045  0.00282247612215831  0.00294792550213646  0.00308012202599224
  0.00321824930800982  0.00336450856857165  0.00351859260427490  0.00368327511721404
  0.00386279996254486  0.00405487159363338  0.00426099159639231  0.00447701073261822
  0.00470439344388438  0.00494845031359142  0.00521373175980209  0.00550626763153631
  0.00582780753491058  0.00616915633983038  0.00654937146743743  0.00698776543620205
  0.00748720163654402  0.00803206592751819  0.00864554624042786  0.00933694133987945
  0.01016017449494144  0.01112766066543315  0.01223264305181028  0.01349210989268731
  0.01500585056178756  0.01689753556371730  0.01930223293376723  0.02266894214868207
  0.02816868848372437  0.03907732410501497  0.45922592399501849  1.00000000000000000
 -0.00242978075628560  0.01022276949383291  0.02097170190273259  0.03157202684230129
  0.04227358433548496  0.05284134099940079  0.06338355829615545  0.07384072695216158
  0.08431282225295203  0.09478791758208682  0.10518601812982258  0.11579040008739334
  0.12655852181025534  0.13749486800707286  0.14854490141217991  0.15953084241246163
  0.17020346388413407  0.18069448619838491  0.19124092759651168  0.20170249380382543
  0.21185455229131558  0.22190416770310464  0.23208836386946330  0.24245923291726207
  0.25295167363912291  0.26358542880661862  0.27422889579292337  0.28484785946982011
  0.29564949932629048  0.30658509090776831  0.31734068893016609  0.32793982789255893
  0.33849424715469306  0.34899849500411223  0.35918496310038839  0.36930706916975337
  0.37958230298317813  0.38977520831185836  0.39994265575234239  0.41007635123620473
  0.42045734881612701  0.43108351816322876  0.44184943405341193  0.45276765828110588
  0.46336999440734422  0.47366874781177182  0.48381246985123166  0.49390881053024593
  0.50411202173278680  0.51431760176238928  0.52452791855130898  0.53469099752939320
  0.54509852540535553  0.55565356653675857  0.56625031827705530  0.57673638858787923
  0.58736071158376812  0.59828882014762164  0.60895858028754801  0.61941180698603571
  0.62971385589961348  0.63998130325687674  0.65022542885409007  0.66051338048306663
  0.67083344904911102  0.68131861108243374  0.69174517942059643  0.70230895603972998
  0.71280423383670977  0.72333922937867223  0.73372421812343747  0.74413337910443800
  0.75460814241628149  0.76520410305222641  0.77587175360505600  0.78662166319243632
  0.79749913444370923  0.80858628068770866  0.81965686401439208  0.83058152046664102
  0.84134624534181213  0.85194811238948365  0.86243344202125749  0.87302814403735929
  0.88360643604098854  0.89417877429151282  0.90451120448266187  0.91483998127801114
  0.92524511582982272  0.93566597625536740  0.94631894418296070  0.95702329620643078
  0.96791015250886869  0.97867971128417486  0.98939648288851156  1.00000000000000000
 -0.00256959280886057  0.00970082115841179  0.01969080985720000  0.03024445515768403
  0.04059235607618077  0.05126837157168918  0.06196355709023438  0.07278863953755503
  0.08351539873335770  0.09419217620102117  0.10476032813786035  0.11501541729730314
  0.12526671391164271  0.13573227583221686  0.14633802811049376  0.15708819209858885
  0.16764649781515514  0.17834016211614254  0.18886284854381366  0.19935602280541115
  0.20965888968095267  0.21989760580248799  0.23022067735325491  0.24107337412851118
  0.25201067505722480  0.26299178055080991  0.27381313967900806  0.28470736180778095
  0.29564400682005515  0.30653774940441619  0.31709950121550079  0.32755036981820340
  0.33800707163756721  0.34864594997502268  0.35930748233005860  0.36983728039726360
  0.38036718190928515  0.39095457163919506  0.40153240133860124  0.41219616837777912
  0.42281379485400977  0.43362379733502199  0.44418994620340740  0.45461817910850894
  0.46500499694931674  0.47530577962836906  0.48566315641007446  0.49589313684362524
  0.50629413116282507  0.51676854726986210  0.52718776000640666  0.53779669169781463
  0.54840638383305584  0.55904402983638846  0.56949798128865470  0.57998695806596923
  0.59057136462977278  0.60128256185257412  0.61196100835973655  0.62286745194768089
  0.63363442070840115  0.64439648640482516  0.65487131402124099  0.66533106022200161
  0.67586197772330747  0.68636721418973978  0.69707807971590474  0.70787032464339550
  0.71839952013661090  0.72884626332740299  0.73947629194030107  0.74994288494961003
  0.76012357387661633  0.77022358595484597  0.78075584265575015  0.79153039188733787
  0.80178318309655794  0.81207485910419286  0.82249492567382820  0.83300287425574682
  0.84309880155351280  0.85333728194466496  0.86371917871192783  0.87415761011559523
  0.88417669180254166  0.89421309259289883  0.90433847618266283  0.91457350939863147
  0.92470177904067796  0.93503025619092650  0.94561173392726283  0.95650018673458237
  0.96739353665980665  0.97832578462938125  0.98916783850987144  1.00000000000000000
 -0.00278289378879790  0.01032320269579870  0.02114419229450554  0.03213869788603210
  0.04297482347053311  0.05354932853099555  0.06383568439637123  0.07383467173765808
  0.08375370770913455  0.09389336999675764  0.10403809109210049  0.11421218297529687
  0.12431914478776336  0.13472179252959915  0.14524594102461238  0.15573667128955890
  0.16644450974178351  0.17679356200384425  0.18690513219550148  0.19730857850624889
  0.20766095539070217  0.21796989632432417  0.22795548128633095  0.23841842523277748
  0.24863464321144554  0.25882991519905696  0.26891215396630175  0.27951104062769555
  0.29001391708253599  0.30063651731362928  0.31129359735371581  0.32196962595039158
  0.33249216668184706  0.34320712922084751  0.35387765078747230  0.36436535156935673
  0.37496645410310875  0.38556692860674369  0.39643063910189941  0.40730311154820376
  0.41815569073693321  0.42896870629926276  0.43967382627483392  0.45056973620811352
  0.46138725114495416  0.47220641729420954  0.48314952811311779  0.49408747140185222
  0.50509238799565659  0.51607901524348365  0.52704729229369873  0.53814885979388383
  0.54892188344817949  0.55954547438412494  0.56986076365080940  0.58007004687164299
  0.59025736237163773  0.60043757338103643  0.61085089487763511  0.62124359944073115
  0.63153939316366214  0.64190311319570315  0.65237878280725725  0.66286215820568339
  0.67333048140994500  0.68388655653919117  0.69456353692653583  0.70524275236623435
  0.71591575526416062  0.72671931966626135  0.73764518928745193  0.74859041166425944
  0.75959965082372527  0.77051623883576015  0.78143247854355358  0.79232990250358493
  0.80314314561113664  0.81381353075458207  0.82439228615554583  0.83496813417581983
  0.84568921537441266  0.85641279171695561  0.86687936735971272  0.87697917983497742
  0.88691036697549275  0.89686185109910832  0.90679196411174556  0.91661000986339758
  0.92657071978156946  0.93675375132003635  0.94740738213806086  0.95821545479045256
  0.96887923676794085  0.97948444067756202  0.98983194197043700  1.00000000000000000
 -0.00210699735308485  0.05036359127135056  0.07218340811111865  0.08787073657525203
  0.10183366455620357  0.11461923694229528  0.12668573197483024  0.13821925164398327
  0.14941069860410539  0.16014758061839607  0.17050865681721944  0.18049391703559589
  0.19005458708769929  0.19923187033448200  0.20824264162214950  0.21707907681979655
  0.22578281767217109  0.23425583073353148  0.24256655905906532  0.25075640254992421
  0.25882169405626920  0.26680633604672555  0.27462614017723797  0.28233456913321864
  0.29000913241309356  0.29755148786187985  0.30496784432106877  0.31228897137158196
  0.31950922063974896  0.32666527984390231  0.33384066898098586  0.34105161981350957
  0.34824999227075071  0.35538792836530236  0.36244052952265682  0.36951815653081765
  0.37668255259616784  0.38382987144101532  0.39091488932771623  0.39797541342115345
  0.40499065979151705  0.41200388230799317  0.41907285723950666  0.42628751422994909
  0.43353636544863888  0.44078080476474180  0.44802366338997807  0.45526878076148991
  0.46251187990251302  0.46975075024144075  0.47698456270033956  0.48417184266221469
  0.49129066171794911  0.49843132285292840  0.50556271242092388  0.51272849339632787
  0.51984342239785764  0.52724974566985439  0.53462726766459867  0.54212412434882429
  0.54961818419504582  0.55710582046885282  0.56457117173734395  0.57201775351638651
  0.57948680097131477  0.58701799774582841  0.59460377179189716  0.60228009551459094
  0.61008991421836511  0.61795494188200684  0.62590643225014131  0.63406860450200453
  0.64232101166909494  0.65090166221786250  0.65967534552853879  0.66860059544766060
  0.67768640746518360  0.68695315610400010  0.69642104483848621  0.70606122229608315
  0.71566807525424725  0.72532773880728085  0.73529431451815774  0.74549077108771278
  0.75597408114505260  0.76691558491726541  0.77866928005260150  0.79102074688196766
  0.80405209180051018  0.81794717939132799  0.83320312231889282  0.85047171396047039
  0.87001227488158084  0.89330423970956596  0.92627840305874021  1.00000000000000000
 -0.02051528011196851  0.12080895742571206  0.15945570133739534  0.18255138245321884
  0.20033952985805473  0.21502445970528392  0.22798676662204376  0.23949405469528282
  0.25024000338359698  0.26000424077927264  0.26947260625419267  0.27836912766893035
  0.28709722973633744  0.29547244279312013  0.30354525412637789  0.31133418617390923
  0.31877357207016838  0.32607726900096068  0.33317901644165598  0.34000627526603033
  0.34666229400306048  0.35327674971160133  0.35961378133700089  0.36585037774963269
  0.37201185708693302  0.37799570626433082  0.38383401018231800  0.38961342239627950
  0.39531353029469868  0.40094159368547760  0.40655242201010505  0.41213535743348900
  0.41767987365435194  0.42319819218787352  0.42862768722717887  0.43400372701167689
  0.43930404078261115  0.44455868311404895  0.44991142956709723  0.45527833899730891
  0.46057461211078865  0.46580173739520897  0.47096723337395419  0.47611985165457515
  0.48130135608386226  0.48649214491907367  0.49168078224111889  0.49685836670732464
  0.50212057558098411  0.50742805658858769  0.51272806326267817  0.51800940934520034
  0.52331709134980997  0.52867498861695572  0.53405172942086188  0.53943523027963214
  0.54483074243051421  0.55023573520286684  0.55566734064027345  0.56114189575238949
  0.56661452986432670  0.57218340354740915  0.57776520630296624  0.58341639109482046
  0.58910134093368560  0.59478861560500407  0.60049059692728235  0.60623723426912102
  0.61204828424689839  0.61789092954144498  0.62372753279737403  0.62963693502465357
  0.63564189477660960  0.64178186548635197  0.64809584126683029  0.65451953932608264
  0.66099840825261680  0.66767765766909970  0.67465449581742265  0.68186432137655373
  0.68918942213090573  0.69685122275392164  0.70456103789394953  0.71254553999731829
  0.72091758681007490  0.72965228753933986  0.73913003834194813  0.74898468114939298
  0.75970007354990476  0.77126567081992836  0.78416191388062084  0.79893326100777962
  0.81674868518282340  0.83978254831515531  0.87828119624342205  1.00000000000000000
  5.04231596206060698E-007  -1.0000000000000000     
 F F T T F F T T F F T T F F T T F F F F F F F F F F F F F F F F
  <DiscreteSampler_grid>
  grouped_processes
  1 # 1 for a reference and 2 for a running grid.
  10 # Attribute 'min_bin_probing_points' of the grid.
  1 # Attribute 'grid_mode' of the grid. 1=='default',2=='initialization'
  0.0000000000000000 # Attribute 'small_contrib_threshold' of the grid.
  0.5000000000000000 # Attribute 'damping_power' of the grid.
 # binID   n_entries weight   weight_sqr   abs_weight
    10   10   5.373908428190777E+005   8.848439042698773E+011   5.373908428190777E+005
  </DiscreteSampler_grid>
