  0.00003998588534877  0.00006275113976562  0.00008187656216088  0.00011117468716681
  0.00014027824096718  0.00016881593246435  0.00019669221570987  0.00022353854833740
  0.00024704420258934  0.00027033630381531  0.00029415490217880  0.00031842988581842
  0.00034293846830944  0.00036759649714310  0.00039250291639871  0.00041822713746318
  0.00044456025661444  0.00047134492485506  0.00049845312731051  0.00052592901451326
  0.00055397230019884  0.00058267974046455  0.00061206219422120  0.00064247346221187
  0.00067314783500611  0.00070447491964936  0.00073644456115733  0.00076927435846824
  0.00080342281829204  0.00083877871476528  0.00087521003498592  0.00091296409744081
  0.00095134561138708  0.00099016962445592  0.00102957277088061  0.00107014448419486
  0.00111202502155593  0.00115520449239257  0.00119999761839209  0.00124675123400947
  0.00129486922588981  0.00134503186018551  0.00139646796437968  0.00145039892650562
  0.00150635966772747  0.00156483869155477  0.00162684371016655  0.00168941390164250
  0.00175487368308407  0.00182166393158702  0.00189214385706828  0.00196544492826049
  0.00204137744829475  0.00212117067327101  0.00220478870992341  0.00229196960994277
  0.00238385708236695  0.00247835701001208  0.00258027077349740  0.00268572032563288
  0.00279888147809856  0.00291718915769717  0.00304185164996592  0.00317549048402022
  0.00331834417367266  0.00347190591843029  0.00363504597762380  0.00380674265857086
  0.00399207773316541  0.00418226165315083  0.00438573234180842  0.00460879679094227
  0.00485136622114778  0.00512541279447888  0.00542348225754086  0.00574020657117818
  0.00608246902298634  0.00646506420246146  0.00688851875262676  0.00736382128800257
  0.00789844193507212  0.00849559546003736  0.00914005951807791  0.00983964287108319
  0.01064974286259804  0.01165933556935622  0.01294936811883626  0.01454326666327087
  0.01641022417548155  0.01880940236559950  0.02179517959042226  0.02634547282622676
  0.03319134524450788  0.04346807307300499  0.51924745477605017  1.00000000000000000
 -0.00245243570959120  0.00962426064772403  0.01989504364656589  0.03036783154185992
  0.04104309005609201  0.05132109518641889  0.06177084744367687  0.07206749541573419
  0.08255911498587505  0.09297978654716299  0.10346817896304697  0.11395737757501608
  0.12435984468454278  0.13484728284623926  0.14548349689280482  0.15599263855659407
  0.16661838503546569  0.17757968644425665  0.18865699185065840  0.19937923489506612
  0.21011986489002848  0.22093031159145399  0.23164243191128581  0.24229389583990457
  0.25305838477691067  0.26370365820955194  0.27425836049223851  0.28461033445345740
  0.29511069726488109  0.30574608396108488  0.31649548755871670  0.32711758386754930
  0.33759869084391253  0.34811501273760076  0.35829961870306976  0.36845528258397525
  0.37860352299456318  0.38933756881957382  0.39982573277650768  0.41027275387924117
  0.42063330926003112  0.43119699270869677  0.44148964652760725  0.45157467345279068
  0.46176443537266043  0.47230750165956087  0.48276732655968158  0.49298569249735058
  0.50314032810218445  0.51346399855540448  0.52385796454372846  0.53431543591930308
  0.54470300709099151  0.55501581159053526  0.56531444086095228  0.57571776027637678
  0.58609936438653054  0.59661572090283532  0.60730918566832004  0.61812971215719492
  0.62883654676486422  0.63928219976058331  0.64960115639442906  0.65974339357302625
  0.66998798067997478  0.68029057286121875  0.69045915856957474  0.70058750130670067
  0.71082326122444894  0.72129217511959987  0.73177471766105640  0.74247459913069336
  0.75321103062402128  0.76400580621292113  0.77477020200134439  0.78557112459389367
  0.79639584389544438  0.80712216670230652  0.81779941351264973  0.82837991934190047
  0.83894518326790202  0.84977045344651703  0.86077467254301632  0.87195523759652849
  0.88289613719807669  0.89392700506374301  0.90486702549952891  0.91606129339072695
  0.92684848422678234  0.93735783753943769  0.94765909028066642  0.95778067405629341
  0.96831379969537923  0.97883919237350558  0.98957312452300150  1.00000000000000000
  0.00008915065082956  0.02300474751916841  0.04154266559536449  0.05671156010470255
  0.07042584624597016  0.08331534716244747  0.09556518588306787  0.10713298288657878
  0.11815201443936699  0.12868923443825261  0.13899023970408381  0.14906083735865894
  0.15890310376448935  0.16843102608118984  0.17764499890615645  0.18665555437107695
  0.19548554034252252  0.20423179003664180  0.21290341348265945  0.22152630052616146
  0.23000093765205831  0.23831484913687137  0.24655153421256212  0.25470926879118239
  0.26279739315570089  0.27084805654005878  0.27880626781686024  0.28666602270287461
  0.29443430625900269  0.30201028743486225  0.30958963294663921  0.31718447899762597
  0.32477671235505590  0.33237814743373395  0.34010018900201294  0.34780697602772204
  0.35547518550490143  0.36311888736557746  0.37073188218222491  0.37830389861430624
  0.38580634782944245  0.39333043346935914  0.40073314709201219  0.40801022668002906
  0.41527246858523487  0.42250701739708502  0.42970530412816366  0.43687486407224807
  0.44399736485154351  0.45112291265052490  0.45831053530347365  0.46565354801548664
  0.47312567547239731  0.48065995393090311  0.48815340992310025  0.49579787995648489
  0.50346038756673583  0.51112465714917243  0.51881127638361213  0.52646663184040454
  0.53408690157309691  0.54161251423651224  0.54915263136465708  0.55680655062659967
  0.56461862820450059  0.57257924769201818  0.58060263817907698  0.58871336828318466
  0.59697045706858876  0.60529166931105904  0.61394319553252752  0.62262111710540757
  0.63134556466965308  0.64019148751148425  0.64932779079447844  0.65840646250665880
  0.66741771251878312  0.67642401643191530  0.68557620072226166  0.69514472202989464
  0.70492020218090978  0.71504037043361257  0.72561459863621069  0.73690521503157691
  0.74868967918592744  0.76061570153210034  0.77278430021038835  0.78554149838469545
  0.79905494180144176  0.81359915022229301  0.82934007072536631  0.84636984934681281
  0.86583995218335674  0.89021722408387993  0.92501209706347809  1.00000000000000000
 -0.02040339297807010  0.12143909086608287  0.15952167000637421  0.18250408608986102
  0.20043439962765902  0.21560400500948687  0.22889063889420949  0.24066833618585221
  0.25145582565719454  0.26128389229411980  0.27073775960298002  0.27949852788105106
  0.28798512847797197  0.29608321055311537  0.30382732232419513  0.31134745742554293
  0.31861901096339312  0.32571996763497973  0.33267211258718249  0.33937807239991774
  0.34592452804794549  0.35238096934558855  0.35873371722769504  0.36507090402921133
  0.37133313011817254  0.37749146355289509  0.38357057988628507  0.38960951145687533
  0.39561529722355404  0.40154590174860827  0.40736271812460084  0.41307037442243338
  0.41866969983849728  0.42410737848361924  0.42955542384873224  0.43496073933321733
  0.44029691405904176  0.44553313300844272  0.45078226259501386  0.45603434766226691
  0.46126621240363064  0.46645495509791979  0.47160604964423691  0.47674961200702343
  0.48188762948400982  0.48704851417183315  0.49221015450610911  0.49737403696786225
  0.50252630165471046  0.50763944880434675  0.51275002652406076  0.51789100407377875
  0.52309636451554098  0.52837696281162960  0.53369082126667222  0.53901654856760672
  0.54438788702274721  0.54980778247612905  0.55521107966765382  0.56060427975437754
  0.56609053324147640  0.57167516681573505  0.57726437508104311  0.58278516779697187
  0.58839729336199031  0.59402829568290239  0.59970481379906981  0.60550207541914469
  0.61142841128917280  0.61742759133654990  0.62345739843341308  0.62951889420445084
  0.63564418798011668  0.64185468100222787  0.64821106993271871  0.65468499680793879
  0.66126244675599644  0.66798207131891163  0.67482083084152011  0.68185816890225193
  0.68911337708576204  0.69685256372263560  0.70465363534508718  0.71273897796871333
  0.72125191212813033  0.73017351327018643  0.73996627878907317  0.74994981498429458
  0.76085638616824380  0.77244917530479773  0.78552241077514839  0.80016542340352292
  0.81773868051405951  0.84071978051348362  0.87878342053600567  1.00000000000000000
  2.70556649698567064E-005  -1.0000000000000000     
 T T T T T T T T T T T T T T T T F F F F F F F F F F F F F F F F
  <DiscreteSampler_grid>
  grouped_processes
  1 # 1 for a reference and 2 for a running grid.
  10 # Attribute 'min_bin_probing_points' of the grid.
  1 # Attribute 'grid_mode' of the grid. 1=='default',2=='initialization'
  0.0000000000000000 # Attribute 'small_contrib_threshold' of the grid.
  0.5000000000000000 # Attribute 'damping_power' of the grid.
 # binID   n_entries weight   weight_sqr   abs_weight
    10   10   1.660264187100677E+008   6.162273544081828E+016   1.660264187100677E+008
    16   10   1.660264187100677E+008   6.162273544081829E+016   1.660264187100677E+008
  </DiscreteSampler_grid>
