 -0.00042395043402439  0.00252710394121388  0.00425675940356255  0.00616522660037838
  0.00844439541327977  0.01099129820461819  0.01407000392605566  0.01737521369172106
  0.02091685187889626  0.02472604030393566  0.02878516862917703  0.03325601033422736
  0.03806066398197770  0.04295057552453921  0.04796569573348683  0.05329616649089981
  0.05901835683515270  0.06497443055012989  0.07127281421027448  0.07775726265371413
  0.08425567214946622  0.09083530517628230  0.09762770576840732  0.10463044037628191
  0.11203549518354988  0.11985086135590191  0.12795712746618776  0.13627995665444720
  0.14478916754942442  0.15338879489232715  0.16201492697494974  0.17051243013337095
  0.17914007342762056  0.18811283792039185  0.19742021696240994  0.20707424391203638
  0.21692794858638628  0.22692250291520774  0.23709996890178070  0.24754611358853706
  0.25831286250882612  0.26916656508094355  0.28012440431833185  0.29123282485328050
  0.30221045065199664  0.31344508296207468  0.32525828448795197  0.33740179465942677
  0.34976498531960976  0.36214780811651853  0.37467672388693535  0.38726283697805880
  0.39999139484845225  0.41304544589732339  0.42618494514905125  0.43936016506610731
  0.45274513700930646  0.46655659154139117  0.48089604148376597  0.49506817104890249
  0.50896754304062997  0.52258940785764463  0.53652596010765896  0.55045871000225721
  0.56429646152980695  0.57807652061485615  0.59186123315223915  0.60600129465520336
  0.62033161054395258  0.63474729542903285  0.64911983278737440  0.66340381099293588
  0.67766804021671734  0.69202103188352182  0.70651473047564950  0.72104939117701183
  0.73570440062267484  0.74979274555925102  0.76363981340641984  0.77764730784338865
  0.79180042051386457  0.80578620779312582  0.81997683356016959  0.83425783642391915
  0.84848232166495419  0.86260191618132243  0.87689899544610672  0.89119295413725397
  0.90545656889419945  0.91951348907240860  0.93322096322402959  0.94667273115253925
  0.96003987215550401  0.97334749123176889  0.98664292032417422  1.00000000000000000
 -0.00264948796281123  0.00977037073194143  0.02046892663356952  0.03087165992524584
  0.04169557098923496  0.05248404976617644  0.06341970662221008  0.07377881727518097
  0.08403363190254808  0.09508922526514815  0.10557834859907916  0.11584772881772364
  0.12594503386562056  0.13676266685738042  0.14734591067599970  0.15768179416878389
  0.16783280245545681  0.17821282577753222  0.18870809693682850  0.19922303130000407
  0.20961904460780201  0.21972380708996686  0.22986245887851239  0.24033739715813146
  0.25064126171931711  0.26053965175102362  0.27057608568477526  0.28100210887024207
  0.29146659313786588  0.30169891302349466  0.31203318437947281  0.32265004262165431
  0.33338801694036446  0.34416655227551735  0.35502478159050899  0.36578526171648895
  0.37640756993755647  0.38759569339083033  0.39895237597296213  0.41026461164508943
  0.42155702069230244  0.43263750087159142  0.44323884780945477  0.45367434432661069
  0.46416323902991852  0.47489609077909239  0.48581688651819588  0.49658301114304548
  0.50765048552911862  0.51863571048947821  0.52965619783036255  0.54046374816840892
  0.55102770426782799  0.56169644149832920  0.57190217858848769  0.58227372085693896
  0.59255799287445776  0.60277113485271483  0.61275026960283863  0.62278076125805903
  0.63346848194905370  0.64441144551549301  0.65520170320272331  0.66611253100333312
  0.67723011806761957  0.68833181728497572  0.69914113333461214  0.70956710978733373
  0.71991723464508428  0.73045109340046666  0.74069147268375279  0.75067855993106725
  0.76058434815026255  0.77068143630575314  0.78089356839121282  0.79122646828853505
  0.80141106330815315  0.81185055045044019  0.82178535784251072  0.83135943118510147
  0.84132550314083865  0.85122044848271783  0.86161777446256993  0.87198098799306156
  0.88304915045751331  0.89415687809177047  0.90515051047186523  0.91628378306747660
  0.92768617887629212  0.93879757988147194  0.94898812364773111  0.95917723184543502
  0.96912335489614199  0.97926393707659853  0.98938726134995880  1.00000000000000000
  0.00174835919595744  0.01634486847267175  0.03000980641222336  0.04158729041915640
  0.05200409033018144  0.06194144790591819  0.07153924255388795  0.08093954510907403
  0.09025611696479845  0.09936413205777889  0.10827680251455159  0.11685547099473290
  0.12515379957070488  0.13315095450332848  0.14084750541551391  0.14840440249055187
  0.15577074843901881  0.16298874089593790  0.17032019327208972  0.17774622421257158
  0.18548137177645327  0.19342777552270779  0.20152690775891938  0.20940989206925315
  0.21690956190526309  0.22421003227831388  0.23140313303741272  0.23853113508720389
  0.24565866499850358  0.25272258718508883  0.25962143730973736  0.26640276096363896
  0.27313688775842992  0.27988051252478874  0.28678191571355888  0.29374145925015788
  0.30078293665940448  0.30800636641486118  0.31511605658749159  0.32220137426585321
  0.32923993317984629  0.33611072623709337  0.34289537222384187  0.34978408538995637
  0.35685439345579806  0.36398150559204900  0.37106375028851785  0.37819083616367277
  0.38560388866229778  0.39301527539771786  0.40031004064984760  0.40745962550333226
  0.41458958787899919  0.42180245265752714  0.42906079793223006  0.43627148866966037
  0.44327644989878134  0.45028656846471771  0.45755155357611055  0.46530105819474199
  0.47337183883774780  0.48156655727839220  0.48998557659718278  0.49850315598553635
  0.50733273459042427  0.51649280990318225  0.52561214118774624  0.53482346444363393
  0.54383062477068955  0.55286165665481235  0.56214764969169306  0.57162175679442773
  0.58105743857116021  0.59039625756068637  0.59955050308165125  0.60928218128422229
  0.61953573662296535  0.63033414944587496  0.64142081701217157  0.65269457431465483
  0.66458727015464236  0.67666371871682129  0.68891429432823548  0.70151680798212834
  0.71425051037450804  0.72786860335374726  0.74237052213059240  0.75688932735622183
  0.77213403080864063  0.78973559343982103  0.80901810351136538  0.82942302370302523
  0.85228362970377181  0.88047099223846892  0.91923539228365947  1.00000000000000000
 -0.02046727117159858  0.14417596461496016  0.19727426902948911  0.23038389668419493
  0.25439332345777171  0.27460470828400091  0.29213446261223919  0.30810463195764576
  0.32261460471958298  0.33567414565495940  0.34773327236570367  0.35968210690233232
  0.37123867967511676  0.38206740467441724  0.39207637024201825  0.40187205532739168
  0.41128785427575554  0.42024267985646335  0.42859381225004928  0.43684030737831669
  0.44499051396994704  0.45294504490217946  0.46065618231765781  0.46812414032457739
  0.47549093532633652  0.48271685265806658  0.48974332111942559  0.49656245169052288
  0.50317963921698716  0.50948652238821890  0.51564790337961952  0.52189855321085954
  0.52801657378889721  0.53414641387248518  0.54027731040808491  0.54631533040604463
  0.55227966900097158  0.55818776753935195  0.56387916004250949  0.56934377597993036
  0.57471679546493337  0.58001904647036351  0.58522918294157422  0.59037984932341492
  0.59563159261490872  0.60092120192430742  0.60616155348669987  0.61126466289614967
  0.61631497368067500  0.62133126267215721  0.62638345900111791  0.63162720560693808
  0.63696752822413760  0.64228007266010601  0.64752466232772554  0.65267102225071938
  0.65773462886242751  0.66264137094384468  0.66773537668835248  0.67292537202899039
  0.67812736279441821  0.68327748248435627  0.68834653467239837  0.69338136871942724
  0.69854026543662129  0.70400979953993270  0.70940002472360475  0.71457416875115132
  0.71962471275750028  0.72465988138052428  0.72965130167358172  0.73468882288716786
  0.73975817228769136  0.74482985276281455  0.74995484940111623  0.75514630111028380
  0.76047083219629341  0.76590736505147239  0.77160312711383672  0.77775607418011816
  0.78404543693770878  0.79045678512247852  0.79738436858645256  0.80439945979097172
  0.81153937061444004  0.81902320747987989  0.82690240130262649  0.83528569906255745
  0.84426969928673001  0.85386837671002269  0.86408657949306522  0.87549702885430447
  0.88890032582157696  0.90632171999255706  0.93380215645391440  1.00000000000000000
  1.38868621594194952E-005  -1.0000000000000000     
 T T T T F F F F F F F F T T T T T T T T F F F F F F F F T T T T
  <DiscreteSampler_grid>
  grouped_processes
  1 # 1 for a reference and 2 for a running grid.
  10 # Attribute 'min_bin_probing_points' of the grid.
  1 # Attribute 'grid_mode' of the grid. 1=='default',2=='initialization'
  0.0000000000000000 # Attribute 'small_contrib_threshold' of the grid.
  0.5000000000000000 # Attribute 'damping_power' of the grid.
 # binID   n_entries weight   weight_sqr   abs_weight
    16   10   2.759762517979410E+008   7.659760596126146E+016   2.759762517979410E+008
    17   10   2.759762517979410E+008   7.659760596126144E+016   2.759762517979410E+008
    22   10   2.881752533226463E+008   8.358366082871011E+016   2.881752533226463E+008
    23   10   2.881752533226463E+008   8.358366082871014E+016   2.881752533226463E+008
  </DiscreteSampler_grid>
