  0.00002792278580609  0.00003835390344814  0.00004905031515072  0.00005965685774871
  0.00006870240947938  0.00007927354266521  0.00009111984118537  0.00010375677911217
  0.00011737997990918  0.00013198826997543  0.00014709191271239  0.00016313826619929
  0.00017975235751372  0.00019704624578931  0.00021610908002829  0.00023592148065756
  0.00025657783694555  0.00027812689076180  0.00030060610190610  0.00032448593955764
  0.00035117740722086  0.00037973933419832  0.00040920656453134  0.00043927721578391
  0.00047015892134250  0.00050342971053341  0.00053932185288644  0.00057621602223825
  0.00061527309900742  0.00065643773448856  0.00069902908611808  0.00074235131157138
  0.00078652882740758  0.00083156880092059  0.00087876052216723  0.00092854418749366
  0.00097974965562253  0.00103413056997032  0.00109272391240209  0.00115385080899153
  0.00121719360932523  0.00128489566595735  0.00135488863696358  0.00142768190559127
  0.00150625154484862  0.00158588082003894  0.00166850420418064  0.00175587320038694
  0.00184651120533667  0.00193933568909014  0.00203831812365041  0.00214606508320930
  0.00225729713591420  0.00237404742519911  0.00249771107950705  0.00262738759140818
  0.00276496773845417  0.00290819978270300  0.00305950410105227  0.00322256226888826
  0.00339434794888422  0.00357970232423491  0.00377869904373579  0.00398368358133962
  0.00419975605121113  0.00442787326654177  0.00468135090732247  0.00495309704075549
  0.00524302992750592  0.00555331469934598  0.00588711056017361  0.00623360891624599
  0.00661888558593786  0.00702134982210719  0.00746501641305985  0.00793996505815487
  0.00848491411662546  0.00908806633229522  0.00969110577310033  0.01038061865836428
  0.01107696016256466  0.01184707858024069  0.01274831517422184  0.01373519734280507
  0.01475533154616742  0.01593498489050436  0.01741872710730098  0.01934804915771956
  0.02155998471424474  0.02498017950275757  0.02843635416858508  0.03492867143204974
  0.04243355639119618  0.04972844909467976  0.52241474587084435  1.00000000000000000
 -0.00206603479123035  0.00889790117560089  0.01886541229882704  0.02908709221871456
  0.03987969408698266  0.05047476086271113  0.06093199183511037  0.07107392434191065
  0.08092502031913316  0.09184714259550339  0.10340137009052666  0.11523237099261482
  0.12664133674990596  0.13709477614476753  0.14791909617040427  0.15843201801733850
  0.16896285395878491  0.17960826740267910  0.19024792937696802  0.20091940831456245
  0.21177862158559443  0.22279939371558649  0.23340817498731445  0.24356564562985300
  0.25368611646742079  0.26370243326450182  0.27355439939146331  0.28331876596388650
  0.29318774709270856  0.30318153748943261  0.31327445338716597  0.32325689493360243
  0.33303427386271089  0.34280087211903709  0.35267169922844116  0.36276267140127627
  0.37299230061552791  0.38362863664624874  0.39472564982965475  0.40613939839273655
  0.41747549404823281  0.42872864134549338  0.43957888274201773  0.44978617799727966
  0.45976825540719229  0.46994200192887697  0.48035392226260121  0.49070707292005122
  0.50121809078993396  0.51173353747714179  0.52225104603062844  0.53273794224980986
  0.54340527516385195  0.55409979578835133  0.56425273799221654  0.57413390950752630
  0.58416378166394789  0.59460657213841439  0.60504124125205383  0.61531540272962615
  0.62551091992005670  0.63593046197293179  0.64650679832539393  0.65713515826905611
  0.66799723790951637  0.67874835141703671  0.68941982798137402  0.70043601059649752
  0.71164441779465493  0.72298467700034630  0.73420909212228747  0.74472689893192279
  0.75527028745252656  0.76532099393427577  0.77579779384543923  0.78656833337494214
  0.79735430825217446  0.80795972949749062  0.81826215587669948  0.82900795204919597
  0.83972958690252841  0.85086096587866622  0.86163952625346896  0.87246821214750425
  0.88305301627660182  0.89322568408154324  0.90337533336894826  0.91326344591099329
  0.92348832776719347  0.93401223020820401  0.94499242572451647  0.95614233758737865
  0.96750396980482190  0.97867445167415612  0.98945847239120266  1.00000000000000000
  0.00159863183028059  0.01602105972630135  0.02968065737934395  0.04138034313367074
  0.05225379514405699  0.06255890704600305  0.07247775333204420  0.08198624420839339
  0.09106968942719795  0.09998632618796886  0.10842300234623463  0.11642450184352103
  0.12430447614656406  0.13175117426563460  0.13916917087028777  0.14662371530033261
  0.15409237451749119  0.16155054725175927  0.16903374162751211  0.17659932033063810
  0.18419195350067616  0.19163434319815187  0.19892525949227180  0.20615305443070611
  0.21328135538751336  0.22036429703425586  0.22744870909034900  0.23436031146185421
  0.24125658555897397  0.24817310930706335  0.25514289469805451  0.26218659747322487
  0.26912209051372937  0.27607207725770372  0.28292527876398355  0.28974680600278269
  0.29670534194060694  0.30351625775763841  0.31040360000599959  0.31714452204273225
  0.32389785366932267  0.33062969744079784  0.33733065431894133  0.34412707250541386
  0.35117623452249525  0.35879825040139252  0.36682455671899955  0.37497170167790533
  0.38320040856313958  0.39144545337332776  0.39913240610758344  0.40635429668599399
  0.41354805962251845  0.42078490267135904  0.42806011740653255  0.43561401508237535
  0.44335296705164440  0.45117274763841270  0.45899325925218815  0.46707460817774848
  0.47499937913684631  0.48285806550758126  0.49076861805515132  0.49899106077463917
  0.50748711887112830  0.51620783421218752  0.52520663788924249  0.53436939314350407
  0.54382412873566377  0.55335389158834336  0.56284531160202989  0.57239357242640665
  0.58242706985431558  0.59307613773912315  0.60357641682363472  0.61383750086552502
  0.62401548002433060  0.63410070541794650  0.64410043332408162  0.65425698758696349
  0.66474067928952363  0.67570511123087162  0.68741786289611218  0.70043046389670938
  0.71451750870330955  0.72888175845064074  0.74300917433709091  0.75746580228442673
  0.77298514258488704  0.79009285759067938  0.80839543237343070  0.83011548629769860
  0.85499551292603215  0.88491995867195694  0.92228033370328266  1.00000000000000000
 -0.02190249341433578  0.15478101280258252  0.20399047742391960  0.23574495324738490
  0.26061195217911859  0.28173341245029537  0.30030064386712635  0.31678228875717596
  0.33207689698024528  0.34637935991188090  0.36003479708454766  0.37263737439359151
  0.38473010863059476  0.39649684662105267  0.40747429426124576  0.41770628641057717
  0.42759965436396796  0.43707202138414603  0.44578604800425525  0.45403086025941775
  0.46232865920925248  0.47078505557476980  0.47916984464565682  0.48706278254151336
  0.49463861832404971  0.50215337332044163  0.50970554478994823  0.51721615407369159
  0.52444487605821932  0.53129228985892962  0.53788689328757155  0.54413015458771674
  0.55033600189258569  0.55642124098787993  0.56243819827838470  0.56844267022328698
  0.57432101287201676  0.58015242587833604  0.58582883181942191  0.59148429399624414
  0.59715692172471135  0.60274480271170428  0.60818174168632499  0.61347558970665905
  0.61867965461836993  0.62375479041288573  0.62864735036995634  0.63354717236024427
  0.63868222968009825  0.64392452438603709  0.64910074675339735  0.65411221939858188
  0.65900890565805437  0.66378598786279353  0.66860381870769348  0.67349930079854781
  0.67841135123306973  0.68335615340801847  0.68836729552606768  0.69326922656346879
  0.69807892305961805  0.70283141900808144  0.70760583414149392  0.71251090421572261
  0.71742322369389311  0.72222784838621534  0.72701485415953560  0.73184546481741863
  0.73667173945128805  0.74152389036750310  0.74626031681536631  0.75106491373528983
  0.75589966153024923  0.76089261622226279  0.76602634545779202  0.77123169153071380
  0.77652379932218096  0.78190641652860304  0.78737421164389587  0.79302379324474470
  0.79890049313588785  0.80483574058519813  0.81100645633172808  0.81754935682438556
  0.82421196416790798  0.83101570318676887  0.83832631672894686  0.84612086925942842
  0.85430436800485632  0.86320763011158907  0.87269395694999075  0.88364224952685777
  0.89612737419983945  0.91285770245076192  0.93831512711779619  1.00000000000000000
  6.00399635655721377E-009  -1.0000000000000000     
 T T T T F F F F F F F F T T T T T T T T F F F F F F F F T T T T
  <DiscreteSampler_grid>
  grouped_processes
  1 # 1 for a reference and 2 for a running grid.
  10 # Attribute 'min_bin_probing_points' of the grid.
  1 # Attribute 'grid_mode' of the grid. 1=='default',2=='initialization'
  0.0000000000000000 # Attribute 'small_contrib_threshold' of the grid.
  0.5000000000000000 # Attribute 'damping_power' of the grid.
 # binID   n_entries weight   weight_sqr   abs_weight
    16   10   5.280315520381339E+003   3.178744367594348E+007   5.280315520381339E+003
    17   10   5.280315520381339E+003   3.178744367594347E+007   5.280315520381339E+003
    19   10   4.855214664584018E+004   2.693001057108459E+009   4.855214664584018E+004
    20   10   4.855214664584018E+004   2.693001057108458E+009   4.855214664584018E+004
  </DiscreteSampler_grid>
