  0.00834861529983988  0.01787901673600022  0.02984854501178531  0.04155707016804760
  0.05281972746204563  0.06385699016079323  0.07433049267555303  0.08430305967252780
  0.09457979694926175  0.10481629975751533  0.11523321856637482  0.12601756588311902
  0.13712829903636872  0.14854774274745702  0.16025354969980882  0.17204264685974929
  0.18354064763151889  0.19482460028821882  0.20627678157750415  0.21688245290497030
  0.22771123040962524  0.23797453555621090  0.24805263708693243  0.25777590656288174
  0.26724359985337137  0.27675588724716721  0.28596377643942522  0.29512143561077742
  0.30439319341269205  0.31401632380065170  0.32452620381311442  0.33566450964963229
  0.34698986323330383  0.35817304856752907  0.36886373794670424  0.37958883989653103
  0.39038686401667544  0.40121290133543402  0.41205448280643653  0.42268503742313157
  0.43359108948779418  0.44441705982842955  0.45511911170743435  0.46545844509594919
  0.47529646316645829  0.48540567525363609  0.49559761230316546  0.50605250071515917
  0.51627429425585125  0.52647856625291400  0.53658787151695897  0.54676347149360127
  0.55733684873922529  0.56816659663554381  0.57869706200327931  0.58899632074674102
  0.59920867213734275  0.60954401071292064  0.62025456523555189  0.63095874438635402
  0.64149677057389864  0.65174757239245118  0.66187578712739681  0.67202266486691720
  0.68220588575169450  0.69232360578339736  0.70182638339525127  0.71140974863421214
  0.72087245235376018  0.73061014963521687  0.74048844978639494  0.75036137206341902
  0.76045875695829201  0.77072317919858224  0.78119895785958127  0.79205339182532219
  0.80308434316117117  0.81376189278616640  0.82430759356796024  0.83489510156859859
  0.84589280152124924  0.85689169380294261  0.86787334951595529  0.87885048580248937
  0.88970608115475025  0.90024070011412238  0.91053249094402577  0.92119980614667341
  0.93140973426687956  0.94150489468403664  0.95169288930492568  0.96144395772875890
  0.97101489196936575  0.98081031774761929  0.99151116292078922  1.00000000000000000
  0.00007161405310945  0.00009245949153159  0.00011457452807972  0.00013766305137769
  0.00016149028943311  0.00018521311278229  0.00020850461882978  0.00023159324120564
  0.00025466419257407  0.00027778981074171  0.00030157941337319  0.00032640964271257
  0.00035289947369095  0.00038150994125757  0.00041174219451608  0.00044235617350362
  0.00047266948589456  0.00050410011503426  0.00053522601276853  0.00056686140952925
  0.00059888156422018  0.00063233259952143  0.00066794562178588  0.00070576594061265
  0.00074614328606040  0.00078850694206452  0.00083184814426905  0.00087698721651812
  0.00092466633211075  0.00097560994932558  0.00102786972823846  0.00108021174370105
  0.00113331345113355  0.00118841468931090  0.00124442679362787  0.00130223676014030
  0.00136087608698928  0.00142116138959491  0.00148531872387750  0.00155314689565168
  0.00162369593562378  0.00169529793535442  0.00176980009396123  0.00184750900884275
  0.00192936615003600  0.00201529061341021  0.00210245628273992  0.00219390707604536
  0.00228912215887772  0.00239063595961790  0.00249831088666241  0.00260892919437873
  0.00272133951051288  0.00283378358018186  0.00294965914413196  0.00307276187641910
  0.00319744059270298  0.00332799681911037  0.00346685464967692  0.00362148411636285
  0.00379047043085515  0.00396513127494627  0.00414718175530206  0.00433720674843093
  0.00454295452550693  0.00475188478242478  0.00497544213158219  0.00522028446672724
  0.00545398340233339  0.00570423132579582  0.00600911750695711  0.00632962454834322
  0.00664885553543173  0.00695817195185365  0.00728810260875031  0.00764221715012545
  0.00801411393997090  0.00841394047436891  0.00886254356846872  0.00942267905952649
  0.00994124325375232  0.01048393884704095  0.01101525740059641  0.01161414166391884
  0.01226923627968676  0.01295621452694038  0.01376087607427391  0.01459369053105655
  0.01543078692369581  0.01638881989629787  0.01748666428903286  0.01867709671419270
  0.02010693666247255  0.02169777529635036  0.21922836435798934  1.00000000000000000
 -0.00458970864610210  0.02792450289722624  0.05427455940407205  0.07835079410300977
  0.10051769234016214  0.12174322482744593  0.14172131057376838  0.15983400057473440
  0.17653559675411318  0.19318007242626900  0.20991453967630946  0.22641596269986050
  0.24229846161989194  0.25711487337566546  0.27136592855827119  0.28524623833816759
  0.29867987049940947  0.31206329225783908  0.32558726197259130  0.33847752920953622
  0.35063440121781519  0.36279174157337452  0.37488898266857829  0.38639211474488699
  0.39752207220884250  0.40871337035996247  0.41977166092449419  0.43068309723541287
  0.44102820891291883  0.45122590206746915  0.46137881131438196  0.47141994948083576
  0.48142175623213707  0.49122281929798989  0.50126002792658653  0.51150779905903532
  0.52158284608593564  0.53153270217642445  0.54189325049641179  0.55257728835214837
  0.56273920374364828  0.57235749646112100  0.58192105797611349  0.59161902108913089
  0.60115041124685076  0.61052448756398370  0.61976809606122396  0.62885261118078839
  0.63776614571855594  0.64652575609385576  0.65516649979007313  0.66384695431974738
  0.67260762959001386  0.68148193410987135  0.69036190896669170  0.69909240711802412
  0.70783776990201042  0.71670593209640399  0.72552448246837431  0.73422025447330019
  0.74280374962241491  0.75118593600426609  0.75900463213066127  0.76659139528514697
  0.77429173985413147  0.78199629241627999  0.78973804224952526  0.79729072578711224
  0.80471684890218453  0.81200366651463618  0.81936023472034336  0.82681113336467604
  0.83432242838296045  0.84174005592475232  0.84911764643221033  0.85641189687223385
  0.86381144561707657  0.87127764941339803  0.87858465221725390  0.88575136661042031
  0.89298798934700563  0.90039393793031108  0.90789595266394774  0.91557112608044811
  0.92297690635855312  0.93029112765204525  0.93733483688791253  0.94455227350752535
  0.95176704640619858  0.95874233016364963  0.96552917729399956  0.97235560701679480
  0.97928660748775553  0.98614272222594068  0.99313783410959766  1.00000000000000000
 -0.00223805040502335  0.01041529053192452  0.02105135867491036  0.03221012767129421
  0.04257289294091574  0.05255215908668122  0.06222314866511176  0.07271639135597363
  0.08311582412678505  0.09387407590712017  0.10432193445824404  0.11527184101626486
  0.12616770434111188  0.13705266733085159  0.14798586399243741  0.15875057699160688
  0.16953477038886564  0.18041378293617194  0.19178008164859678  0.20359456440751403
  0.21506323119146156  0.22618717898678045  0.23766108104304881  0.24900592654780615
  0.26051934208277955  0.27148038558205445  0.28217281957216689  0.29251306945289374
  0.30237036043151150  0.31222001705504804  0.32270961938380782  0.33327859459265524
  0.34496004993809631  0.35613538605532241  0.36687296594792712  0.37717274739150797
  0.38728240695058036  0.39734312818908907  0.40752256852039875  0.41739291069280565
  0.42820466090387999  0.43843951044604873  0.44949306280452739  0.46032745193797719
  0.47190007813990192  0.48270444279270136  0.49362824614531492  0.50421820725851685
  0.51456952067923334  0.52411474833115457  0.53349577146529625  0.54334204321937485
  0.55400479462662866  0.56438823350849210  0.57422414293145829  0.58367018076877641
  0.59386156159244874  0.60420160498197872  0.61495680248017826  0.62571180393504366
  0.63600028705623335  0.64605090683719213  0.65612076484000181  0.66652872381103767
  0.67674508165045888  0.68677453201458061  0.69712222779182165  0.70753053867192628
  0.71788766961080597  0.72816119070675867  0.73886696364076598  0.74998367464483096
  0.76090769350792398  0.77168619686571083  0.78247612825870694  0.79292666990178795
  0.80268514875244779  0.81251760912033100  0.82299759920567150  0.83433916617218795
  0.84566077212267443  0.85648686582346101  0.86690778166838334  0.87730220739921450
  0.88751843684809706  0.89783577472578402  0.90758738943258688  0.91743377961298866
  0.92758381605186158  0.93782644433893358  0.94826137625857188  0.95876824097593438
  0.96978668554759961  0.98007082382651389  0.99016164738766321  1.00000000000000000
 -0.00210992916146409  0.00914291638846299  0.01864107142730724  0.02838083384605841
  0.03799723249287310  0.04761106661611661  0.05723322593851648  0.06704583526750363
  0.07742926337055583  0.08788195783453656  0.09812657865157132  0.10811427892185885
  0.11784449482906550  0.12761951490940032  0.13756002371568121  0.14764874908564327
  0.15792356089163698  0.16826799278926519  0.17877086035859235  0.18953528072616227
  0.20028754562761256  0.21086937392551955  0.22114679216697727  0.23140993043949923
  0.24191181220640540  0.25268537160408849  0.26370162366172295  0.27481975806643394
  0.28571576931233639  0.29643156467489978  0.30704505460423731  0.31773960489387953
  0.32910166619287684  0.34055154161508738  0.35184095464373066  0.36319945555732097
  0.37442987671307859  0.38514922173358418  0.39570851830204828  0.40594129302048654
  0.41613829236893080  0.42587758002253295  0.43578507887919649  0.44551957690525279
  0.45557927817004251  0.46612977605145822  0.47738103876666527  0.48852997582600094
  0.49953746201971094  0.51032435483808680  0.52104157936735951  0.53079103027162744
  0.54112826442356465  0.55155077907269801  0.56249213442268109  0.57298399734902916
  0.58350094860299717  0.59357471871572909  0.60313667157950968  0.61265090940993572
  0.62227642987876675  0.63248048604268436  0.64270790121700316  0.65298030468093626
  0.66323188401377597  0.67357096758859047  0.68433501984145118  0.69547690082227642
  0.70703730139431409  0.71848864926818412  0.73002155818949432  0.74171841918420656
  0.75288084573549996  0.76321998348373032  0.77317446606208873  0.78308572432598278
  0.79306484756462581  0.80293148754298327  0.81291101488230000  0.82303236854055384
  0.83344350751519558  0.84424313895245207  0.85554117037997268  0.86717232152073054
  0.87871057385419915  0.88953989008259093  0.90003846518143316  0.91057041780831671
  0.92156660767330534  0.93254236145314084  0.94329221112694184  0.95426244539447491
  0.96497261913758647  0.97611214861455564  0.98764411529502560  1.00000000000000000
  0.00565325893685538  0.04404896235374926  0.06130624520079728  0.07307024009561751
  0.08305568009106333  0.09210079375207862  0.10069537188550176  0.10906397356011262
  0.11726994277776834  0.12510555681445684  0.13269401676728557  0.14014832539973396
  0.14758845645058347  0.15507697543701232  0.16243081846752555  0.16958744855222840
  0.17658525500486849  0.18359475787605123  0.19078609508771260  0.19812648120035459
  0.20545574630029362  0.21257965248643801  0.21948235750372405  0.22638216609290376
  0.23331778923891525  0.24019612291344433  0.24714533708725434  0.25394312295659993
  0.26071058499011163  0.26739913718663699  0.27413815532558167  0.28100050960680806
  0.28787627573000885  0.29488785370873488  0.30178383917567947  0.30849275456954012
  0.31503434913282907  0.32148040421535951  0.32799185380562418  0.33464994791971631
  0.34136945276475694  0.34820919568301539  0.35502197922007384  0.36194483640560887
  0.36900466743310367  0.37632006519068534  0.38357479376808540  0.39071538971038733
  0.39771052067750473  0.40461464786526680  0.41158538650643833  0.41857855392576565
  0.42558608836935408  0.43268988346948500  0.43982848404405861  0.44698178004745853
  0.45413985901262666  0.46147879274527320  0.46904456196041716  0.47653538133466289
  0.48408702880413196  0.49178890745563852  0.49936517785171958  0.50710675358665214
  0.51517706852971901  0.52351540824506648  0.53238484651375240  0.54127095771462375
  0.54989854326870280  0.55850456414252114  0.56740245766553221  0.57668920614059993
  0.58628308132854456  0.59603346459205131  0.60582547518682550  0.61560708321357993
  0.62524617548733330  0.63474918413098580  0.64469160613929877  0.65484737440066820
  0.66526987013480043  0.67609579566287503  0.68745623526312938  0.69874178671787224
  0.70984349496404930  0.72130128268560167  0.73391016539502196  0.74777020519869153
  0.76338815274547867  0.77871441969218502  0.79526105879806808  0.81452547141021969
  0.83636624811362348  0.86297836457772636  0.90721570940321294  1.00000000000000000
 -0.02300388329916254  0.15103520855717578  0.20360120899045400  0.23590629905725147
  0.26059123580683918  0.28148201216581381  0.30020725616015709  0.31683681818350673
  0.33224930507679190  0.34675821100074744  0.36053617213236139  0.37382747376628550
  0.38515998944261809  0.39599058150784522  0.40657474000019322  0.41715466882918872
  0.42722040377862752  0.43675110821313223  0.44573762635325420  0.45438198662396773
  0.46289992666666258  0.47109098315052944  0.47925397405169901  0.48701266288612566
  0.49471690624435161  0.50248973094638250  0.51022220207848656  0.51776186418169912
  0.52475493433817266  0.53153424458726295  0.53821888061083467  0.54497107810640633
  0.55161040713084475  0.55829685791467376  0.56443246395652957  0.57044331467151022
  0.57632232783500403  0.58210132848426832  0.58770732052270602  0.59316193126100047
  0.59841814338824728  0.60354700251490701  0.60870702005585309  0.61395208946186386
  0.61934829895296839  0.62474187318880692  0.63000239410022596  0.63506829031317724
  0.64017141339195305  0.64497466238076440  0.64982652672838270  0.65472974627761371
  0.65966347318674934  0.66467992351306948  0.66962365339398178  0.67451015515826751
  0.67950033187648218  0.68434859329406805  0.68925406713566861  0.69422308179535774
  0.69918856339885171  0.70419748543739646  0.70902976550644192  0.71375547083260094
  0.71847662041261584  0.72324030871261724  0.72802448049623125  0.73271625944233632
  0.73745612253697712  0.74231820829610984  0.74713852289757532  0.75198815540069885
  0.75689367008361530  0.76186000126382836  0.76693657092482315  0.77215853618754304
  0.77751198812038780  0.78292683372111760  0.78841794562894263  0.79414763393826437
  0.80013653807464147  0.80621836258421453  0.81247410073068826  0.81907839432647600
  0.82589747968527349  0.83278731254497751  0.83990558551477879  0.84728062636030443
  0.85502064228296060  0.86351922724616659  0.87297030758543948  0.88433102992721646
  0.89718375010816587  0.91327634633033183  0.93861761023611434  1.00000000000000000
  1.97714203550198316E-010  -1.0000000000000000     
 F F T T F F F F F F F F F F T T F F T T F F F F F F F F F F T T
  <DiscreteSampler_grid>
  grouped_processes
  1 # 1 for a reference and 2 for a running grid.
  10 # Attribute 'min_bin_probing_points' of the grid.
  1 # Attribute 'grid_mode' of the grid. 1=='default',2=='initialization'
  0.0000000000000000 # Attribute 'small_contrib_threshold' of the grid.
  0.5000000000000000 # Attribute 'damping_power' of the grid.
 # binID   n_entries weight   weight_sqr   abs_weight
    16   10   1.180463072137134E+001   2.868024320800948E+002   1.180463072137134E+001
    17   10   1.180463072137134E+001   2.868024320800957E+002   1.180463072137134E+001
    19   10   1.102876001686179E+002   2.533288467262353E+004   1.102876001686179E+002
    20   10   1.102876001686181E+002   2.533288467262362E+004   1.102876001686181E+002
  </DiscreteSampler_grid>
