  0.00844967823695799  0.01748068264887429  0.02865654545369421  0.03989854328713571
  0.05062563815220439  0.06134739050924966  0.07194904760247081  0.08235011984354866
  0.09296880708205077  0.10368110780800671  0.11437570884014761  0.12476947370599811
  0.13517104168904381  0.14568802540125059  0.15624658946626180  0.16680940017249879
  0.17759275399370272  0.18846238714438338  0.19939691479252297  0.21031657473742765
  0.22168982226475775  0.23309883347421151  0.24437133822133963  0.25550190944885948
  0.26607219388005232  0.27651896471768883  0.28667534580997017  0.29686808399971359
  0.30710142950210462  0.31745152405172589  0.32794145860201307  0.33837039016201587
  0.34877812037536371  0.35925701004469779  0.36992956319277970  0.38068010964754667
  0.39151443335902875  0.40225959470639200  0.41283545740908223  0.42316040008093431
  0.43341677770898213  0.44359958248782294  0.45371841809360486  0.46382676153941826
  0.47398702276661214  0.48425441399801650  0.49464162585490085  0.50505414245696933
  0.51534926459492736  0.52566172202349648  0.53592989467334151  0.54612980276554612
  0.55637800485712685  0.56661730216190120  0.57708948533924931  0.58742945197956220
  0.59785930912661778  0.60811091335920520  0.61850363160314215  0.62895306010890362
  0.63946625646196797  0.65002415999263474  0.66057748957921447  0.67130501701282908
  0.68202598942539838  0.69274209161532974  0.70328460897710587  0.71392222962993546
  0.72458890030463563  0.73532644122420809  0.74611995719811652  0.75671860609929675
  0.76720458900377908  0.77737557795933776  0.78763636204668286  0.79775425711050418
  0.80789964681968129  0.81813538406844011  0.82851236457460409  0.83879100447070742
  0.84912658799225649  0.85959928332721713  0.87012025181022523  0.88031825471886971
  0.89051946039499763  0.90080463019974821  0.91143428045679231  0.92187997704991687
  0.93228823317534870  0.94231495586000613  0.95242207631627507  0.96257484563356965
  0.97266576049806941  0.98255817096892051  0.99138044589108787  1.00000000000000000
  0.00002554254726464  0.00004633317278966  0.00007383006833550  0.00010623692462851
  0.00013479442556048  0.00016197139918877  0.00018823378786000  0.00021332544919358
  0.00023652300566638  0.00025976710390526  0.00028355636782070  0.00030740137658996
  0.00033133573646958  0.00035541831848764  0.00037972348304014  0.00040452785154413
  0.00042966281531349  0.00045534916533526  0.00048157521297764  0.00050836366107687
  0.00053549944493861  0.00056300579460881  0.00059094461933429  0.00061933232859219
  0.00064821856982500  0.00067772987310249  0.00070814802939800  0.00073978161154942
  0.00077354506710427  0.00080827182303094  0.00084374095149854  0.00088058260963444
  0.00091882899976485  0.00095858119691699  0.00100020869906159  0.00104243937066149
  0.00108614479420802  0.00113061724048354  0.00117592899929165  0.00122284906820127
  0.00127111599359076  0.00132106013086412  0.00137253813173052  0.00142513158356454
  0.00148170768756199  0.00153905728653738  0.00160010068972890  0.00166198221382329
  0.00172635973668127  0.00179361928028350  0.00186248887269161  0.00193409827023178
  0.00200686183811990  0.00208398024042135  0.00216344326084563  0.00224863868158104
  0.00233811722239557  0.00243389262179879  0.00253545839701201  0.00264065095591158
  0.00275097571751757  0.00287065987806253  0.00299419028363007  0.00313189142524385
  0.00327273207416236  0.00342843426380796  0.00359234114226892  0.00376503835956384
  0.00395171325897575  0.00415321602679069  0.00436813119259688  0.00459879762170514
  0.00484087692025666  0.00509792593584182  0.00537270641507424  0.00566573284449648
  0.00599094096284905  0.00634814010364164  0.00673721549856355  0.00715554915550641
  0.00761462208970156  0.00814100774499660  0.00873338379011742  0.00940993277722294
  0.01021962783615457  0.01115054483227233  0.01224701084607259  0.01377107460673287
  0.01577134764121906  0.01830138703784568  0.02147242824875171  0.02567977595031233
  0.03288374018776407  0.05314472301230761  0.57241232309774903  1.00000000000000000
 -0.00242150893169385  0.00972153719920951  0.01994141290958426  0.03039382036980088
  0.04094502210663051  0.05123485130787183  0.06168843765721540  0.07213753770213287
  0.08241539817580640  0.09266114385903997  0.10289330862137706  0.11339554673921984
  0.12383581842158033  0.13431225189596863  0.14472829572255683  0.15543363314842948
  0.16632526515252730  0.17727280390061531  0.18814083945421572  0.19912260548689945
  0.21017307269102165  0.22083358373705486  0.23133261889766549  0.24171181325238536
  0.25210204605750908  0.26252981543487747  0.27293983647229880  0.28339161301575100
  0.29386358714453015  0.30445834714257242  0.31506091644572398  0.32562658773584952
  0.33614041229245617  0.34671416142286465  0.35729132071403807  0.36798896704236422
  0.37860921479736326  0.38913658623848879  0.39963416685041159  0.41030613820913941
  0.42103449371796170  0.43185741969801555  0.44236949219942112  0.45278834590433720
  0.46322854306510414  0.47371034172501908  0.48414740654891625  0.49454527964035816
  0.50495269622350092  0.51547363533600576  0.52597774045353085  0.53641285211790324
  0.54665205284610319  0.55675311332827848  0.56729754997202586  0.57799558081155544
  0.58857270378892035  0.59893534438766527  0.60974983289694817  0.62076670620353469
  0.63165223213196808  0.64233033830960440  0.65300891511724035  0.66361480329455702
  0.67421525386057435  0.68478296021223128  0.69553188945829980  0.70611761756162172
  0.71681446838499496  0.72751185034788302  0.73816263244662939  0.74873419578926925
  0.75928152198286958  0.77002845871763859  0.78062060022279800  0.79122010870918924
  0.80165276491262838  0.81202322345198641  0.82242525064560301  0.83284021172036349
  0.84339237497181385  0.85404154345832617  0.86485653204159474  0.87574783749236695
  0.88645860933762333  0.89705419197561920  0.90751516572503577  0.91789105227882872
  0.92807355562466598  0.93841379464263441  0.94880509806587388  0.95913962913089834
  0.96938877199136197  0.97942798949459631  0.98979483603018570  1.00000000000000000
 -0.00248771592298667  0.00920158772170612  0.01926885015294543  0.02960413018586298
  0.04006705219455013  0.05034192523067205  0.06065914454249136  0.07093763455168553
  0.08120481430702009  0.09158985273322791  0.10200429994950387  0.11261953184202353
  0.12312880243967193  0.13345631364201330  0.14374621213703781  0.15421838526235690
  0.16471074368703448  0.17503101869368079  0.18540441600621332  0.19599313127970061
  0.20693732464307171  0.21768336994881410  0.22829789938930387  0.23875074950004882
  0.24934923742058918  0.25989889402800836  0.27040210780366136  0.28079664823543976
  0.29113682267811664  0.30155561927586433  0.31188403107514440  0.32249417666698804
  0.33310034379753511  0.34375286947189970  0.35432288765481795  0.36504186103907216
  0.37558374402399725  0.38602349054598134  0.39646694577476688  0.40708237138357706
  0.41758200541203916  0.42813003014017781  0.43866012752792793  0.44934188837697286
  0.45996885469993753  0.47092677810709171  0.48184552193939123  0.49259985430851405
  0.50315034007709847  0.51357081847972541  0.52394323044192737  0.53427871267005889
  0.54456255909851792  0.55537194716129235  0.56612958088094389  0.57709151099490386
  0.58791099599488272  0.59871597298962742  0.60937633423499005  0.62015540567993455
  0.63110819676334684  0.64208667052936186  0.65274817508526861  0.66319410908393972
  0.67366294330724563  0.68409130926655048  0.69456877405036266  0.70518519405911440
  0.71594912419495182  0.72678532753763392  0.73724469627746114  0.74756140383075154
  0.75801556847170593  0.76862784912572724  0.77890489782949957  0.78934102600083911
  0.79996723348139420  0.81060047665371571  0.82091950218952581  0.83105019838731253
  0.84133473476347065  0.85199829579813813  0.86260374408240881  0.87297013819794289
  0.88302958611308524  0.89306871116610376  0.90323813316392654  0.91361258147074409
  0.92407612896926061  0.93488136405034927  0.94580783600801210  0.95663016524564182
  0.96741949535525329  0.97800236324862300  0.98905776063862538  1.00000000000000000
 -0.00240972973147802  0.00927416250523052  0.01930627147134424  0.02978394929675786
  0.04024829052363833  0.05088113793504905  0.06165064723163725  0.07246383029486271
  0.08341501254082284  0.09403600321451125  0.10445757296366957  0.11488577160505196
  0.12534944694123581  0.13588191824952983  0.14638917604975438  0.15727126753208720
  0.16819181428516022  0.17931351141868426  0.19026087546948381  0.20106690605823924
  0.21162917772415774  0.22215249902148976  0.23260545657923470  0.24312950554718593
  0.25374707355504694  0.26437433833515966  0.27498715375765204  0.28557436361913985
  0.29624220051993855  0.30687784960432607  0.31741809471315735  0.32789653151557796
  0.33836230099168035  0.34900452679622418  0.35967868715765328  0.37025043619215192
  0.38064182414246356  0.39094230229372873  0.40147020173663739  0.41212917198149446
  0.42270093352992544  0.43303872742609556  0.44346967867129655  0.45386355251540555
  0.46429641700282509  0.47488749404362990  0.48574890433898188  0.49688080191146078
  0.50740256976221665  0.51779670210209772  0.52819488695582228  0.53872663208863469
  0.54939273582351045  0.56011813761139462  0.57074340297123483  0.58145666376098315
  0.59201024144427705  0.60264180125026801  0.61312890869310099  0.62361022730024629
  0.63400858599642906  0.64438116179979987  0.65467312197325001  0.66498764455415582
  0.67510252139592730  0.68522186865401957  0.69566445219904949  0.70596824420389204
  0.71659930748105971  0.72713439140765268  0.73769589826422854  0.74819629310990654
  0.75865175702531029  0.76913784515867667  0.77926781600731609  0.78942463283368636
  0.80005604802072317  0.81064464220299348  0.82134010284034542  0.83198143963716864
  0.84263483223423419  0.85339215068868712  0.86406073064036304  0.87486666878237118
  0.88549238470022029  0.89607564395116657  0.90650840739393124  0.91694490135404794
  0.92734602109712627  0.93772522349313181  0.94807150694816300  0.95840100035636022
  0.96878597432046987  0.97922584525248257  0.98956960825689189  1.00000000000000000
 -0.00376075267785305  0.05010630096424575  0.07204238646100582  0.08746760067035586
  0.10116920357887173  0.11384071709366612  0.12571631394208996  0.13714445443130310
  0.14806139196043439  0.15856467554010600  0.16874465941573932  0.17872217472569760
  0.18854520502342270  0.19803577024555563  0.20725540822449121  0.21618133606132212
  0.22494144754900167  0.23351277488387023  0.24192297631436657  0.25023893040311979
  0.25843624443490781  0.26660087872400567  0.27452734438221760  0.28230386058868839
  0.29000225071055624  0.29758908041536869  0.30505829726791361  0.31243963281398818
  0.31980665304033151  0.32716803549990187  0.33450237816372858  0.34184582085853582
  0.34920636661365922  0.35654767455450675  0.36388234098824063  0.37116825272989357
  0.37832369988067294  0.38551975538662153  0.39260238140504694  0.39970312161103361
  0.40684046798424939  0.41395949749549854  0.42103345651870039  0.42806737886507090
  0.43506620526333367  0.44199548462832988  0.44885107692525317  0.45567138468819307
  0.46259121830072086  0.46961579716315083  0.47667376762445529  0.48381698867401940
  0.49104653672593512  0.49828999534869506  0.50563069067652400  0.51296904452625358
  0.52027233901097147  0.52766226840577013  0.53508137050221716  0.54251121764687138
  0.55005429297164010  0.55743454891621480  0.56493283235018366  0.57254506843374919
  0.58035231444631596  0.58829382748352954  0.59632358705632393  0.60430445660233645
  0.61223908042519304  0.62024981884486363  0.62834675684005437  0.63655741787038567
  0.64474245931869567  0.65292507994884863  0.66117486107783963  0.66951796608802150
  0.67808094757270421  0.68674185134781363  0.69578612575841203  0.70509434173426999
  0.71473111956117741  0.72463557994295535  0.73489347925276449  0.74553108302154703
  0.75650482618733605  0.76782507604897599  0.77945209966042506  0.79142507536019591
  0.80412589804256585  0.81796504579300466  0.83316883215876569  0.85017366076766976
  0.86962015123729852  0.89354390768625069  0.92699012114819868  1.00000000000000000
 -0.02050071156010186  0.12208172750444134  0.15996595170595279  0.18269034462794381
  0.20051045305879139  0.21544822983694800  0.22867600161402540  0.24060488572451394
  0.25157407509730850  0.26146756383680536  0.27090177956735362  0.27961133024925566
  0.28813414555766537  0.29622630442025244  0.30408677434541082  0.31169585340011052
  0.31897492864794202  0.32605316455521755  0.33301231067333104  0.33975641167629933
  0.34636732105894430  0.35284016917764766  0.35915774653992322  0.36530088528062127
  0.37138694368340380  0.37733331327541042  0.38320755889803942  0.38903795630655230
  0.39478329502634457  0.40046110049918371  0.40611622589960911  0.41175572151540629
  0.41734959515869346  0.42284152267092612  0.42827832344975503  0.43370960031459277
  0.43908425064112167  0.44436858446162220  0.44963227244691456  0.45488838737099996
  0.46012929459307245  0.46534582684849357  0.47056410079278765  0.47580761077896100
  0.48108008148715042  0.48640623467204730  0.49172016044673289  0.49703034683494957
  0.50227936508581861  0.50752274632023275  0.51271115793170274  0.51792642150980817
  0.52319208869577005  0.52850263511376461  0.53385809584114263  0.53920950708992710
  0.54453304381670009  0.54989115325591964  0.55527097342033482  0.56068829650017205
  0.56614013500497040  0.57159103158864477  0.57704706026104824  0.58254791241381454
  0.58815438650754737  0.59382887420633412  0.59954568559575794  0.60530878663043353
  0.61110931421600312  0.61693439664490313  0.62281815359036907  0.62880516663753838
  0.63488196289439869  0.64102026513186283  0.64718908636141870  0.65345670797485178
  0.65990577528530037  0.66662290978368466  0.67370235865552208  0.68087691526606053
  0.68808001032146471  0.69566745991039414  0.70350025755486378  0.71171971497061437
  0.72024532067017566  0.72887908314232341  0.73824057182582914  0.74811244546166300
  0.75916140547640021  0.77117888697510073  0.78456193214060066  0.79962201607873307
  0.81731086781776296  0.84009420625260878  0.87842568301697499  1.00000000000000000
  5.25968880860647524E-007  -1.0000000000000000     
 F F T T F F T T F F T T F F T T F F F F F F F F F F F F F F F F
  <DiscreteSampler_grid>
  grouped_processes
  1 # 1 for a reference and 2 for a running grid.
  10 # Attribute 'min_bin_probing_points' of the grid.
  1 # Attribute 'grid_mode' of the grid. 1=='default',2=='initialization'
  0.0000000000000000 # Attribute 'small_contrib_threshold' of the grid.
  0.5000000000000000 # Attribute 'damping_power' of the grid.
 # binID   n_entries weight   weight_sqr   abs_weight
    10   10   2.693813173632709E+005   2.526065038211934E+011   2.693813173632709E+005
  </DiscreteSampler_grid>
