  0.00940078827014644  0.01623053713535685  0.02512924323330981  0.03597675661398045
  0.04635197208304406  0.05676824714185753  0.06720519787668212  0.07767790448884823
  0.08816410416641202  0.09855640234184071  0.10888944388212748  0.11916470108557775
  0.12946101346004973  0.13977185191766073  0.15008999321613464  0.16051329073948006
  0.17095267530264127  0.18144238957544628  0.19190451413169035  0.20239918304780516
  0.21285360889517665  0.22330623937666111  0.23372906263764356  0.24417471003628546
  0.25460802728267423  0.26504213555092226  0.27543662495992616  0.28582258267408284
  0.29618297006067790  0.30664279069323447  0.31712379311248906  0.32758576897647673
  0.33795348236293682  0.34832414614698731  0.35872082090595325  0.36911081437338195
  0.37944389859254091  0.38972898817107454  0.40006033840475091  0.41039299955350594
  0.42073083257875571  0.43105142142389269  0.44137440804778455  0.45174640773382552
  0.46213565873143653  0.47257341540799241  0.48300642172152197  0.49341185852646491
  0.50376156219448609  0.51409612400100368  0.52444916324888247  0.53482534074082810
  0.54519252402166318  0.55554023874958924  0.56586260588900605  0.57619278461230727
  0.58655063661120355  0.59693078235743302  0.60730388804980684  0.61763925423947452
  0.62796131580865289  0.63828178319079532  0.64863161788095458  0.65897876056079741
  0.66928734163640669  0.67959275897273586  0.68992710236454546  0.70034211730534679
  0.71075287919188457  0.72109657159380036  0.73141749193074346  0.74174362605293609
  0.75215783604708142  0.76262006748253475  0.77309538810920353  0.78354608219380351
  0.79395191436736179  0.80435106915297683  0.81472807147979021  0.82503056924533980
  0.83528374246046189  0.84555460098922064  0.85586842334321944  0.86620471873757809
  0.87656228743981679  0.88696630077123351  0.89739131324182098  0.90776275483820645
  0.91807405016994814  0.92837811507768297  0.93869513955701323  0.94908893106942427
  0.95951495767182471  0.96997615227582312  0.98040671949604641  1.00000000000000000
  0.00957616861902402  0.01566077511521990  0.02490318200533588  0.03571668204795729
  0.04611016186925291  0.05653531995399946  0.06698437265577335  0.07742574685148451
  0.08787923653610837  0.09831373651193925  0.10873350650895480  0.11911642556313710
  0.12947753732192341  0.13981797363284793  0.15013020700782384  0.16042898577382655
  0.17072552797833435  0.18101980707148443  0.19131607019482352  0.20162921108175377
  0.21196881274438573  0.22235433028147947  0.23273129257115938  0.24316061643138459
  0.25355924589230316  0.26394891029073031  0.27428090058227700  0.28461373512907906
  0.29496897733425986  0.30533671685228858  0.31568924561910555  0.32607109747800683
  0.33646709313809459  0.34690174167146542  0.35728356369337522  0.36771274204289223
  0.37811523826916510  0.38855614078357170  0.39895148824119886  0.40933723560596386
  0.41969956979178313  0.43005731177376672  0.44039577027938165  0.45075890194479368
  0.46113541130631203  0.47158835663726917  0.48204628874094413  0.49248355870487098
  0.50286182617324504  0.51321715267791312  0.52359477580103386  0.53401092374976245
  0.54440548795557842  0.55477160013645976  0.56513237335866218  0.57553384034698607
  0.58593582751467477  0.59633794716986910  0.60672759060622039  0.61712528445036352
  0.62753248826888253  0.63790738585826634  0.64822314978357376  0.65846390863494919
  0.66871807809136141  0.67905646908255923  0.68945384013116506  0.69986559284593486
  0.71026761627319368  0.72067152797181588  0.73106332358485793  0.74144209860674681
  0.75181767650366083  0.76223820739534331  0.77267605049178290  0.78309136879010477
  0.79347804924858079  0.80384597374993383  0.81423885190414613  0.82465099889057292
  0.83508812184437609  0.84548006502098538  0.85586066582798326  0.86621633928018527
  0.87660556493066699  0.88699242629284192  0.89743381421750279  0.90785028901315834
  0.91825750941138418  0.92862187548418595  0.93902328042159111  0.94946486835291311
  0.95990831827465894  0.97029152218400916  0.98061570622347249  1.00000000000000000
  0.00958580954036401  0.01563088365224453  0.02484381687607409  0.03561120379568257
  0.04600238750351943  0.05645202917157357  0.06684749116643582  0.07718000168695667
  0.08752920871221728  0.09792955664924687  0.10837725784942007  0.11882902460600447
  0.12928308379785669  0.13972931295483490  0.15017334762766146  0.16062266885025733
  0.17103194076023490  0.18143760090118108  0.19173131839490090  0.20205900097508453
  0.21239769782710433  0.22286882585826159  0.23331216213191527  0.24372288918179585
  0.25412340836329844  0.26449814396560067  0.27489748129018776  0.28526650729702813
  0.29566234159241234  0.30606012813631456  0.31645475922754912  0.32683630593780488
  0.33722512466122612  0.34762605736647156  0.35803431624110649  0.36846866780491816
  0.37886284252178287  0.38925213445761858  0.39959590734551820  0.40994750347368614
  0.42031240262308778  0.43066308754107635  0.44101460634054995  0.45135404343030788
  0.46169789401367362  0.47208518316534270  0.48249116971280709  0.49288019199476135
  0.50322595330491959  0.51355615947240596  0.52393061148365516  0.53435082397212119
  0.54481348953837605  0.55526505838265539  0.56567508448837356  0.57604008670187457
  0.58640971302562273  0.59682641096071887  0.60725442551196707  0.61762217969524014
  0.62792564270438500  0.63823900178608750  0.64859794981300645  0.65901157988563930
  0.66943133696299284  0.67984586344467612  0.69023165929232477  0.70060947505029658
  0.71098636987084263  0.72137720836710106  0.73176445001184798  0.74215898861224194
  0.75255246750114946  0.76292541739867525  0.77329741357428661  0.78363896040674252
  0.79397216630332856  0.80428945719274514  0.81461210129407047  0.82500285626190584
  0.83543272327604368  0.84592252836513415  0.85642268414732226  0.86690363361442180
  0.87735647069799449  0.88773870518204501  0.89809323397025775  0.90844844601197439
  0.91881553889829215  0.92916862198908201  0.93949940870604731  0.94979173593257338
  0.96010940972567205  0.97037082228235649  0.98064913389633201  1.00000000000000000
  0.00956188116761925  0.01556757256146423  0.02478771916281577  0.03552434148549779
  0.04586252092867596  0.05625808630993443  0.06666262491924602  0.07708287469537944
  0.08747822402100568  0.09786799229157135  0.10818872808890875  0.11849984848268806
  0.12881959000488444  0.13914331177792394  0.14945573905433115  0.15982225880639836
  0.17020312007232738  0.18059580637469788  0.19090360845241788  0.20122954554733591
  0.21154935177851106  0.22190502168366297  0.23223145507445284  0.24259442008048668
  0.25299654152823065  0.26335788302024299  0.27372239316022567  0.28405080131178417
  0.29441987320748586  0.30472016737991642  0.31498612963189798  0.32526508606329330
  0.33560364387087371  0.34599172003286738  0.35638501949179974  0.36680302906629741
  0.37720610914453712  0.38761409081272735  0.39803706887250423  0.40848104621325526
  0.41894007091293473  0.42940131565362222  0.43984756486770743  0.45029407890120504
  0.46073432164100336  0.47117626786667044  0.48160361647533434  0.49198630403406451
  0.50233729139245764  0.51269133729763705  0.52306694883360993  0.53345878247903733
  0.54386303074215792  0.55428096386311965  0.56472566737972318  0.57515140945610066
  0.58555324816560594  0.59595383754639752  0.60636361091228330  0.61678372803422765
  0.62722982665901372  0.63770826162337935  0.64818042165006240  0.65864129083591738
  0.66907960773514241  0.67949001099690665  0.68986624145966902  0.70021184692536420
  0.71056518453810313  0.72091780219265256  0.73129391821969203  0.74168626790904213
  0.75206133530738684  0.76241590510240531  0.77275583104018453  0.78313342117411733
  0.79353359044806737  0.80397159587810985  0.81440900960960105  0.82484193376954806
  0.83524925662226579  0.84563799668186179  0.85602678624917183  0.86640408188885798
  0.87680471959750994  0.88716700137705284  0.89752416722191231  0.90788239324023201
  0.91825138213692514  0.92862204292759531  0.93896802206357277  0.94936499670403274
  0.95977058669786097  0.97015337297894499  0.98050692926020244  1.00000000000000000
 -0.00243738701186552  0.00958772954997230  0.01972530842209400  0.03019318190458152
  0.04070323016149176  0.05118048943741490  0.06168661756559686  0.07218952184915589
  0.08272886803098366  0.09327502014021932  0.10382385070388123  0.11441200571857760
  0.12499287563439425  0.13561371504970465  0.14620661105653995  0.15681484291658171
  0.16739807466896298  0.17804800833310314  0.18863147906076139  0.19915571004418978
  0.20961951919647601  0.22012631112239639  0.23065435595163050  0.24116129466777028
  0.25169714219959893  0.26222736692304599  0.27273853157194000  0.28324621741481260
  0.29374091284914455  0.30431456335842522  0.31483401409595829  0.32536093608340705
  0.33582945200691022  0.34642457519061898  0.35699200934301162  0.36763276593435801
  0.37815345455687266  0.38868260356137696  0.39916260790258118  0.40969311308866097
  0.42026076381312666  0.43082484230282247  0.44133794876373494  0.45185540606867708
  0.46236260935516882  0.47288932683723067  0.48346370259186094  0.49408636072960682
  0.50462683623237881  0.51509179638529512  0.52555279256724718  0.53611468363232717
  0.54672132517934779  0.55725666425719989  0.56777973332304654  0.57829321737703976
  0.58884386253646048  0.59938154253968168  0.60986838831832446  0.62035122889998218
  0.63081747608326022  0.64138297708918601  0.65194699196201733  0.66254876695247100
  0.67308029497310595  0.68360809333923045  0.69412424810740114  0.70470911449413498
  0.71529694503101582  0.72591781537358280  0.73649929838361405  0.74710874558817186
  0.75770315485774387  0.76826617595129154  0.77883302670895171  0.78937095086505193
  0.79991865892111003  0.81040113601886765  0.82094612076094864  0.83156890999971733
  0.84223452244327390  0.85281012507681120  0.86339641973697334  0.87400673332915457
  0.88465418764978998  0.89518366052736709  0.90572277109524846  0.91622220421063016
  0.92667699711175344  0.93706397366959571  0.94749301013181630  0.95797625341980785
  0.96850554738512162  0.97898518458510453  0.98950025782288020  1.00000000000000000
 -0.00254622870023258  0.00948130721531072  0.01971685870575614  0.03023589971693059
  0.04088985753845747  0.05150245388641572  0.06214803549635808  0.07277466807987810
  0.08338821470558887  0.09402721582192071  0.10459886882633611  0.11515127228158369
  0.12564207869824970  0.13612498506601634  0.14661752566154257  0.15715695274229022
  0.16772858617924408  0.17830239975590059  0.18879389543098166  0.19925821268043917
  0.20970694987395852  0.22024807613291680  0.23079223403813165  0.24137937150422195
  0.25187759033329316  0.26234805449999832  0.27274296670823645  0.28318117965159811
  0.29370330059411193  0.30429450595835067  0.31486902954433454  0.32541099695175540
  0.33592238347075382  0.34651131680648706  0.35709915559599231  0.36776201432032518
  0.37836463615739241  0.38896381368178856  0.39946330322120677  0.40994604544111712
  0.42036620028051008  0.43085367417008713  0.44137073177395786  0.45190312880255024
  0.46237283551261249  0.47287505838516936  0.48338007907024860  0.49397657739789302
  0.50457333957607953  0.51522078560104589  0.52586298790988562  0.53644893297088014
  0.54702011016555885  0.55753316493998173  0.56813774387331906  0.57872921936835864
  0.58933131348393941  0.59988756837848711  0.61049237232568487  0.62109394912891169
  0.63169072195456755  0.64223551504563225  0.65279938236049717  0.66332628558973761
  0.67387898788017386  0.68440905020032772  0.69494281887550280  0.70543261697356840
  0.71589017467056892  0.72634308469748943  0.73686493948871101  0.74744735658941441
  0.75803096765541467  0.76855244449132676  0.77909273092950082  0.78969427687342419
  0.80026053940596265  0.81080060001508047  0.82132035321228347  0.83182516035704757
  0.84227620829584915  0.85266761675490932  0.86313715842195271  0.87368357169585298
  0.88428275989193372  0.89488165365351935  0.90542370166146957  0.91592890220684819
  0.92643918700045524  0.93692364990159371  0.94746021369124411  0.95800241458369928
  0.96858210023090840  0.97907069165884775  0.98954019436440765  1.00000000000000000
 -0.00231412587974634  0.00959189765408653  0.01980718623035700  0.03043464044705347
  0.04107262509882006  0.05163351873581127  0.06217872590563581  0.07275982939803929
  0.08336018897493899  0.09392135684570987  0.10449082255134302  0.11506697116642804
  0.12566598605696241  0.13629141073777939  0.14694733185118686  0.15763386373228641
  0.16817989977691455  0.17870872919979683  0.18920504148411774  0.19980211934000980
  0.21033695759886212  0.22084523972764075  0.23132268108270418  0.24180748436197824
  0.25228980570704668  0.26275619030565184  0.27330276928481712  0.28380274511061837
  0.29432989152748223  0.30486014956089175  0.31542678252152123  0.32597054364925560
  0.33648354429702171  0.34700063846578233  0.35754868523320538  0.36813020123585999
  0.37868662379857948  0.38926592896157780  0.39993585277364813  0.41060633217824488
  0.42123103354466368  0.43173692718171491  0.44228301726217084  0.45283207072241100
  0.46331965927860258  0.47378781281311189  0.48420083848272605  0.49463818280196670
  0.50504248182400302  0.51545208370863482  0.52592970171737607  0.53644801974129730
  0.54700594874866704  0.55751608138331321  0.56798167579085368  0.57848343662190016
  0.58903367114119687  0.59965306880935021  0.61021062299798512  0.62068181061933647
  0.63111804180452824  0.64159836726160568  0.65212614151909998  0.66267454549285765
  0.67320765935443960  0.68375161098678150  0.69430638201921058  0.70483344814712812
  0.71533639045648800  0.72585782413216582  0.73642572204660373  0.74703599811919286
  0.75763646222909697  0.76819983229145450  0.77875195720056256  0.78930504908560117
  0.79982765883243923  0.81036183379865856  0.82084684038530387  0.83138691425982902
  0.84186379233745923  0.85237807250499975  0.86285463056205414  0.87342905613623589
  0.88402156598961379  0.89459449993538365  0.90511667070512325  0.91559123131652664
  0.92613164232179401  0.93662709139832567  0.94718967691618117  0.95773042063224134
  0.96829881140456842  0.97884077117565371  0.98941484780526034  1.00000000000000000
 -0.00249193754824260  0.00952339311043323  0.01967107636500571  0.03020936806904649
  0.04078899811822381  0.05137472994184809  0.06197821252616445  0.07251201586755200
  0.08308125026429490  0.09363028011575859  0.10415148331979125  0.11467986451291481
  0.12515423212836060  0.13568057699396494  0.14622940090776190  0.15678357873209572
  0.16739824527311187  0.17796857332053023  0.18854859499339024  0.19905878505685271
  0.20958228290124598  0.22015013497741964  0.23074306288992541  0.24132412776117332
  0.25189565743269177  0.26246007652591091  0.27303481982977335  0.28350363194081651
  0.29397144297512173  0.30441874302778948  0.31496458692313789  0.32552570585618745
  0.33613576780992133  0.34673336008938904  0.35726747534332109  0.36774930170754017
  0.37822605347811211  0.38876290885465126  0.39928051951207211  0.40983690817219104
  0.42037368071328346  0.43096900747568195  0.44157834664217605  0.45219848124223422
  0.46281013387819242  0.47335752386175056  0.48387700509201076  0.49432311613136248
  0.50477692050258216  0.51524087875218860  0.52580426645751632  0.53641598324691642
  0.54706207259426975  0.55766347587618470  0.56819745569680435  0.57871053184030674
  0.58924397877252677  0.59985343132362701  0.61040860159821730  0.62092303901844736
  0.63134260448209512  0.64184467559349911  0.65236500491210381  0.66298232594622974
  0.67355570932102438  0.68411791493700880  0.69468642940232039  0.70524188613989602
  0.71577532811660805  0.72628287318687146  0.73679318914714054  0.74732893026673552
  0.75782233424037393  0.76835758062386950  0.77886571555119666  0.78940326670821148
  0.79993512815308732  0.81048609557873230  0.82099367061137085  0.83147653906041863
  0.84203828938093150  0.85265942777929093  0.86326094278048549  0.87379130469131827
  0.88432588838331483  0.89483163053212489  0.90536784217365451  0.91588228303337094
  0.92646915915445183  0.93703675750090032  0.94757247884499196  0.95809014464670839
  0.96856529134816038  0.97900221928358333  0.98949306275730686  1.00000000000000000
 -0.00248768981812650  0.00952485144691721  0.01971356704065159  0.03025234854883605
  0.04079306274666310  0.05130584896397698  0.06177090783898122  0.07221390301341772
  0.08263335140705219  0.09319634542376443  0.10381793820859969  0.11443483959953525
  0.12498741472406660  0.13550120855154268  0.14601727719312949  0.15655092983561048
  0.16710897794599794  0.17763190606104645  0.18811755470241073  0.19857639885937622
  0.20904026892472011  0.21953496275025702  0.22999526676004242  0.24050635662942266
  0.25095390116251326  0.26148844463849469  0.27198632922325600  0.28256116507951423
  0.29315717835129523  0.30375900314012461  0.31433904641880916  0.32488296072942380
  0.33545805014476121  0.34604376303106649  0.35661203474225439  0.36714970492163973
  0.37767110704694906  0.38822303529021956  0.39879386696440194  0.40930707959680612
  0.41984681499290410  0.43036313738437920  0.44088690261993707  0.45139314319815682
  0.46195015624555441  0.47255323293497081  0.48313548714742188  0.49370832035842893
  0.50428791621897651  0.51489932298718388  0.52550492280960692  0.53607328393420262
  0.54664070713504220  0.55722691901760135  0.56782211877551814  0.57843581518791798
  0.58897505054213906  0.59951723337204155  0.60999643622471689  0.62056168202684925
  0.63112545880459914  0.64169673551258732  0.65228230313442126  0.66281139403545875
  0.67333087146613646  0.68381636891657493  0.69442177075155576  0.70503665148127070
  0.71566108571773479  0.72623404476423603  0.73680475624853758  0.74734609492678761
  0.75789698318926013  0.76846601960022087  0.77900136539311582  0.78948376252470598
  0.79997047782429198  0.81048930960810905  0.82098956005665602  0.83146218568987629
  0.84189868687488845  0.85240179809956129  0.86288321655476230  0.87343052308239710
  0.88399054407275790  0.89453713634256660  0.90500973247044392  0.91546638069835073
  0.92597295877701113  0.93652078785023496  0.94704983217056748  0.95761272607048908
  0.96823612052956587  0.97888031313484192  0.98945607594992513  1.00000000000000000
 -0.00248890564044449  0.00962403067459100  0.01987210935697755  0.03047912343363445
  0.04107602859107487  0.05163849127184893  0.06219474513614515  0.07280721438698586
  0.08340568563250160  0.09395930949306307  0.10451382194879719  0.11503941847272824
  0.12562318011739035  0.13621988598015825  0.14676960078481824  0.15721261226117073
  0.16764518169802686  0.17816446156731858  0.18870256326558188  0.19923945852969005
  0.20969639531875628  0.22018423610892771  0.23068018205304294  0.24123533067769576
  0.25182473542085210  0.26233945627116267  0.27285878554843640  0.28330258185341617
  0.29380695695711784  0.30427449207134011  0.31479669567565222  0.32535827496256331
  0.33598520855655045  0.34658763021622208  0.35717358183001918  0.36770659407655992
  0.37825121692092861  0.38874408389665926  0.39928160286178110  0.40984294966581508
  0.42039072773152913  0.43091149158468656  0.44139815768138918  0.45183070410276771
  0.46224651367475217  0.47268951851623636  0.48325889758754426  0.49381568559101435
  0.50437517422609102  0.51482630060155210  0.52532972026432900  0.53583525954239064
  0.54648864514584150  0.55712135205630520  0.56774661354977640  0.57831578576969378
  0.58886806039689732  0.59944432149944349  0.60998641541847154  0.62052882766260331
  0.63102294265576819  0.64151942595841205  0.65195757204583371  0.66238686725516516
  0.67288965754407548  0.68340433072667495  0.69396826129264888  0.70443335518942718
  0.71498494317429484  0.72556528499420558  0.73622968340382711  0.74686686149429948
  0.75741840805137917  0.76791605150599440  0.77839044173360949  0.78885560317602466
  0.79934326027782199  0.80990760915076088  0.82047857938481716  0.83103624857462877
  0.84156338613200687  0.85215881513431557  0.86275581517607736  0.87332416574208793
  0.88394251821347269  0.89447634833938450  0.90499715625238675  0.91542898983489540
  0.92599139716900358  0.93661705402396234  0.94724454054899643  0.95783267892470969
  0.96833534516085151  0.97890150532494014  0.98943923323549854  1.00000000000000000
 -0.00240301415037986  0.00966328792245234  0.01984975563106437  0.03037863914024617
  0.04087959265897936  0.05139888679724301  0.06192414584571958  0.07249735304392756
  0.08306031456754526  0.09362474270535119  0.10420577314068576  0.11475272090505401
  0.12528894321115971  0.13581612697595957  0.14638642889579667  0.15698791360020059
  0.16754474357148882  0.17811336469719077  0.18865017164688375  0.19918570085769577
  0.20972564893617010  0.22025428740608069  0.23084314630514607  0.24135260972228953
  0.25185777687839345  0.26232970472122025  0.27280612536881538  0.28329230917198039
  0.29379683870246803  0.30434770873234573  0.31498257081314368  0.32563306290654970
  0.33625804619360922  0.34682158174400823  0.35733594932702856  0.36789825357448208
  0.37844580873240352  0.38901776764675328  0.39956395996398719  0.41012536628640212
  0.42065836353664859  0.43119721733871624  0.44170556958192231  0.45222726201805402
  0.46277533747378508  0.47338052173358824  0.48398356046009883  0.49454283047856479
  0.50500005940219939  0.51547880682231262  0.52596019502578473  0.53648147898600651
  0.54695078646655138  0.55744080663115514  0.56793762097117084  0.57843741316259245
  0.58894503031618139  0.59944037947226536  0.60999144540113359  0.62046098004829142
  0.63098291916654226  0.64151192067899521  0.65213081528056638  0.66270861808171255
  0.67331106628530168  0.68388272113370407  0.69447735280864442  0.70501789479663213
  0.71554910338501865  0.72606557250354342  0.73662909541895638  0.74718308743887685
  0.75771126245193732  0.76816739474401763  0.77862104523354869  0.78904449814218158
  0.79955970094642337  0.81004016890970953  0.82061424710906772  0.83109895522488197
  0.84168867409656234  0.85218873158966235  0.86275574367785823  0.87328722676663695
  0.88385544403525762  0.89442649511643246  0.90498853796364531  0.91552197503208377
  0.92596386004881825  0.93644736715915422  0.94704598578791666  0.95769033647191137
  0.96831729634411734  0.97891698029869767  0.98947076209863472  1.00000000000000000
 -0.00247574274187378  0.00942798105226271  0.01956008844685341  0.03007398462787359
  0.04060619415156073  0.05110768683383617  0.06157387005502456  0.07211977407529553
  0.08265974354387204  0.09321504049027877  0.10375034874515705  0.11425507772650825
  0.12477211357528159  0.13526599915095955  0.14574140434896224  0.15621340136754677
  0.16669614740083269  0.17725228103810170  0.18782094262666618  0.19837867248561536
  0.20895426028322600  0.21950670446027748  0.23009398204167797  0.24072348674034563
  0.25133413765024537  0.26190243204997055  0.27236341203758674  0.28293997631080192
  0.29346951070292876  0.30409324380935371  0.31461525356343140  0.32522487287884311
  0.33576201021796537  0.34629892308701116  0.35683020836261414  0.36740597723864543
  0.37797890754688168  0.38848749834547713  0.39894902340203392  0.40952613444706865
  0.42007786449152190  0.43065362819663366  0.44113890595040989  0.45169495089127937
  0.46222556066949300  0.47278946684557105  0.48333633316670327  0.49383832730946192
  0.50435787373938945  0.51487412033403523  0.52544670303037477  0.53596898316753561
  0.54651481273017666  0.55705144924159478  0.56765971371673962  0.57826628270849390
  0.58888267547649797  0.59944113088016693  0.60998266945104129  0.62055730627424621
  0.63110351711471979  0.64165838706135037  0.65221088199661381  0.66276786202145110
  0.67335977121484836  0.68394170362875650  0.69454500612782533  0.70505116669633539
  0.71555913120651249  0.72609861817191301  0.73662183497577605  0.74712710846591124
  0.75755009103720550  0.76807340080353126  0.77858150637937573  0.78908288807545945
  0.79961069803025930  0.81013769188478990  0.82075015237317239  0.83129603831850585
  0.84181339620571116  0.85230998246105960  0.86278875303160374  0.87328018649170236
  0.88372458786556840  0.89415362432051204  0.90469766613883917  0.91528420297820767
  0.92592958924768443  0.93653241357331074  0.94715434122824604  0.95777829497146505
  0.96840067429027687  0.97896941979728580  0.98951028745703362  1.00000000000000000
 -0.00230073602918627  0.00972291389626441  0.01999112735039161  0.03054522588439973
  0.04109547295682844  0.05163452682295502  0.06218975157061175  0.07280254229656151
  0.08336275429873964  0.09394570657338407  0.10449773068981913  0.11501085513854385
  0.12553314818065783  0.13603413748294374  0.14655674487784634  0.15713631162524502
  0.16773359600980894  0.17842064225187834  0.18903853771272969  0.19966543389177624
  0.21028703597046244  0.22082355217184407  0.23135643908124187  0.24183150061699146
  0.25230683208009530  0.26284819895653183  0.27340745654596726  0.28396624028216494
  0.29450229425096985  0.30505440456129818  0.31567108151325191  0.32628067598973076
  0.33685399933909488  0.34743563333965566  0.35799042991013891  0.36855103131191558
  0.37910887303867868  0.38964699038371903  0.40021624407725848  0.41079690685962167
  0.42136635937285422  0.43189633810940109  0.44239538064326023  0.45291677966333138
  0.46343112280483112  0.47399085201290975  0.48453768550624166  0.49507278269953564
  0.50557090283986306  0.51606667209557167  0.52657769324324022  0.53710699475818635
  0.54763726809164481  0.55819785853052351  0.56873592874849277  0.57927171615717643
  0.58974727132542959  0.60022433702509215  0.61076156137547510  0.62127830136175277
  0.63177587341903119  0.64229438034020758  0.65286329239931118  0.66341533097399596
  0.67390574918314272  0.68437631803924381  0.69488590760852176  0.70538749285921887
  0.71593114756138942  0.72649205129829530  0.73701697782331177  0.74759251992746867
  0.75815659561059578  0.76875800352253765  0.77934694841520213  0.78993053357922838
  0.80048374084214535  0.81098521829376347  0.82151050664280467  0.83203275652083197
  0.84256318703851296  0.85311248867308387  0.86374364697217831  0.87431540172449895
  0.88481213756278487  0.89521599189442513  0.90566322994855741  0.91619052404393497
  0.92677227505396165  0.93732428858979389  0.94777956617343462  0.95819844058279191
  0.96865939783206312  0.97908846403704941  0.98955324509825726  1.00000000000000000
 -0.00232248508015692  0.00947993287858654  0.01969022684988917  0.03023081914049018
  0.04081904548622489  0.05140801683238633  0.06202667518325775  0.07264239567282488
  0.08322280369340954  0.09379195107185834  0.10430020601692186  0.11480620856505973
  0.12535266599015882  0.13594129719536374  0.14655704105567086  0.15710790813705175
  0.16763101710486228  0.17814698249025340  0.18862488266759542  0.19917186092463471
  0.20967520638222684  0.22024337654867907  0.23074736466030904  0.24123004029279216
  0.25170241747570327  0.26225040978307823  0.27278223681814895  0.28331599525307877
  0.29382938500278660  0.30441305850395811  0.31505476716441683  0.32564966498692999
  0.33624905915924591  0.34682346550453824  0.35741022919697213  0.36794929428696405
  0.37849153465846330  0.38902027621138136  0.39957668213423886  0.41012519160458216
  0.42067439419828040  0.43120075209769593  0.44174786196249716  0.45231383597071501
  0.46285237747287711  0.47338615467517992  0.48392519298111303  0.49451741774910796
  0.50514378725005049  0.51576726881405954  0.52629208510857317  0.53673151486874948
  0.54716736586458636  0.55769604150193031  0.56821314384908028  0.57871244239109010
  0.58923255282784692  0.59976428144802152  0.61033341526611362  0.62086664969488137
  0.63142221549117783  0.64188411945334023  0.65244864600429842  0.66299960968423288
  0.67362520843305007  0.68416961265411835  0.69471090739029961  0.70530419756353402
  0.71588278071806144  0.72651500509912847  0.73708277956293322  0.74762036698131185
  0.75807986372371450  0.76846834231091243  0.77893450008467047  0.78948627023190221
  0.80009721006833956  0.81067871117983559  0.82113332630908875  0.83162526961357919
  0.84206312119065196  0.85251549805081139  0.86294729431280059  0.87341648528606253
  0.88395909943734585  0.89448826369914125  0.90502274218292023  0.91557131581944307
  0.92612956754992204  0.93667427100954070  0.94722166444421974  0.95779860778568926
  0.96833448012442358  0.97889341452092049  0.98943105598872150  1.00000000000000000
   2.0507807882498505E-012  -1.0000000000000000     
 T T T T T T T T T T T T T T T T T T T T T T T T T T T T T T T T T T T T T T T T T T T T T T T T T T T T T T T T T T T T T T T T F F F F F F F F F F F F F F F F F F F F F F F F F F F F F F F F F F F F F F F F F F F F F F F F F F F F F F F F F F F F F F F F
  <DiscreteSampler_grid>
  grouped_processes
  1 # 1 for a reference and 2 for a running grid.
  10 # Attribute 'min_bin_probing_points' of the grid.
  1 # Attribute 'grid_mode' of the grid. 1=='default',2=='initialization'
  0.0000000000000000 # Attribute 'small_contrib_threshold' of the grid.
  0.5000000000000000 # Attribute 'damping_power' of the grid.
 # binID   n_entries weight   weight_sqr   abs_weight
    10   10   2.835433504278853E+031   2.787728919472807E+063   2.835433504278853E+031
  </DiscreteSampler_grid>
