 -0.00266515154668434  0.01047268449367549  0.02101881835887796  0.03155339026291455
  0.04215455318634358  0.05269839353671463  0.06315479469531698  0.07383706707131658
  0.08464156917035506  0.09552932747148463  0.10631397698379769  0.11677487497380477
  0.12714955249161849  0.13739691778862767  0.14747041904460778  0.15746751151941216
  0.16736237749675553  0.17751118324473275  0.18760971914082464  0.19787986860521997
  0.20823027393495966  0.21895705551413808  0.22966945949953549  0.24026322961094623
  0.25076965203765750  0.26128580186803890  0.27198559569822800  0.28260401730583484
  0.29329494329441980  0.30397123645937574  0.31459579086158024  0.32513347629785544
  0.33570523403671765  0.34635266145535987  0.35683798615677220  0.36711435240701334
  0.37741874604615305  0.38791180214517368  0.39832233974519576  0.40866005321360527
  0.41879958905092646  0.42911000599282639  0.43934935690842009  0.44983641038655414
  0.46031175162043381  0.47079097544269743  0.48108211394291361  0.49124500268749416
  0.50134315899434145  0.51144408186577217  0.52156285334725350  0.53196643291087242
  0.54257369874284411  0.55343361191336560  0.56426910159872534  0.57499460255136303
  0.58566100664900467  0.59634968348705897  0.60709136032934674  0.61791454733291884
  0.62872458042868573  0.63946429386634551  0.65013028489968316  0.66071148467912311
  0.67119065776149089  0.68161743642445660  0.69204279206335517  0.70262880744516876
  0.71323723729462296  0.72386102971120758  0.73419759750185487  0.74453325628782996
  0.75485676769661270  0.76512365352403577  0.77540549357503186  0.78582959671787456
  0.79655414201115760  0.80751615766067497  0.81847005875418488  0.82935032412271914
  0.84004278188746462  0.85075711737270565  0.86156871384954925  0.87245850179206630
  0.88356845120782079  0.89464626697373262  0.90550387103514951  0.91630600066658840
  0.92698817621556195  0.93762286752712976  0.94799160602521471  0.95828436656092919
  0.96864286276479883  0.97913651146001812  0.98956971706530295  1.00000000000000000
 -0.01649120241131152  0.09532173739631047  0.12969689512870150  0.15128977444800334
  0.16921952240697305  0.18467558844795579  0.19856430400038186  0.21126390430460587
  0.22305170929719398  0.23408580698109760  0.24447703914665844  0.25435984925812138
  0.26378008010959875  0.27285654377279567  0.28153278170333712  0.28998174491034123
  0.29813742621063349  0.30607812466223033  0.31384221140602775  0.32135902966086716
  0.32876354158909327  0.33597662532492106  0.34303963509895552  0.35001049443282173
  0.35685206527288615  0.36357154344302173  0.37020867692298326  0.37676067997147644
  0.38321873744192564  0.38960716250337163  0.39594248565991885  0.40218389565763107
  0.40837448280210181  0.41453940536823131  0.42062513463754242  0.42666604903879080
  0.43268176176266659  0.43866345080082519  0.44459717669590409  0.45050845043612053
  0.45640104773395668  0.46226545524731216  0.46810728181584954  0.47393777251215419
  0.47975657679657563  0.48556316315969644  0.49136060313620189  0.49715609455861787
  0.50295010334439594  0.50874564598690131  0.51454320962880096  0.52034988133164795
  0.52616851105760654  0.53199847665696098  0.53783971834308542  0.54370404334686750
  0.54959725552075667  0.55550914027268394  0.56144315074933948  0.56742505465392201
  0.57344006380898627  0.57947989776322206  0.58556533719993153  0.59172958120643138
  0.59792058711043694  0.60416492281590939  0.61049940556428961  0.61688629680716189
  0.62334380992330429  0.62989686859532601  0.63653530193243713  0.64325559500925522
  0.65009848959754946  0.65707157899675850  0.66413822842205594  0.67135859051326419
  0.67876627335772977  0.68628484249214461  0.69405112433439287  0.70199254665944921
  0.71015100981436996  0.71860811529323021  0.72729110621398763  0.73638048588466043
  0.74580917070142849  0.75569937808668908  0.76609236480465603  0.77711714424199418
  0.78888273780383922  0.80157727789698463  0.81547138898583149  0.83094317401322393
  0.84888153324344984  0.87038652369682423  0.90470371766655810  1.00000000000000000
   8.8520662214972202E-005  -1.0000000000000000     
 T F F T F F F F
  <DiscreteSampler_grid>
  grouped_processes
  1 # 1 for a reference and 2 for a running grid.
  10 # Attribute 'min_bin_probing_points' of the grid.
  1 # Attribute 'grid_mode' of the grid. 1=='default',2=='initialization'
  0.0000000000000000 # Attribute 'small_contrib_threshold' of the grid.
  0.5000000000000000 # Attribute 'damping_power' of the grid.
 # binID   n_entries weight   weight_sqr   abs_weight
    10   10   4.482794364313949E+006   2.009544531272490E+013   4.482794364313949E+006
  </DiscreteSampler_grid>
