  0.00003109259748572  0.00006348257816202  0.00008797532138703  0.00011497985584784
  0.00014177363759945  0.00016760680012792  0.00019245269175070  0.00021687129905354
  0.00024099115494790  0.00026430444504864  0.00028780407609734  0.00031176736128617
  0.00033602502635727  0.00036058689978880  0.00038554856681343  0.00041082046182656
  0.00043630308272804  0.00046242444617394  0.00048928677090528  0.00051688259866475
  0.00054523510046130  0.00057419400986905  0.00060420260071136  0.00063464214359735
  0.00066582076566642  0.00069791690844403  0.00073103038584276  0.00076492283155498
  0.00079941446082444  0.00083441153417767  0.00086988275502952  0.00090585700667844
  0.00094305193481686  0.00098185893944746  0.00102199646489987  0.00106341684170825
  0.00110561467687199  0.00114876710766592  0.00119321857706831  0.00123892741179801
  0.00128649545084230  0.00133594455007944  0.00138713213282440  0.00144054599811638
  0.00149638733464655  0.00155437482750174  0.00161620044896948  0.00167931274032731
  0.00174435889695579  0.00181209856928488  0.00188268166496879  0.00195655660287948
  0.00203387682461900  0.00211340291921545  0.00219728540674507  0.00228393057295053
  0.00237546731989549  0.00247274249329860  0.00257494285187567  0.00268310342379616
  0.00279508846415457  0.00291488010977771  0.00304351650718760  0.00318022080835987
  0.00332613435361174  0.00347807295206950  0.00363783118109702  0.00381017433014780
  0.00399453018081206  0.00419426681659953  0.00440799286071934  0.00463282631207585
  0.00487262258642612  0.00513190790489636  0.00541390496088278  0.00572476938595529
  0.00606386276966310  0.00643815615037493  0.00685216004987951  0.00733395282904212
  0.00787696965383205  0.00848698710127347  0.00916079028624540  0.00989968316098702
  0.01072414491130436  0.01170517421038065  0.01294724180316635  0.01453676940712499
  0.01634527158646809  0.01849717737115945  0.02121468817431465  0.02512874883299532
  0.03106174225944300  0.04265261027298854  0.72821354356130497  1.00000000000000000
 -0.00267426334782265  0.01011889421275499  0.02080473173000748  0.03153360078457081
  0.04225945121095299  0.05312351989122582  0.06416882573919838  0.07536775794644934
  0.08639990094074186  0.09724896429344508  0.10802314804881832  0.11869972255754792
  0.12930365448258424  0.13987393324537659  0.15044636370586545  0.16104052519321840
  0.17145717575419975  0.18175309483105251  0.19190979777430048  0.20204861832366497
  0.21220793748293740  0.22238816362792979  0.23253810717056136  0.24278592565654689
  0.25301880256735587  0.26319079987372973  0.27345861293360862  0.28386737411528190
  0.29437323593492892  0.30487042875730508  0.31541127824243320  0.32584216241940039
  0.33629317593248881  0.34657662677943951  0.35695648456617668  0.36729563919353569
  0.37794957682273478  0.38881578345790258  0.39971156136289382  0.41046389186732091
  0.42124481422467452  0.43213543903192952  0.44301863524055080  0.45390417856163984
  0.46460179543363322  0.47513501895030791  0.48560698664945928  0.49609905748777045
  0.50669404856343869  0.51737031864763494  0.52807170322026564  0.53875921092555934
  0.54943146425951561  0.56007129749334383  0.57056440371307870  0.58097638031715471
  0.59141988448414629  0.60208802915372195  0.61271873649247532  0.62333745791440198
  0.63382161298851858  0.64431295922501697  0.65471042733017537  0.66507017470397511
  0.67535572739391847  0.68567056508800639  0.69591129843352595  0.70615633355512875
  0.71660039346448789  0.72703830156763227  0.73751709075947713  0.74780974930828248
  0.75851074181304801  0.76925856378816848  0.77995909858407197  0.79085858685983079
  0.80121124071469219  0.81153891179993787  0.82165321633095778  0.83200255484046648
  0.84202425449058227  0.85195717796187209  0.86193933633181241  0.87199244050315028
  0.88213950229364269  0.89233674328418622  0.90276290667950831  0.91333010919208502
  0.92395229815237223  0.93494774247403156  0.94588926088222336  0.95671243437453379
  0.96741864429703817  0.97809022259497669  0.98899544065325651  1.00000000000000000
  0.00030458778274753  0.02252463241644544  0.04113470258078043  0.05643123686018885
  0.06998474075703415  0.08259354754078230  0.09469938338797422  0.10636004595869250
  0.11752008101147743  0.12818225864088784  0.13850746872330411  0.14847647102178466
  0.15808385410032311  0.16758672928579441  0.17697104396622532  0.18622350414078520
  0.19531264015538738  0.20429126144996038  0.21313260272926501  0.22186552770114296
  0.23034477870549691  0.23851232140744638  0.24653549584156026  0.25452470449257253
  0.26249724953141013  0.27045035067212614  0.27835803937827081  0.28621658868436572
  0.29405255640665157  0.30189719786271968  0.30969685957285881  0.31735828993769610
  0.32483722972590195  0.33226149693235429  0.33967299198231249  0.34718803943496540
  0.35471202157777804  0.36217173292467542  0.36957229582028517  0.37685608144875288
  0.38405393661421550  0.39126652287283048  0.39843210313473537  0.40550749776491074
  0.41248810298080901  0.41955982564530442  0.42674318505052689  0.43397337546106318
  0.44134916079210368  0.44887827368078370  0.45644453136385515  0.46401718319760488
  0.47167450804181382  0.47932937847893686  0.48684558164230440  0.49417619098554283
  0.50152673481455456  0.50902848166056158  0.51660121242222146  0.52425863400321171
  0.53193801936230956  0.53965153745253003  0.54744790764728879  0.55529713359928945
  0.56325318024374604  0.57127670502497163  0.57928861715774393  0.58726317631505953
  0.59518104562544472  0.60324565107423134  0.61145493823265706  0.61971099732930346
  0.62809054579418078  0.63654264825338558  0.64510165902420136  0.65392334565997901
  0.66290932042156214  0.67219396914394780  0.68176312215748769  0.69155301235192834
  0.70150542655851189  0.71179127037304879  0.72243887296084675  0.73335519321962239
  0.74449194450891010  0.75591445174722149  0.76771051216072184  0.78022932368955211
  0.79365770437427263  0.80822930424165074  0.82429031814265852  0.84215461686067827
  0.86246112127642305  0.88743062417608587  0.92288983039023631  1.00000000000000000
 -0.02015139859285804  0.12204759001598230  0.16038519982148974  0.18300888856917413
  0.20073303520816460  0.21571927620118783  0.22888608538965147  0.24088256695734761
  0.25196465895068126  0.26188202839670338  0.27144973584184373  0.28031468948110716
  0.28892393314200382  0.29690213931086529  0.30457872350939968  0.31212456147180112
  0.31937971092984646  0.32647134650395410  0.33334033594204576  0.33986387943988683
  0.34622230951596211  0.35247965313668195  0.35860505772104223  0.36467786396521140
  0.37072924692770481  0.37675576609804584  0.38262533220126832  0.38839631580760298
  0.39412781278802961  0.39985480797293826  0.40557973512116396  0.41123030415050976
  0.41678585139942320  0.42231316672628333  0.42780274677668378  0.43330971798231549
  0.43877304306599529  0.44419468817852414  0.44959593266822706  0.45499760664105882
  0.46038808245463592  0.46577426363496716  0.47116703165463797  0.47654555683667665
  0.48189350246170504  0.48720600317036561  0.49247537651337403  0.49771349698408468
  0.50296503241233681  0.50821168941580031  0.51348812037983171  0.51878014997233501
  0.52405660192776204  0.52937229598715441  0.53474581043998626  0.54014016643081675
  0.54551775076208009  0.55086079799581189  0.55616646756271959  0.56148036303540294
  0.56681965156770842  0.57226120060153030  0.57780030068926580  0.58335085890212057
  0.58887321105440482  0.59436541924019115  0.59987983172188453  0.60550979652682546
  0.61130456577699965  0.61723374132513642  0.62325273542172910  0.62935233875994046
  0.63550471169553047  0.64166820424888205  0.64791301319905503  0.65436072496549924
  0.66089504999049109  0.66754109926945060  0.67433726737504074  0.68126020228781792
  0.68838616995836965  0.69584079058804393  0.70349658384907998  0.71147661820501951
  0.71995303346776807  0.72857273105043996  0.73792214596748185  0.74771474161341711
  0.75855737209387819  0.77029168380059232  0.78341640685619052  0.79841494512005762
  0.81633717350722046  0.83947907458723026  0.87726595029552024  1.00000000000000000
  2.67775667642890121E-005  -1.0000000000000000     
 T T T T T T T T T T T T T T T T F F F F F F F F F F F F F F F F
  <DiscreteSampler_grid>
  grouped_processes
  1 # 1 for a reference and 2 for a running grid.
  10 # Attribute 'min_bin_probing_points' of the grid.
  1 # Attribute 'grid_mode' of the grid. 1=='default',2=='initialization'
  0.0000000000000000 # Attribute 'small_contrib_threshold' of the grid.
  0.5000000000000000 # Attribute 'damping_power' of the grid.
 # binID   n_entries weight   weight_sqr   abs_weight
    10   10   2.327696689586526E+008   1.353204163658279E+017   2.327696689586526E+008
    16   10   2.327696689586526E+008   1.353204163658279E+017   2.327696689586526E+008
  </DiscreteSampler_grid>
