  0.00001452548065644  0.00005079230751243  0.00007500566683174  0.00010282566063623
  0.00013229674159540  0.00016025846810835  0.00018708654184798  0.00021355171223141
  0.00023880082577831  0.00026345634301655  0.00028783833213436  0.00031245451497919
  0.00033749874314676  0.00036202115557343  0.00038646246778428  0.00041156061834842
  0.00043718408649511  0.00046332183555526  0.00049009951102866  0.00051760693793849
  0.00054573031262558  0.00057463765306204  0.00060452312420235  0.00063536133456719
  0.00066695884122053  0.00069898279502657  0.00073154373111215  0.00076487740669982
  0.00079890121993155  0.00083360978276672  0.00086878169592383  0.00090382425609472
  0.00093978446944121  0.00097688136532162  0.00101496395665232  0.00105457697488393
  0.00109556962740548  0.00113803343315699  0.00118279049578943  0.00122883114341998
  0.00127771558277233  0.00132702045131107  0.00137752962621646  0.00142986257894718
  0.00148438225514366  0.00154071097370217  0.00159833356471968  0.00165652455604855
  0.00171965968442896  0.00178501917842833  0.00185520373025278  0.00192662403213641
  0.00200236944974265  0.00208196881842145  0.00216399987698461  0.00225159097760093
  0.00234200869062514  0.00243771470818168  0.00253665609177390  0.00263928472937442
  0.00274618205905200  0.00285704024707405  0.00297358884848958  0.00309715198879427
  0.00322719126292602  0.00336358108093390  0.00350524533710630  0.00365765987269640
  0.00381892741552968  0.00399650983615885  0.00418837990730431  0.00440151210141230
  0.00464012405204660  0.00489868567827642  0.00517554010498991  0.00547024057453407
  0.00578416163713779  0.00612605272146284  0.00651154929340925  0.00694456136809346
  0.00741806575825448  0.00794162470188346  0.00854427119701627  0.00921842667625736
  0.00995290651036297  0.01077645664732140  0.01180423709976848  0.01305167302912885
  0.01460424383423997  0.01650009760130009  0.01870141810964336  0.02162152327772348
  0.02585925995495698  0.03371574987913159  0.73180708088964408  1.00000000000000000
 -0.00257571829783370  0.00974963990113342  0.02005285910941805  0.03069657857576074
  0.04137771664246737  0.05226673240855339  0.06322198364799837  0.07407817560099950
  0.08487323482456606  0.09540589968959313  0.10615972236719917  0.11682096945514933
  0.12746252306755693  0.13800244372064466  0.14880171732843725  0.15961573058983122
  0.17014967263436481  0.18048875914964049  0.19095581510893528  0.20157071762077444
  0.21222002483471350  0.22261768960533998  0.23305346977004673  0.24333081957329017
  0.25366893685241881  0.26404209095290421  0.27457834826559180  0.28525524085607323
  0.29582572169354904  0.30620861729829346  0.31647730209013003  0.32682685156476754
  0.33736800686933904  0.34801556316907611  0.35861603512540641  0.36915716503010543
  0.37949905013349455  0.38952478523907030  0.39968216953406377  0.40997228378369849
  0.42053834150356761  0.43121776450076038  0.44176963502022065  0.45240419975092405
  0.46308733044514500  0.47367038991860633  0.48403624016808389  0.49435442849859296
  0.50490495903163579  0.51572351583455556  0.52630478640827216  0.53698211557791231
  0.54721151134371260  0.55721593494560251  0.56734642000181146  0.57756027670475429
  0.58766324979762397  0.59784434437543776  0.60837685225658267  0.61929916184638090
  0.62982793350978372  0.64007413361635301  0.65054425081525302  0.66103359288010632
  0.67146897603617739  0.68179851634316757  0.69234194436798691  0.70296412601696290
  0.71371705289089460  0.72422694149271361  0.73475129395207439  0.74535049144683430
  0.75596397889158684  0.76659948052126969  0.77734987737535310  0.78814095768230408
  0.79893009442408724  0.80971246487369508  0.82040026954368472  0.83102481554175323
  0.84143920106677283  0.85198816162229318  0.86251196145783249  0.87312648003728921
  0.88377475492078339  0.89436022143698846  0.90472045682250435  0.91510052038931344
  0.92567362803110331  0.93616771500543139  0.94681200951942113  0.95739443124255974
  0.96832434461368055  0.97898474937201441  0.98963076604670874  1.00000000000000000
  0.00044625903118646  0.02244030803515870  0.04072975255889481  0.05599598928550334
  0.06967478936191937  0.08236721876242793  0.09440011534521674  0.10577903119468740
  0.11664506849281657  0.12715796674118357  0.13735625989487918  0.14734207009658540
  0.15696413653133190  0.16653958037270769  0.17595771556516604  0.18526747318327855
  0.19436017437792313  0.20342128632914627  0.21230206743995986  0.22097167993167008
  0.22939847556484858  0.23757764106313314  0.24569127571373117  0.25368702970369922
  0.26155461309596323  0.26940167092389006  0.27722441986979052  0.28495510611741492
  0.29257576902286575  0.30011136564666152  0.30764067433756548  0.31529328599290629
  0.32302720438690163  0.33063391893537558  0.33813497743950816  0.34544157681654558
  0.35283361075680064  0.36023899618943567  0.36763263565144366  0.37490634984397525
  0.38214890429949977  0.38938683923727763  0.39658697602962023  0.40379415849538142
  0.41097526634914050  0.41825807542658350  0.42559743929536381  0.43301112453988860
  0.44050703956462134  0.44799829647303541  0.45543332367140504  0.46280498599170072
  0.47010267188431765  0.47744100237221226  0.48483294348401001  0.49230419627273558
  0.49995665950214857  0.50750195916205987  0.51501247533860162  0.52257904959309898
  0.53012504071702593  0.53770199904874849  0.54526548937175068  0.55286533042282904
  0.56065967641078207  0.56874530645009080  0.57708794182742673  0.58557959882572364
  0.59417128309976119  0.60281063972690119  0.61137248076032569  0.61984621770729631
  0.62840266973267755  0.63720155992625782  0.64613690752547104  0.65513992770106011
  0.66413150770372098  0.67321720076501990  0.68248587084462886  0.69204610214489848
  0.70199405994725483  0.71233430046381441  0.72300661834346980  0.73393875232747374
  0.74511989318645988  0.75696614698012654  0.76941326723348569  0.78226395410759841
  0.79573930394338954  0.81058262004264325  0.82652598136690869  0.84392644179488085
  0.86367781227075424  0.88802431596345699  0.92355626949473169  1.00000000000000000
 -0.02024311650570111  0.12153254465598026  0.15923679142946379  0.18273815391756451
  0.20116832359527603  0.21650055297031570  0.23000768695722615  0.24173622967782593
  0.25248752305674677  0.26221653032115916  0.27156734604248572  0.28015218687607746
  0.28862468438617639  0.29677439827957003  0.30453447069768019  0.31223779367966142
  0.31937403294754763  0.32642465395809467  0.33330451543468570  0.34003661964210585
  0.34664148627183466  0.35314716477992075  0.35947380746898050  0.36568305958743363
  0.37183623870424459  0.37784287299637775  0.38372012752564860  0.38953556836996023
  0.39528105299115873  0.40096573056151152  0.40663510231035471  0.41227184325235600
  0.41785618626181004  0.42342989813489135  0.42896488241363612  0.43445228414008646
  0.43983965625850935  0.44518046832196245  0.45051306112777945  0.45584193334206180
  0.46116149242322979  0.46649837344597134  0.47185335113903354  0.47717495997799630
  0.48242967918577290  0.48765815839584298  0.49292996319119259  0.49819763280857060
  0.50352837427995689  0.50880144466182886  0.51405068683841437  0.51922802622472219
  0.52433975312397774  0.52944874299022715  0.53459250124414237  0.53978286928108032
  0.54500969628620444  0.55023231002200979  0.55548099498889503  0.56077803500913204
  0.56611752999191534  0.57148316568075130  0.57682400156722502  0.58211671030333423
  0.58768436376380806  0.59332342805060023  0.59902829541107683  0.60483419424266316
  0.61072718237573809  0.61664131008338752  0.62256598598736612  0.62858424849189476
  0.63473913716894448  0.64096595975732329  0.64730091659146816  0.65379973012395964
  0.66039376112182846  0.66713217948768777  0.67406571742457000  0.68120650933957128
  0.68850557124723322  0.69626140922527135  0.70408623964812056  0.71231297306286956
  0.72081614128639793  0.72974003663505904  0.73923088987406549  0.74919208014632521
  0.75987825727692959  0.77118948120313768  0.78411665598543390  0.79892631610251497
  0.81701394194746013  0.84019217520594602  0.87868382393232847  1.00000000000000000
  2.65931670566183736E-005  -1.0000000000000000     
 T T T T T T T T T T T T T T T T F F F F F F F F F F F F F F F F
  <DiscreteSampler_grid>
  grouped_processes
  1 # 1 for a reference and 2 for a running grid.
  10 # Attribute 'min_bin_probing_points' of the grid.
  1 # Attribute 'grid_mode' of the grid. 1=='default',2=='initialization'
  0.0000000000000000 # Attribute 'small_contrib_threshold' of the grid.
  0.5000000000000000 # Attribute 'damping_power' of the grid.
 # binID   n_entries weight   weight_sqr   abs_weight
    10   10   2.427916758874297E+008   1.206011401737166E+017   2.427916758874297E+008
    16   10   2.427916758874297E+008   1.206011401737166E+017   2.427916758874297E+008
  </DiscreteSampler_grid>
