  0.00000491976732519  0.00006548385381713  0.00009450450485607  0.00012226951417891
  0.00014937633881757  0.00017604422888875  0.00020201091661014  0.00022628685863550
  0.00024984683039772  0.00027325870574291  0.00029664413319008  0.00032046878708526
  0.00034441122673438  0.00036860607081778  0.00039316591669344  0.00041819486866896
  0.00044380663905270  0.00047005663528230  0.00049761688693639  0.00052576302965892
  0.00055442310466270  0.00058371044949304  0.00061366433703174  0.00064419790855381
  0.00067532324399543  0.00070727447066553  0.00073998783631247  0.00077340645017718
  0.00080720253814535  0.00084175612278616  0.00087721867797792  0.00091336126416601
  0.00095033694966970  0.00098820136398577  0.00102682612026797  0.00106665650916423
  0.00110786104324577  0.00115068379460005  0.00119499914703491  0.00124252719045002
  0.00129178576470616  0.00134343066065846  0.00139616037214122  0.00145034806087735
  0.00150615892125350  0.00156361894643540  0.00162381112995775  0.00168649210962793
  0.00175192434354411  0.00182042515845846  0.00189162855033027  0.00196643559750259
  0.00204538271702888  0.00212717448194234  0.00221221135028957  0.00230082005066051
  0.00239315592911234  0.00249044981075126  0.00259158624359661  0.00269623148098254
  0.00280632048843286  0.00291911749571102  0.00304019920776230  0.00316521132856499
  0.00329964294585018  0.00344348263289574  0.00359577265229191  0.00375943423172868
  0.00393306528871558  0.00411892185847611  0.00432165401846096  0.00453835592352894
  0.00477844170410963  0.00503161123243978  0.00530307474744894  0.00560646000883694
  0.00594222916930047  0.00630970300272511  0.00671333341452614  0.00716229702782643
  0.00766058508666867  0.00821583003930729  0.00884961036073994  0.00958483863630879
  0.01042627225397582  0.01135858613349954  0.01242888169198591  0.01366659649417214
  0.01522121082826500  0.01718217101861068  0.01971548673971279  0.02304387346937419
  0.02801674571217153  0.03697539357029345  0.05229796986395193  1.00000000000000000
 -0.00253172859389817  0.00986261407408947  0.02028933204236815  0.03063400980228030
  0.04119553337711792  0.05145297948128368  0.06187013643236176  0.07223046987444381
  0.08278874282390294  0.09329926941474116  0.10391700740104924  0.11447819692896220
  0.12517022615593107  0.13572649269013434  0.14644803361777980  0.15706399844778904
  0.16760031862795632  0.17819950272135496  0.18882484162983076  0.19967424329179134
  0.21035626278540359  0.22096964080113413  0.23138361171913313  0.24179611905206772
  0.25209739950486554  0.26243808453369627  0.27286335069801976  0.28339184592056543
  0.29396168823371982  0.30454793637111832  0.31540006831709810  0.32624450654767728
  0.33678358671105679  0.34721615398928490  0.35759609686972094  0.36822824638499690
  0.37877555634791554  0.38930892770238812  0.39969442534184746  0.41010958424912780
  0.42046485420727192  0.43079659488675631  0.44132567344376739  0.45193048344013181
  0.46275282668697193  0.47350330312667888  0.48435349615015372  0.49521547605445099
  0.50599190491382373  0.51657663595490899  0.52700468459137662  0.53711497775936734
  0.54734677493605044  0.55769999936568793  0.56846565446549469  0.57940821466864600
  0.59048897277335755  0.60128125462165405  0.61201198156123215  0.62281727007288412
  0.63351885140022957  0.64430336763889506  0.65496049484460139  0.66558273661387735
  0.67602236664650150  0.68629579415591047  0.69648395114674910  0.70668883626464585
  0.71701741011693054  0.72736481660529750  0.73765672325338971  0.74811893048332490
  0.75885135179897290  0.76967698492044812  0.78021334811015597  0.79056286968067835
  0.80093908093001076  0.81129202677140699  0.82158155783294984  0.83192329081663474
  0.84244717534289248  0.85299423827634957  0.86352972871677447  0.87417906736412554
  0.88496693132171844  0.89569997556869096  0.90623386943539919  0.91676772627937964
  0.92725473328394981  0.93766552570647876  0.94795636461281518  0.95838397673710207
  0.96898159428131458  0.97962435022435368  0.98990953972510942  1.00000000000000000
  0.00041896741798483  0.02237659933631884  0.04096079107135599  0.05624466914312209
  0.07006694128144109  0.08296506880164731  0.09501266363276012  0.10638174968450158
  0.11724096352195548  0.12769735322321180  0.13777330511657393  0.14763147842870053
  0.15723316448203822  0.16656227848121055  0.17569669000238700  0.18472298388590577
  0.19380240718546504  0.20289226549939399  0.21176377445711939  0.22039663638209783
  0.22880725298668467  0.23699552832479676  0.24509332745231158  0.25316712975860695
  0.26123634007159541  0.26931782143167449  0.27734989146772421  0.28529994918172108
  0.29313086570910429  0.30080733403067478  0.30838459730535067  0.31586907617657262
  0.32332065940141719  0.33077411305576815  0.33838125183872608  0.34616611736275266
  0.35390816011218196  0.36158473012174075  0.36915306835727818  0.37667592780074849
  0.38414959673366067  0.39152271726282190  0.39876603658780702  0.40592964182636654
  0.41315765988184966  0.42043301876956868  0.42769161475600259  0.43499777330530004
  0.44235849887830481  0.44969284057754588  0.45702927784013508  0.46440356928127285
  0.47177818119435411  0.47929540432330942  0.48680667478673884  0.49450417918123063
  0.50223009430775467  0.51014652098874302  0.51804840934005814  0.52580342298538085
  0.53355758650696217  0.54134132633046073  0.54920375840342939  0.55709823399323999
  0.56504193366206357  0.57304255842849572  0.58109972871658300  0.58924823851480879
  0.59748098634972890  0.60584281710965970  0.61437443952094617  0.62292634714156281
  0.63148538554427158  0.63994420200334434  0.64848132005686721  0.65718776416634228
  0.66617905314911519  0.67546173887314820  0.68492980619815114  0.69464406290265579
  0.70453752256724733  0.71485366616693224  0.72554884899227290  0.73647198516248491
  0.74773079580285262  0.75948200354291773  0.77156579063442032  0.78403002178810444
  0.79720765961827622  0.81157466033056347  0.82730610295551710  0.84464247812671667
  0.86473131260264802  0.88949427456308860  0.92480721236535834  1.00000000000000000
 -0.02086556444327109  0.12174938098555402  0.15961733226358871  0.18244193929698641
  0.20005849412321869  0.21471924725636357  0.22787148978695534  0.23929152252385896
  0.25002537410907427  0.25973463287071591  0.26907332134537965  0.27791335652328164
  0.28639850996786342  0.29467491277074326  0.30249411764561601  0.31025216458080740
  0.31760927220783552  0.32472923873269116  0.33181653147405776  0.33858042874025318
  0.34520760391671812  0.35166495675641635  0.35799407974849312  0.36425511397356669
  0.37042931125400119  0.37661204956374150  0.38272599083782799  0.38877644038002573
  0.39473059893894552  0.40052498110392198  0.40622656472907026  0.41191044859179471
  0.41756407167602605  0.42313190508934501  0.42867093948566776  0.43411455283874550
  0.43949587876770491  0.44482583648101703  0.45014094326697951  0.45544354431233125
  0.46073892136312899  0.46605236944445544  0.47137203461953142  0.47664868441152747
  0.48185638981333379  0.48700820858553523  0.49219091635809392  0.49740007016672499
  0.50253621846576102  0.50770168931793169  0.51288416357104283  0.51810052038053855
  0.52334343407009964  0.52857111187475148  0.53380341285886834  0.53901285618398220
  0.54425776599028286  0.54958159146409014  0.55491693102976458  0.56031701668187239
  0.56581565536220568  0.57140285907197874  0.57697234399628305  0.58245798771106216
  0.58796689563981552  0.59351322766488068  0.59913095348489809  0.60483400316413205
  0.61060154454874549  0.61640969654960087  0.62224425790634830  0.62813663538997111
  0.63411049780452133  0.64013053321649183  0.64630739893242406  0.65285105670736676
  0.65958399267087453  0.66639019176826575  0.67339831003812456  0.68066322201817664
  0.68813087093061176  0.69613033439966876  0.70421562212189270  0.71256513899240892
  0.72117871430768932  0.73009986432748275  0.73957470717680973  0.74948160097094230
  0.76052313676157735  0.77228029195755998  0.78552732030686245  0.80063037204693543
  0.81859277690143861  0.84137303014902010  0.87906284704509330  1.00000000000000000
  2.65212611299441914E-005  -1.0000000000000000     
 T T T T T T T T T T T T T T T T F F F F F F F F F F F F F F F F
  <DiscreteSampler_grid>
  grouped_processes
  1 # 1 for a reference and 2 for a running grid.
  10 # Attribute 'min_bin_probing_points' of the grid.
  1 # Attribute 'grid_mode' of the grid. 1=='default',2=='initialization'
  0.0000000000000000 # Attribute 'small_contrib_threshold' of the grid.
  0.5000000000000000 # Attribute 'damping_power' of the grid.
 # binID   n_entries weight   weight_sqr   abs_weight
    10   10   7.440083527993894E+008   3.255390031265389E+018   7.440083527993894E+008
    16   10   7.440083527993894E+008   3.255390031265389E+018   7.440083527993894E+008
  </DiscreteSampler_grid>
