  0.00001201872104369  0.00004682875021450  0.00007177300716553  0.00009926489213626
  0.00012703610407823  0.00015355065964315  0.00017896368442309  0.00020410266908123
  0.00022925355498278  0.00025418945315455  0.00027921175408549  0.00030438916418424
  0.00032974467833484  0.00035539528791354  0.00038082345106484  0.00040660082069449
  0.00043287715767521  0.00045955319952699  0.00048658738833874  0.00051415657432669
  0.00054234482139683  0.00057105688084273  0.00060063104916703  0.00063078516151532
  0.00066168479572012  0.00069314117271924  0.00072508707069002  0.00075757399717539
  0.00079078173875057  0.00082493118577615  0.00085999128689537  0.00089581049245477
  0.00093246584294753  0.00097050132108353  0.00101022211250791  0.00105150558855174
  0.00109409449020486  0.00113872562070986  0.00118533464835382  0.00123253473372817
  0.00128068620186146  0.00133090913083425  0.00138275680614403  0.00143647360743279
  0.00149149082478650  0.00154828984716942  0.00160811613556555  0.00166953929108703
  0.00173563813079316  0.00180210488451874  0.00187289729506818  0.00194624048137812
  0.00202290580223779  0.00210418404841591  0.00218901810231779  0.00227794797193902
  0.00237263060609453  0.00247016872961630  0.00257207982535183  0.00267532691068791
  0.00278466878027169  0.00289838263005020  0.00302156043450891  0.00315605329844373
  0.00329931035601733  0.00345447183462853  0.00361721757704856  0.00378905897272179
  0.00397257822729910  0.00416542611459355  0.00437437604989325  0.00459861350432201
  0.00483896873160167  0.00510291348454092  0.00538529619775497  0.00568969968032924
  0.00602296097392606  0.00639121353000686  0.00679580283011620  0.00724045985464891
  0.00772838841452558  0.00826531534984451  0.00891569734895374  0.00965613226875775
  0.01054009676595723  0.01154073546101148  0.01270456549114523  0.01415772174513642
  0.01589367001875922  0.01792927275441814  0.02055915030801078  0.02397490125078735
  0.02846493878681544  0.03619925905164238  0.47716734672284022  1.00000000000000000
 -0.00231522556068453  0.00990832183647307  0.02001583174506895  0.03020460676110215
  0.04033988426994174  0.05066785800317252  0.06093880968490828  0.07124445825307453
  0.08160089120597205  0.09190894683556318  0.10218860916282885  0.11250530040150691
  0.12289129058973092  0.13342984843969863  0.14387876024940630  0.15442386094474561
  0.16506972493018837  0.17564305336033212  0.18630343991890436  0.19664219876862646
  0.20684480811371236  0.21694620350439842  0.22705075935322519  0.23736256140003986
  0.24784797836654929  0.25872131447526697  0.26948387583166633  0.28013832711964842
  0.29069279204386483  0.30137677746069552  0.31233373882541787  0.32335564194434202
  0.33443319449035686  0.34508599698601161  0.35583216340091728  0.36606335326064865
  0.37631699893486503  0.38625609803754468  0.39630193576962269  0.40641312933414669
  0.41666124878059474  0.42703309217806207  0.43761428307738526  0.44816378200000290
  0.45877361986888382  0.46925768603887480  0.47974001874540911  0.49020582130046075
  0.50069168286169030  0.51102560196755820  0.52137522408826398  0.53182284184999939
  0.54248501195989873  0.55337406050830251  0.56442991443064261  0.57568769990165825
  0.58699742105622355  0.59816107990276635  0.60910760739570735  0.61970227353337393
  0.63037091694987268  0.64066099019270129  0.65085825529979324  0.66086044933225840
  0.67101471445762673  0.68137584840651755  0.69184318074404494  0.70270266453372687
  0.71342176664020251  0.72411746122168053  0.73499165186041582  0.74600603357463346
  0.75676354663253431  0.76726985716950236  0.77769607467830815  0.78809200562769277
  0.79844240422377588  0.80879576111199014  0.81925247995520867  0.82979428400268496
  0.84055743179053721  0.85155994388309086  0.86230543232957935  0.87295399641275806
  0.88356445961757624  0.89421131407828325  0.90476219910677735  0.91524174622562326
  0.92580441957791726  0.93609835694341137  0.94656049987091062  0.95690758704301815
  0.96769136604180439  0.97846604549066585  0.98926320648719956  1.00000000000000000
  0.00031387066555720  0.02230218399181164  0.04095323990303566  0.05623375397938648
  0.07002421453126859  0.08302587695753366  0.09511867104682956  0.10659962245152529
  0.11764748627341368  0.12825648428234043  0.13840869814110840  0.14831559784497236
  0.15809780382982122  0.16762371177028471  0.17685605995287978  0.18593816539099714
  0.19494689455430256  0.20390442633372169  0.21270839546051235  0.22138653163640690
  0.22995772418321195  0.23844624590224289  0.24680906615974241  0.25497002741542968
  0.26297164552360497  0.27091839499562903  0.27888485428243820  0.28683424816326802
  0.29467233660001541  0.30247810225058119  0.31033183966208039  0.31810337770182417
  0.32601783602619994  0.33367291543746341  0.34105640173148055  0.34837673378390971
  0.35571631405729587  0.36304779677282334  0.37032902252903521  0.37754903685707136
  0.38470221436651764  0.39186045520950608  0.39912324101788355  0.40651328825616562
  0.41394225746067626  0.42128095673690708  0.42847324181823465  0.43563602585423283
  0.44296779063845354  0.45042966496039744  0.45791383310870354  0.46541113005950263
  0.47290201541067001  0.48039303426182611  0.48797512982164926  0.49555084834998386
  0.50321508821282612  0.51075750574528311  0.51832183363140483  0.52598428807518616
  0.53374521666259001  0.54150059611678580  0.54919846913197368  0.55689632638803555
  0.56473273818139957  0.57274669382902466  0.58082512893170846  0.58894845544388141
  0.59706163790949496  0.60517411037433566  0.61341430891175797  0.62160731507561184
  0.62999795541508252  0.63851365405303118  0.64738005211226612  0.65644511650365234
  0.66569728153960694  0.67501492433069810  0.68448764534197060  0.69419007888982964
  0.70416480014462379  0.71436976016016740  0.72481675801606782  0.73558090871158921
  0.74663593516396121  0.75822196037281775  0.77038979296993482  0.78318575417570890
  0.79668191536751043  0.81120379945878274  0.82693016305297184  0.84446485677170735
  0.86430679268928290  0.88860214028977180  0.92471050786378262  1.00000000000000000
 -0.02055207102370325  0.12146238500572221  0.15942024128298987  0.18237928832107939
  0.20046023213919392  0.21576882985351245  0.22901084513302622  0.24073407873280131
  0.25157163479555628  0.26146164893068152  0.27102761710673751  0.27973392925295137
  0.28835551580108154  0.29640075093370200  0.30418226617106625  0.31179318946397050
  0.31911572491484463  0.32634755936314730  0.33334216530045424  0.34007517326225550
  0.34658793983464425  0.35293588453705721  0.35913062270616625  0.36518840763276578
  0.37121285310134672  0.37712810720703910  0.38297130539587954  0.38875096874275311
  0.39446715523210724  0.40010811361270493  0.40568241852121378  0.41123686884080074
  0.41676540371239401  0.42225678052955340  0.42770889494651881  0.43305067746895592
  0.43842740913098788  0.44380739373238587  0.44917886231859688  0.45455498647148362
  0.45988925192263497  0.46520718341044948  0.47050141325511075  0.47576796456551551
  0.48102289517209529  0.48630048793751146  0.49163088633193885  0.49697783955724778
  0.50238261476314128  0.50761693023977661  0.51287572543106474  0.51810641525876899
  0.52331794704471524  0.52851510892397824  0.53369622457320498  0.53889758383193354
  0.54413152620075234  0.54937394319485100  0.55464180217269476  0.55994986231160493
  0.56533147327058642  0.57083263551139840  0.57634139678090934  0.58188409793635321
  0.58752252108222380  0.59322184809796374  0.59894617768019320  0.60475469476803789
  0.61067030125012689  0.61661273929717453  0.62257838049332048  0.62864744056877153
  0.63483219407573388  0.64112092259331011  0.64754275984826770  0.65411336704842893
  0.66080594624442779  0.66763135359487913  0.67466898388498975  0.68186557923822266
  0.68916426110743378  0.69664611948901844  0.70433451898014632  0.71246846458456470
  0.72105388848102714  0.72987974665651656  0.73923023337735960  0.74893398984693327
  0.76001001209407859  0.77202323522992500  0.78530439906394967  0.80022651788110621
  0.81809838821985204  0.84090749093489858  0.87881272951200406  1.00000000000000000
  2.69047189094840624E-005  -1.0000000000000000     
 T T T T T T T T T T T T T T T T F F F F F F F F F F F F F F F F
  <DiscreteSampler_grid>
  grouped_processes
  1 # 1 for a reference and 2 for a running grid.
  10 # Attribute 'min_bin_probing_points' of the grid.
  1 # Attribute 'grid_mode' of the grid. 1=='default',2=='initialization'
  0.0000000000000000 # Attribute 'small_contrib_threshold' of the grid.
  0.5000000000000000 # Attribute 'damping_power' of the grid.
 # binID   n_entries weight   weight_sqr   abs_weight
    10   10   9.668254577059098E+007   1.249604193490100E+016   9.668254577059098E+007
    16   10   9.668254577059095E+007   1.249604193490100E+016   9.668254577059095E+007
  </DiscreteSampler_grid>
