  0.00000803163940844  0.00003708259328606  0.00006985735507562  0.00010270937340729
  0.00013446874430621  0.00016476391032701  0.00019361982162919  0.00022027012380165
  0.00024554268528153  0.00027022564999233  0.00029430824886095  0.00031917400678633
  0.00034402855955401  0.00036878244722285  0.00039366296794340  0.00041902114896970
  0.00044485949809917  0.00047099506238561  0.00049738243047706  0.00052439249454942
  0.00055198968024348  0.00057999960160844  0.00060867715025603  0.00063815334443339
  0.00066817760020653  0.00069870771656057  0.00072994315569333  0.00076185052447244
  0.00079452482090414  0.00082798445689183  0.00086227146831485  0.00089704153119871
  0.00093226368665957  0.00096851483024335  0.00100570565135456  0.00104456628528332
  0.00108522136040630  0.00112745298749278  0.00117193751304347  0.00121702196610964
  0.00126437347522522  0.00131183931076050  0.00136115928864933  0.00141151457361917
  0.00146403344452382  0.00151802870179491  0.00157346371656757  0.00163068812395082
  0.00169032585349380  0.00175339586383432  0.00181941443397508  0.00188754476093035
  0.00195872147055356  0.00203303502816660  0.00211051606408116  0.00219253153191297
  0.00227678373111015  0.00236540960681110  0.00245653222315601  0.00255175999508992
  0.00265233611644640  0.00275832747665603  0.00287196980231456  0.00299360276953886
  0.00312298908980731  0.00325960187152972  0.00340246471915779  0.00355225732128787
  0.00371007773788163  0.00388030895552529  0.00406513020080735  0.00426068000088247
  0.00447127797822894  0.00469660454955658  0.00493886931320477  0.00520197757828785
  0.00548607667360384  0.00579592358650006  0.00613021884364931  0.00648791366336064
  0.00688306402334351  0.00731723570401924  0.00780167446872647  0.00836079338238673
  0.00898450552585808  0.00966273109838238  0.01047355413309126  0.01142908908635116
  0.01261401626936417  0.01403738379102642  0.01580062260514733  0.01790792826072246
  0.02068162878567692  0.02528105956235030  0.03205757308566386  1.00000000000000000
 -0.00239179410326762  0.00897472992749080  0.01888033610886292  0.02941158501550037
  0.04006189112391565  0.05073199597204611  0.06146100970083442  0.07234125810627882
  0.08318750025459092  0.09409671733210104  0.10474087168398495  0.11541138105507309
  0.12599425115653212  0.13671022736153191  0.14739142541820266  0.15802418695454504
  0.16884655004939100  0.17957104557590400  0.19025489596195036  0.20091716932458559
  0.21155258733488247  0.22198951448407386  0.23233116606556964  0.24269379585009915
  0.25317263067625684  0.26366517705155829  0.27415631841049576  0.28440793382554463
  0.29451592710339619  0.30457101298263911  0.31476522007066454  0.32503679414461917
  0.33541303482482598  0.34603927690254471  0.35672816270904661  0.36746426511494323
  0.37839124569206539  0.38907912015281532  0.39962056622985370  0.41009340939609529
  0.42081265920344885  0.43167856762898493  0.44232450660867872  0.45283404941720251
  0.46342308686409062  0.47415732721129844  0.48458261602917962  0.49482279518978839
  0.50508673660195003  0.51575774282964593  0.52629126300174744  0.53663153879709158
  0.54665307350767667  0.55675871827606271  0.56711850806666764  0.57773503165122975
  0.58833879943663425  0.59865649465093662  0.60915891044589576  0.61988749832344103
  0.63072029803981144  0.64141808649859311  0.65204222801244116  0.66277532628912739
  0.67356263236661551  0.68420504000993887  0.69472400676413726  0.70504387250241907
  0.71532429900285854  0.72546328047132402  0.73559516782742684  0.74584529628826035
  0.75641041875759418  0.76702962007687059  0.77757743458800854  0.78795730968860167
  0.79860805242478650  0.80921982007675064  0.81976350516518459  0.83009039064955370
  0.84041934067269719  0.85090430195293076  0.86128453894020729  0.87187146285554373
  0.88228342975806662  0.89283279008393512  0.90324920368876960  0.91379022916023811
  0.92422117478295240  0.93469400630248400  0.94514024707787037  0.95555888030906466
  0.96631512182314694  0.97739461091522162  0.98869001022030867  1.00000000000000000
  0.00015460095267187  0.02323477684932557  0.04195386770366563  0.05741825601813637
  0.07118494037314366  0.08392100824468808  0.09596656471900226  0.10736526326283280
  0.11827601335273752  0.12887269435293103  0.13914938386720851  0.14898228000407088
  0.15852856521380329  0.16800123924690058  0.17723590770248776  0.18631089257523156
  0.19509886009856581  0.20373177468897127  0.21231893933834231  0.22090866231448653
  0.22944319441517796  0.23793992644292747  0.24629171269675479  0.25443039073133972
  0.26240793854600514  0.27026180089522572  0.27793781968163633  0.28550375448376586
  0.29306560893805511  0.30066434418105503  0.30840195667457970  0.31608701951563140
  0.32366816225612410  0.33105440316390833  0.33843155521683621  0.34586028405992841
  0.35327790590205882  0.36071854574845247  0.36817440115086375  0.37564762454549949
  0.38306166274221254  0.39051052343014891  0.39776042708305659  0.40499271840570422
  0.41220746494000732  0.41938413834059313  0.42656094153934715  0.43382482428399560
  0.44124927080603893  0.44872643591021150  0.45609627307943529  0.46336475685449297
  0.47061088376164478  0.47794481150548823  0.48555527849954444  0.49329488230832041
  0.50100197233927923  0.50852154745677070  0.51593013433040424  0.52335433548024290
  0.53089302634978297  0.53853811762534343  0.54635208471720775  0.55418247520040609
  0.56204841493533098  0.57003418340216361  0.57813602390092511  0.58645614323405737
  0.59497679642682810  0.60361673698492557  0.61239305826079005  0.62124133945144633
  0.63021680139382086  0.63930282641386615  0.64839867157110731  0.65741410209889883
  0.66645469942185920  0.67562525478974000  0.68502583987340049  0.69465676721589431
  0.70465766289379317  0.71501924962500507  0.72577641373112134  0.73679045253909359
  0.74821736000200467  0.76023682988549235  0.77278373769840936  0.78575020572187360
  0.79905319689804366  0.81290964521731190  0.82789190621083963  0.84498222043573112
  0.86462201424579810  0.88929227932463184  0.92553321685740708  1.00000000000000000
 -0.02077231329419076  0.12027397078022625  0.15873427990812911  0.18186300189121515
  0.19976339634362514  0.21474298224354102  0.22787223033615431  0.23964719336592458
  0.25065415732288460  0.26065713773348731  0.27028004928849808  0.27885155390050620
  0.28728473517571690  0.29535597717412609  0.30305981548389388  0.31060512452995237
  0.31780052257131225  0.32492600478264377  0.33189861525000258  0.33862646152558112
  0.34519103256851219  0.35168535806724488  0.35810736328178178  0.36449199683580158
  0.37079295965994080  0.37696019296239563  0.38299985270404485  0.38897505157222545
  0.39488460937442837  0.40066585937148069  0.40634993245123030  0.41199593270972290
  0.41759856454967148  0.42308990642601119  0.42852590415172304  0.43392830021481638
  0.43931168334751247  0.44465125780060566  0.44997111518099092  0.45527330980716268
  0.46056013216562125  0.46582753338234989  0.47107503876461959  0.47630761294091256
  0.48150321675487734  0.48672302648004528  0.49195201956936441  0.49717803919402481
  0.50244492988855005  0.50767185672053783  0.51287685078442957  0.51807220905237084
  0.52326821485112041  0.52849544014701066  0.53374927806525152  0.53899907882691389
  0.54425449288640781  0.54954663249319780  0.55484660395659557  0.56020689829835113
  0.56558262906989909  0.57098737930105925  0.57639968045800927  0.58181098513717122
  0.58731401183166032  0.59288791877608660  0.59851337966423546  0.60422222778964774
  0.61002896555574282  0.61589883724123662  0.62181525766214341  0.62784133692744959
  0.63403191268907266  0.64033551213464113  0.64673964184118315  0.65340830444086373
  0.66017667704546801  0.66706854036006580  0.67417205824824999  0.68138872479084522
  0.68881862216925316  0.69661662442847450  0.70463756081818796  0.71293635789967635
  0.72142438302457901  0.73012224149052252  0.73951834182138321  0.74925508419059739
  0.75994443097909969  0.77135517707577506  0.78446719265825471  0.79936415566043229
  0.81730151672115192  0.84075571524189785  0.87889585701290007  1.00000000000000000
  2.66770308590135923E-005  -1.0000000000000000     
 T T T T T T T T T T T T T T T T F F F F F F F F F F F F F F F F
  <DiscreteSampler_grid>
  grouped_processes
  1 # 1 for a reference and 2 for a running grid.
  10 # Attribute 'min_bin_probing_points' of the grid.
  1 # Attribute 'grid_mode' of the grid. 1=='default',2=='initialization'
  0.0000000000000000 # Attribute 'small_contrib_threshold' of the grid.
  0.5000000000000000 # Attribute 'damping_power' of the grid.
 # binID   n_entries weight   weight_sqr   abs_weight
    10   10   7.257857109349830E+007   1.007634086758225E+016   7.257857109349830E+007
    16   10   7.257857109349830E+007   1.007634086758225E+016   7.257857109349830E+007
  </DiscreteSampler_grid>
