  0.00946523186095487  0.01589602948334713  0.02499090301918236  0.03583221869639699
  0.04620166894795179  0.05660520680946398  0.06700940534087027  0.07744498122103310
  0.08788040173413195  0.09831012948671947  0.10875900471144524  0.11919561038886350
  0.12958731802998874  0.13997541119950679  0.15037304787931749  0.16080283781560237
  0.17120797707243923  0.18153860001375774  0.19182449458031089  0.20211515862815224
  0.21247030597661135  0.22281352152471479  0.23314731977226430  0.24345728638059716
  0.25381784886126069  0.26418519848402805  0.27455541756935642  0.28489341707456878
  0.29525007209814075  0.30560348301485613  0.31596973468779210  0.32629525077494348
  0.33661405374092607  0.34694113826794765  0.35731827433004876  0.36771677811188896
  0.37813158821921666  0.38851932162786373  0.39889406523548937  0.40926170111975163
  0.41967071804766426  0.43008358382018419  0.44046427948252115  0.45081947045476517
  0.46117484175127127  0.47155106654303069  0.48197077939189575  0.49241855313241345
  0.50289875232448822  0.51336325275716721  0.52382080175294743  0.53426627550637817
  0.54472190201934478  0.55518445240565995  0.56561034525678100  0.57599741332922028
  0.58639309876321821  0.59680053361023744  0.60715168154751942  0.61743490825436231
  0.62770947306832814  0.63802900597125178  0.64838816520011133  0.65878534227652608
  0.66920745545744864  0.67961708127948728  0.68998268586463651  0.70031818384118272
  0.71066512409047256  0.72103008358266951  0.73140114353582419  0.74175531383252946
  0.75211460681375053  0.76249939344297080  0.77288408497087546  0.78324916818616996
  0.79359642603347691  0.80393113702017305  0.81427868964091765  0.82464825453841473
  0.83500496984910477  0.84538477153641256  0.85579293445365723  0.86627344967321207
  0.87676542834882631  0.88719432682216626  0.89755461212154619  0.90790111573660648
  0.91826045070055162  0.92868459833825645  0.93909967312022546  0.94951761813343338
  0.95992872706308441  0.97029676848588431  0.98060734593005283  1.00000000000000000
  0.00954424398146844  0.01552578202508083  0.02483737080533176  0.03565099595741442
  0.04607653855232182  0.05649282436882791  0.06684765198621447  0.07714809845330796
  0.08742224950912905  0.09774538004138200  0.10813175444640533  0.11853269658422622
  0.12892306283326538  0.13927797528205335  0.14957388188784793  0.15987413820970672
  0.17020521054791438  0.18057846790906174  0.19100693849831291  0.20139181759847619
  0.21172831889264815  0.22202904179155766  0.23232889694379005  0.24268241760049780
  0.25312026056932596  0.26361368938792756  0.27410756968155647  0.28454394657125415
  0.29495526930042054  0.30537024072081664  0.31579237081762457  0.32617459155126582
  0.33654305633234172  0.34689879506660570  0.35728480735367563  0.36769579374579631
  0.37811037713633522  0.38849147388390554  0.39888588960320082  0.40930330259051206
  0.41975582686942081  0.43021816051881245  0.44066246351638710  0.45113443171951118
  0.46160582446653964  0.47204742048396214  0.48240941446317243  0.49271442532146081
  0.50302517973247318  0.51336622052509118  0.52373865205731152  0.53410238646761921
  0.54447013831533930  0.55485393020536788  0.56523023608512768  0.57556093994382607
  0.58586869070704839  0.59624953839256289  0.60671298425676989  0.61717041482823776
  0.62755938159269764  0.63790739470988678  0.64827911104610980  0.65868037353781006
  0.66906660137392437  0.67941321268229593  0.68975087248783218  0.70011402610579176
  0.71049632876268132  0.72088455051619882  0.73127262048563890  0.74164807201614158
  0.75200809646560307  0.76235287830874288  0.77271250482805043  0.78310422652545775
  0.79354307869567065  0.80400276736936549  0.81442304336712645  0.82480101174598508
  0.83516385536917370  0.84558780966703251  0.85603469928008669  0.86643991280232380
  0.87678700467204707  0.88712082338483633  0.89754536560346521  0.90797509921603936
  0.91840665943970134  0.92875180519158618  0.93911598011090203  0.94949885989050131
  0.95997010949378547  0.97033886978066186  0.98067552993587748  1.00000000000000000
  0.00947917821666263  0.01580158130319057  0.02476409140130257  0.03541085032520450
  0.04563112592101385  0.05600278430376365  0.06638011480550467  0.07674183286311567
  0.08714328049727847  0.09754238024509788  0.10800001450469845  0.11844951596982811
  0.12889925167175223  0.13938629087420343  0.14985268177108008  0.16032441814497650
  0.17070458737021929  0.18109398073464056  0.19145035168075297  0.20183364245638066
  0.21213084318571870  0.22244473164424391  0.23273502848857708  0.24310095307070434
  0.25353127298480416  0.26398614490522887  0.27441785836925858  0.28475662826722126
  0.29510209147127381  0.30547690035448977  0.31589229877891556  0.32634835581662802
  0.33683536383256285  0.34732173158834229  0.35774130869265047  0.36807481967026712
  0.37839711049520858  0.38868477390862921  0.39904806231069800  0.40941487630151874
  0.41982114735233289  0.43019550578126436  0.44052448232029101  0.45085311190877164
  0.46119046376059630  0.47154257216506673  0.48188314728359838  0.49219585912563546
  0.50251277195443100  0.51282866338661315  0.52313948244770614  0.53349930013567715
  0.54391322898160199  0.55430160062202249  0.56465393782381545  0.57499516420138541
  0.58537605383390723  0.59576770043492533  0.60615753344142009  0.61657350232614172
  0.62699203810485837  0.63740215092640151  0.64778532649083898  0.65812378618697587
  0.66843533334819449  0.67873901073372145  0.68907003803763123  0.69945723042268049
  0.70988797789250857  0.72033868070557971  0.73077338099741362  0.74119506884454611
  0.75164134119372961  0.76210670178825068  0.77257267636612870  0.78301612020396139
  0.79339543953973957  0.80376037237692077  0.81413080871533505  0.82453747744826134
  0.83496050586454895  0.84533837309155158  0.85567001722394020  0.86601856101671482
  0.87640864493561965  0.88680476168982958  0.89719585842063687  0.90754739342401425
  0.91793461274449462  0.92828701471163555  0.93869061886890437  0.94914493746738515
  0.95959048643947420  0.97004901279770683  0.98047001291921065  1.00000000000000000
  0.00953314372644437  0.01564380926259861  0.02473434414650309  0.03541483745666240
  0.04568142056649089  0.05602443050744711  0.06635521375702257  0.07666960234676057
  0.08698406801321795  0.09732428868767222  0.10768026845324787  0.11806245912465796
  0.12846302371149265  0.13890746918523647  0.14932082711683720  0.15977011705139907
  0.17018324446040464  0.18057451096897673  0.19086691687717283  0.20119460756376872
  0.21150080195374343  0.22185237948810529  0.23217748610334274  0.24262349358757240
  0.25307322115078379  0.26353881822970426  0.27391952663521424  0.28427278877687528
  0.29461747339169969  0.30492579497326555  0.31526611023905965  0.32564265070427734
  0.33608213792125108  0.34654217786371894  0.35700226714156807  0.36748590958417571
  0.37796235866809952  0.38841642943912524  0.39883975587950410  0.40927007340650690
  0.41967819519772698  0.43005579203755584  0.44042449299595182  0.45086162223812415
  0.46134498942903196  0.47180838803656200  0.48220258711960434  0.49255412482710326
  0.50293376359063136  0.51332107680649697  0.52371328679246043  0.53412277647793760
  0.54451157813812578  0.55487430815873240  0.56523837229229068  0.57563083027827644
  0.58605252792378915  0.59645364090682529  0.60684808024653336  0.61723900903613493
  0.62762637623312467  0.63803783200091835  0.64849162775428937  0.65894356725835834
  0.66934019241250087  0.67968487833652980  0.69003035963419102  0.70041629326419585
  0.71080212092493045  0.72115794717539727  0.73146430632076298  0.74176074461105623
  0.75210044689872724  0.76246942619059754  0.77283206025656648  0.78317752372622618
  0.79355305720410330  0.80395922350570104  0.81433792664294158  0.82467733872642368
  0.83504066346698336  0.84542652188460088  0.85582959035987083  0.86620726918051305
  0.87658647215920871  0.88693880444542272  0.89732640636136973  0.90772655095025589
  0.91816461304112718  0.92856401146922640  0.93898758107645863  0.94941307976360390
  0.95988402692439823  0.97029105135432492  0.98063125320472400  1.00000000000000000
 -0.00247733052657056  0.00952660246480865  0.01971224710582133  0.03029743588642433
  0.04083560167952050  0.05131411400696222  0.06174898755651054  0.07226528865445742
  0.08283157338732149  0.09348557053857254  0.10407013625659234  0.11457756078031263
  0.12502000282673909  0.13550901834213813  0.14606993012556532  0.15658141596753500
  0.16718237598836810  0.17778506795046514  0.18844496022427804  0.19901615308124376
  0.20959843095777203  0.22012016830560360  0.23061626566528787  0.24108538259293563
  0.25158672584069575  0.26210423909347469  0.27264203997997111  0.28320698872112632
  0.29381487867400230  0.30441376051811703  0.31498748372348034  0.32554042293969698
  0.33611855503114774  0.34671534927659647  0.35732257750622326  0.36783215424045762
  0.37835395585677734  0.38885979708835716  0.39943999207775638  0.40999167974351436
  0.42050515498243290  0.43102398999716557  0.44156193775528962  0.45209351087177529
  0.46259917545051177  0.47307156297008729  0.48361672005024098  0.49420491747338618
  0.50478181862189420  0.51532466209176353  0.52584826825465658  0.53641386146513947
  0.54701789489889807  0.55759560224351346  0.56819675763750344  0.57876653699225522
  0.58930252094422075  0.59985162521653224  0.61031717004207697  0.62075994368643916
  0.63116742358292710  0.64165518615383621  0.65214036095921246  0.66269280972145261
  0.67325770977886790  0.68382573726775409  0.69433004721706126  0.70484703836670137
  0.71541482441538651  0.72598973837892700  0.73651594713416635  0.74698182633064880
  0.75755986993882651  0.76814786588805806  0.77880876360227225  0.78939694201691368
  0.79992656070189228  0.81044165980127214  0.82090668538330513  0.83140954627760033
  0.84192317736299493  0.85243456976066168  0.86303617852146952  0.87358640447648372
  0.88416451976221433  0.89471264008750950  0.90529479724829232  0.91588403130221452
  0.92643876772155453  0.93696608633424217  0.94745555209889287  0.95795122490510420
  0.96849983425603370  0.97902871316877604  0.98953426304321268  1.00000000000000000
 -0.00230943131220721  0.00964626271727027  0.01984912199949423  0.03038321854882963
  0.04090551852523905  0.05140677280290853  0.06197688066209190  0.07255990047167037
  0.08322386877560833  0.09375081823115669  0.10430294802474120  0.11483312032387175
  0.12542947606185453  0.13594718986292378  0.14645054373845914  0.15697848413110016
  0.16749990949487661  0.17799420447105230  0.18850229375129837  0.19912693356520142
  0.20979551806459701  0.22047717265419262  0.23108601509339646  0.24170935480954112
  0.25230266982370236  0.26283738371086057  0.27333306416318992  0.28383207327070986
  0.29433344863817462  0.30486153823383921  0.31536715054880421  0.32593590347860729
  0.33645103850708047  0.34701612181419517  0.35752532830666056  0.36803924492464996
  0.37852270133835442  0.38902562354534653  0.39953922335367675  0.41004208507690282
  0.42056627978661210  0.43109519352332726  0.44164403472005698  0.45211495671936919
  0.46256450352403683  0.47301245810977599  0.48353060829144445  0.49407206533164333
  0.50459519657437502  0.51509811259552163  0.52562251769895918  0.53616284068113573
  0.54680839299860229  0.55746531029807611  0.56809721699952165  0.57865973667044412
  0.58923139246778822  0.59978988096590580  0.61037712755830942  0.62087986892980362
  0.63137024280884346  0.64184332365300978  0.65233967647841029  0.66287128330755196
  0.67341552879676214  0.68400866756744627  0.69458237055284888  0.70509305718322035
  0.71556292145953215  0.72603521006151439  0.73653264233484328  0.74704054920645457
  0.75761689753936878  0.76816524184966872  0.77874328075761790  0.78928471670178013
  0.79988043791916819  0.81045722737630566  0.82102766739114696  0.83160807670006676
  0.84212180652147839  0.85263474710635456  0.86311242555104284  0.87371484118224940
  0.88432423294573914  0.89490679066773238  0.90541103252552657  0.91590676135356852
  0.92642945008578081  0.93696413682102597  0.94747235288609788  0.95799406038903878
  0.96848793414516898  0.97900111912482113  0.98948250948824579  1.00000000000000000
 -0.00246535250201459  0.00961806341537385  0.01979504722023044  0.03029906892673252
  0.04077004833825874  0.05128059009998293  0.06179763323907258  0.07230794633526494
  0.08282975354520626  0.09336708665392883  0.10389133212533931  0.11435939539088502
  0.12478605509105149  0.13521488663791414  0.14568890208018123  0.15620299139398180
  0.16667727856289677  0.17715838065102141  0.18761730016919601  0.19811342682292629
  0.20856698940311102  0.21904624220701494  0.22959845339887835  0.24014640397770834
  0.25067840301763122  0.26119635662851276  0.27177075559416131  0.28231974822344558
  0.29286455098060110  0.30342852577351337  0.31404753948562697  0.32469312281988089
  0.33534012911219446  0.34598214561889723  0.35659403414611446  0.36715271615146899
  0.37767747030052612  0.38819866472154957  0.39873979908444979  0.40932185339840760
  0.41989198189342081  0.43043341995736073  0.44093011932272447  0.45147525393276960
  0.46200895397983327  0.47256520181953388  0.48309403915874383  0.49361874453331195
  0.50417033420692303  0.51471954059074754  0.52534135038894025  0.53592233692296687
  0.54644432688834799  0.55692822855865620  0.56745670445070717  0.57804234524209186
  0.58868278984844846  0.59929034185465468  0.60985716020006631  0.62040910426448526
  0.63105394257334635  0.64174959156623934  0.65239996252533894  0.66299729623812031
  0.67351864910731152  0.68406666420714290  0.69462724273451304  0.70526911233339207
  0.71579994713042716  0.72627203239126914  0.73667249928667966  0.74712472507208938
  0.75757063079181863  0.76801048663047577  0.77842249862213253  0.78883590429345884
  0.79930574491890072  0.80984041655103356  0.82038445319498865  0.83090720942275453
  0.84141731432217648  0.85190440540351753  0.86247266309251214  0.87304377219946416
  0.88363771812995029  0.89418368854864405  0.90477079012915085  0.91536159490547986
  0.92588967196648353  0.93643612285315725  0.94694880601778963  0.95749731312257669
  0.96805399523970370  0.97865099098035691  0.98933139743859300  1.00000000000000000
 -0.00236472806441638  0.00946212568594742  0.01960519874669829  0.03011904555750110
  0.04069812247220578  0.05123737802225871  0.06178104073762668  0.07232031774142293
  0.08280967773821808  0.09335937240842948  0.10393455001087482  0.11457330765798847
  0.12515416891837669  0.13568522941695560  0.14617528630963167  0.15664327063832037
  0.16710878678348273  0.17762419678921668  0.18816291799557677  0.19874053172705200
  0.20925871777802035  0.21972303067088689  0.23017424943159165  0.24071228399902431
  0.25124021998082885  0.26179773373251547  0.27233827641841091  0.28292022492505453
  0.29344972254715845  0.30396878251726045  0.31442392345564324  0.32494552661592463
  0.33545435216632202  0.34596570079646205  0.35644635053127510  0.36687907543667558
  0.37735857286454622  0.38784740945155416  0.39841211058719916  0.40896382895736377
  0.41955482028824753  0.43011073305922970  0.44069554891771534  0.45122952055317439
  0.46178848117518662  0.47239641035598634  0.48299053192124330  0.49356883615052655
  0.50411892420014270  0.51463852986509018  0.52521106066394241  0.53576805171602082
  0.54640801625210833  0.55698612524196711  0.56758033089249005  0.57817179369657112
  0.58875990467167716  0.59933808635987285  0.60984797249087130  0.62036553560492014
  0.63095543418073552  0.64155884505125393  0.65213181490607575  0.66258409430686716
  0.67301777403590279  0.68347521279394030  0.69402383116907163  0.70462025205507028
  0.71520765361777472  0.72569828158562222  0.73619687308212489  0.74665576207499895
  0.75714045801415242  0.76760409667212071  0.77818701878006546  0.78880029207770885
  0.79946932165369244  0.81000643563744268  0.82054548437226649  0.83099336545283198
  0.84148888291148727  0.85206368203927574  0.86263550906661079  0.87321567128752664
  0.88370243673234850  0.89427088536190502  0.90479726289861895  0.91538487645010636
  0.92596994637236951  0.93656456479268424  0.94711156227077187  0.95763507373847756
  0.96826023701603825  0.97882997289874329  0.98943111664995709  1.00000000000000000
 -0.00237905340884194  0.00961560517593809  0.01976731083599577  0.03021709404120822
  0.04070256049928898  0.05119565782715114  0.06168162141678351  0.07222205637019205
  0.08270998191211842  0.09326592388275663  0.10379969895461007  0.11433211500960237
  0.12482534372294463  0.13532455338019692  0.14584837455576358  0.15638064631254323
  0.16696731419073799  0.17757688975418459  0.18820713131426192  0.19884310548331974
  0.20944197859968525  0.21997135615902697  0.23044115421755701  0.24090968176430111
  0.25142784760122622  0.26193205411077197  0.27241805845598427  0.28293249005766929
  0.29340113121700789  0.30392258930211430  0.31436878091323123  0.32488473679160440
  0.33538383191022231  0.34593454225407749  0.35646811661884026  0.36699460863399447
  0.37750451951916131  0.38802657231159837  0.39852264069469590  0.40901824135284653
  0.41954059230512741  0.43009791789690094  0.44065710238387218  0.45121812878892537
  0.46178406824398449  0.47231130464426724  0.48282335393339587  0.49338643736656551
  0.50400580959906294  0.51459915467160422  0.52518647809547458  0.53578725595020438
  0.54640197243075106  0.55694381097160373  0.56747933333885692  0.57800349517021710
  0.58856783738207330  0.59913347533772987  0.60969001707092874  0.62024564243785407
  0.63075740230479482  0.64120801460784316  0.65160578078087150  0.66202358713687393
  0.67251402688042294  0.68298285244853385  0.69357773948113954  0.70423609694995681
  0.71499929622641312  0.72561077229715687  0.73614360726903072  0.74667684237134690
  0.75726158133050203  0.76788570544471946  0.77839910945314905  0.78879990795795707
  0.79924249781870815  0.80974898581940336  0.82029192305215026  0.83081731844339779
  0.84135659560925458  0.85198025604342786  0.86257147370002862  0.87313517255008966
  0.88367636471315369  0.89425925569017972  0.90488134401550335  0.91551771646441471
  0.92611261422499880  0.93669418993256715  0.94729568806000020  0.95783929916706578
  0.96835171489529137  0.97886088294444051  0.98941886227203890  1.00000000000000000
 -0.00237769530868016  0.00955351942212857  0.01971416332248526  0.03018490531382141
  0.04069332614843710  0.05123841517777276  0.06172068823010557  0.07227909015711247
  0.08276249744910145  0.09330952959078964  0.10382266766542898  0.11437492235259294
  0.12491751235218235  0.13544437946924706  0.14597593390197539  0.15654516985343117
  0.16713202650569897  0.17767790376757017  0.18818092608884204  0.19868851087908934
  0.20918982672554198  0.21973953765951032  0.23023046234107883  0.24079466011672523
  0.25131524873268368  0.26198066839307765  0.27257517793507630  0.28317186578603842
  0.29364629681049453  0.30410193502393335  0.31457638138981897  0.32507100260996058
  0.33556462761269473  0.34598297655763344  0.35639284624338280  0.36688899153033827
  0.37742594266865109  0.38798639529514084  0.39855609068170605  0.40915435558686047
  0.41975800104680988  0.43030756687432142  0.44088905733467915  0.45144591235990106
  0.46199797260630848  0.47249082985213758  0.48296447027083694  0.49340950825242952
  0.50388982465588061  0.51441471099934666  0.52496891959706604  0.53560630579822921
  0.54624555460296720  0.55686292447369068  0.56734977273921694  0.57787219555624403
  0.58849437249592540  0.59911121330422989  0.60965483470298176  0.62013633404618818
  0.63057032770269417  0.64108062224201046  0.65161442773624290  0.66223530299606759
  0.67278519445954876  0.68327523553653735  0.69375690834566606  0.70429966049912640
  0.71484083334250903  0.72538547497597827  0.73588749708108658  0.74641812197513213
  0.75691180139578484  0.76746116007744336  0.77798402825400848  0.78852994412546784
  0.79908933028883433  0.80969067725656474  0.82034276190210231  0.83101572665910317
  0.84169868664553638  0.85228501843922089  0.86282898058308433  0.87332214838043454
  0.88383137203925000  0.89429567100971008  0.90478610031616002  0.91531198282088988
  0.92583125117445464  0.93638023781664548  0.94698465994971026  0.95759464846465936
  0.96825738063040734  0.97883778880985128  0.98945717529080368  1.00000000000000000
 -0.00222621299510857  0.00949288943772352  0.01953576359683930  0.02991217630385782
  0.04031100651867780  0.05080405513315381  0.06143665117344609  0.07210842449437491
  0.08271682000403116  0.09323251964376425  0.10378561045412577  0.11432641759438826
  0.12487979791390223  0.13542498231493141  0.14595386251357373  0.15644146894325103
  0.16693823544091330  0.17744306038220919  0.18796146091935559  0.19855042192566211
  0.20915658300219103  0.21981744846174880  0.23039320359270696  0.24098818904616329
  0.25154986786653044  0.26207763568322273  0.27265950794241972  0.28323853765562806
  0.29378552857219914  0.30423304950525171  0.31471076546729254  0.32522327659647993
  0.33572360946269009  0.34618236963128246  0.35669764910244151  0.36725145289481997
  0.37783778334887191  0.38840976452406395  0.39898958350592856  0.40966858636873199
  0.42031138975223492  0.43087885686403621  0.44138113627118508  0.45190527507200584
  0.46249044280177837  0.47301310057535062  0.48353663888512871  0.49408749239904648
  0.50458497434093019  0.51511669758444456  0.52559960237370118  0.53624790944498912
  0.54684344354709147  0.55743828984794452  0.56791897892673915  0.57840012000286134
  0.58893734849002510  0.59945316883146393  0.60995424496493400  0.62042214107846605
  0.63087756012266472  0.64137649633169569  0.65188402092114739  0.66244315933580034
  0.67302041180594885  0.68353898431735471  0.69406413974372039  0.70458024082252113
  0.71517968879621352  0.72577919628817533  0.73636134600381042  0.74691520955699420
  0.75737357977931530  0.76780922317868994  0.77829070785075538  0.78885589081625762
  0.79946795436733575  0.81004598207698020  0.82062690144185590  0.83115310399971853
  0.84164961915877579  0.85215183705570430  0.86268517373549947  0.87319639135210658
  0.88370172309539607  0.89420295127515514  0.90476359579512367  0.91533477208983960
  0.92593216863216454  0.93653562125963130  0.94715915589397404  0.95774184715963107
  0.96828465032122324  0.97882999319607056  0.98940530464284060  1.00000000000000000
 -0.00250483758454370  0.00958024843182116  0.01975374595919428  0.03033508552896439
  0.04090943136736525  0.05150921804352578  0.06204672522214202  0.07253760306705703
  0.08304006454372709  0.09355488778655965  0.10403230958859053  0.11451808956737133
  0.12503821934886752  0.13568613020075065  0.14631940729439882  0.15702013689786434
  0.16763659799913896  0.17823011409835546  0.18874806709798486  0.19929015523686361
  0.20981601433796995  0.22033755656662790  0.23086159324404867  0.24145922208047332
  0.25208572194148959  0.26266819792430768  0.27320183237439133  0.28370880460478948
  0.29427211819650617  0.30483926126947225  0.31539790442600479  0.32591747606104254
  0.33642012530067372  0.34690023025347183  0.35736165266466580  0.36776125455402536
  0.37820637039877963  0.38871521020570415  0.39931680886902243  0.40992404657581405
  0.42051549389676596  0.43110903931530237  0.44168243120560524  0.45226895525120364
  0.46277974216659906  0.47333157735268677  0.48385981220038965  0.49445269894944865
  0.50503244538727543  0.51564414611013643  0.52622777581927360  0.53677307332913093
  0.54719621898308202  0.55765282560296392  0.56808366851219161  0.57857836186153322
  0.58907456840449191  0.59960062360562005  0.61016889947141051  0.62075494764239025
  0.63133796675345022  0.64189807139414823  0.65242388060122181  0.66295130915067568
  0.67349120698831000  0.68404107596403529  0.69462149319909894  0.70519019907929814
  0.71575143475034542  0.72629510496733696  0.73682973412464625  0.74740413261887528
  0.75797556538171873  0.76854550498280894  0.77901516647954216  0.78951464571656005
  0.80001308642481495  0.81053323240938657  0.82106192690416069  0.83162118069276636
  0.84219444690786194  0.85272341633488591  0.86324762805972965  0.87378478942606730
  0.88432568354772623  0.89491107545967541  0.90547934987244361  0.91607077501644396
  0.92655578991399834  0.93705027413894726  0.94757045649758642  0.95806616321659011
  0.96854574418692552  0.97900030674157379  0.98950916744108242  1.00000000000000000
 -0.00236301018269261  0.00957025736157697  0.01968647115304026  0.03021910290309346
  0.04075624705818214  0.05132714833460511  0.06187040744844129  0.07245786037451471
  0.08305776026665075  0.09361728951548746  0.10413407591892394  0.11462999398074793
  0.12511128671893362  0.13559838909048094  0.14608107551786759  0.15664254990151744
  0.16722281149403201  0.17780892807066215  0.18834827587217604  0.19891388599073279
  0.20942883821838829  0.21999058523734896  0.23057029827211709  0.24122109767611219
  0.25182317225271539  0.26235615684760077  0.27284986448814924  0.28332671034638501
  0.29380204056233722  0.30432471465114286  0.31482807603306007  0.32536950707814055
  0.33591797071025792  0.34651699370339228  0.35713484799484541  0.36778535339509616
  0.37840600690205084  0.38897086804678510  0.39947666420779138  0.40999011942598201
  0.42052210658457811  0.43103196105471780  0.44146351768659509  0.45193648528614222
  0.46239847217297508  0.47293923985942482  0.48347201054853001  0.49401898305798231
  0.50463487041223776  0.51523276522185935  0.52581366581019762  0.53636658224245848
  0.54691014817143557  0.55743709564243460  0.56794149874175115  0.57840976855149806
  0.58893422948328888  0.59945311294735237  0.60994005046327660  0.62046648652144210
  0.63099122639514704  0.64158817339553342  0.65217964460315492  0.66275257871593007
  0.67329794797151765  0.68379957644180533  0.69423955428383732  0.70464147982463043
  0.71508001393400500  0.72556656781315743  0.73614676006834556  0.74673264594633337
  0.75735304204288167  0.76792096324190040  0.77846863510007458  0.78905301625762914
  0.79961166618463164  0.81024185031981111  0.82081603393448943  0.83147099611143827
  0.84198415196971221  0.85251764963214882  0.86308624815550483  0.87365669957765157
  0.88420623064919623  0.89477055648023440  0.90536412179524139  0.91595879810700953
  0.92650280553845665  0.93701068683412059  0.94750476850926990  0.95798859084926624
  0.96848743567587059  0.97900719207736353  0.98947845840708482  1.00000000000000000
 -0.00256773693268655  0.00955804798469594  0.01969945589119057  0.03018075095268100
  0.04071724878167544  0.05133729925361227  0.06193524020730630  0.07250029063708560
  0.08302769209280525  0.09357830807692075  0.10416629111500901  0.11477830160087663
  0.12541553807383682  0.13596203420356473  0.14653074346305417  0.15704027800713152
  0.16761290542002555  0.17811318235972934  0.18866566720048789  0.19916816351522521
  0.20970179767404412  0.22022712548709220  0.23077434297190366  0.24133582493157729
  0.25189872541589309  0.26253051134258981  0.27318555815456214  0.28372925459648463
  0.29420260656085384  0.30463858485750855  0.31517712194758546  0.32566922834646456
  0.33620195958850541  0.34670054638254144  0.35725334297525857  0.36779016998235181
  0.37834346474493347  0.38895902374949887  0.39952131089984366  0.41008674361744152
  0.42059012925694317  0.43113964556129519  0.44170682019353796  0.45227650332558317
  0.46280760452340242  0.47329501272835728  0.48379295891322432  0.49432062020436390
  0.50491447565916414  0.51553392403929299  0.52615962485356560  0.53670197525408481
  0.54724885252815514  0.55784004873477222  0.56843673150941876  0.57899190731295391
  0.58946933840189397  0.59994433691413362  0.61042857055809341  0.62093283401744725
  0.63146638942099709  0.64192996269788016  0.65237371944518807  0.66282978079302812
  0.67333947936948435  0.68383306760435225  0.69432004344749243  0.70480166810717770
  0.71533579257961222  0.72583550566680799  0.73635151368651319  0.74690937291771453
  0.75756258884147554  0.76817081093340833  0.77877650521285358  0.78934461422321800
  0.79998057936134770  0.81052079308978275  0.82104058297457994  0.83153922322916773
  0.84201848472000329  0.85254293300291051  0.86307800466784634  0.87365676083997412
  0.88424258694110547  0.89481296558056955  0.90536056988511326  0.91580979832432763
  0.92620849454055865  0.93669366550781608  0.94721109831451944  0.95784714546984973
  0.96840922743765312  0.97900673019356699  0.98950033950139105  1.00000000000000000
   2.0424874294904605E-012  -1.0000000000000000     
 T T T T T T T T T T T T T T T T T T T T T T T T T T T T T T T T T T T T T T T T T T T T T T T T T T T T T T T T T T T T T T T T F F F F F F F F F F F F F F F F F F F F F F F F F F F F F F F F F F F F F F F F F F F F F F F F F F F F F F F F F F F F F F F F
  <DiscreteSampler_grid>
  grouped_processes
  1 # 1 for a reference and 2 for a running grid.
  10 # Attribute 'min_bin_probing_points' of the grid.
  1 # Attribute 'grid_mode' of the grid. 1=='default',2=='initialization'
  0.0000000000000000 # Attribute 'small_contrib_threshold' of the grid.
  0.5000000000000000 # Attribute 'damping_power' of the grid.
 # binID   n_entries weight   weight_sqr   abs_weight
    10   10   1.968510694516787E+031   1.353225716191296E+063   1.968510694516787E+031
  </DiscreteSampler_grid>
