 -0.00041069622641220  0.00250023029644222  0.00421039203580823  0.00610278846312561
  0.00830730362220030  0.01075469197088618  0.01368816605350720  0.01698209698339085
  0.02052574412225593  0.02424467850270960  0.02818652733983761  0.03253452208395180
  0.03715319818049950  0.04197087189503194  0.04696362101344027  0.05219935174595472
  0.05777717353365942  0.06364551498492513  0.06989593413022903  0.07639689240392368
  0.08291092416348801  0.08949917744606198  0.09637147283595338  0.10341268923291058
  0.11079718479210784  0.11837010301170167  0.12633071360213158  0.13462201071063346
  0.14320234670096188  0.15185484560774817  0.16054843419507420  0.16928968339585013
  0.17824483454166151  0.18751487016889909  0.19701996494219107  0.20668616846874124
  0.21650629518510936  0.22651322562830917  0.23677177909444147  0.24731852082533642
  0.25809047647919103  0.26889464076598152  0.27964117332434424  0.29046524973070220
  0.30132110313542854  0.31255264494972190  0.32432319325563058  0.33659103883584574
  0.34894919588333639  0.36137765097110858  0.37398971398526715  0.38676074734122146
  0.39958032973484775  0.41257583876297371  0.42553472096290529  0.43845526845383059
  0.45146422965107330  0.46472991835906263  0.47826142478752115  0.49176636587061329
  0.50529236651019571  0.51885058369693449  0.53278087146985109  0.54690845546912337
  0.56106134523980811  0.57520053877947175  0.58929831946457245  0.60340061932796729
  0.61795967548106956  0.63255177862018763  0.64712254304005146  0.66165331529283911
  0.67618381259544791  0.69069684573207124  0.70513866867016994  0.71959724455933083
  0.73425512643424362  0.74845483455972373  0.76259187730475853  0.77687415341834765
  0.79123971489145539  0.80547865929255924  0.81987189047719622  0.83411830865221281
  0.84819549593331933  0.86216699047687362  0.87621755623938169  0.89028609586205221
  0.90442820769948462  0.91844025301932808  0.93214845648027322  0.94580619140811228
  0.95943050188988255  0.97300418350806861  0.98652437853519992  1.00000000000000000
 -0.00260545424783052  0.01022143318742895  0.02101184221989758  0.03136183448342855
  0.04188657758645185  0.05249172872272394  0.06293677168861522  0.07289766052362925
  0.08254651996518060  0.09318264259408823  0.10361668011809352  0.11362318805723276
  0.12343667777404201  0.13402186115176179  0.14457560079246837  0.15479828293926992
  0.16493393758732094  0.17538055691810922  0.18604399824913759  0.19686373370748958
  0.20737256026850237  0.21747919469708746  0.22736409701356944  0.23761754948943994
  0.24815612460859679  0.25845635832328523  0.26870308011518940  0.27923812335700260
  0.28999301037824637  0.30056275575855690  0.31123150248003123  0.32214304452212683
  0.33315824944608186  0.34400026687600632  0.35479172812146625  0.36543445501625643
  0.37606057693089473  0.38720010379603409  0.39850983068648871  0.40970818659716146
  0.42106024036308315  0.43217000213697115  0.44294899828937812  0.45332741997915488
  0.46395216398460154  0.47486647721226427  0.48587085552431586  0.49677550375330981
  0.50765286120520225  0.51827206210002008  0.52888602406798713  0.53947460327553787
  0.54980552910915081  0.56034298618253220  0.57053277232165889  0.58078210224540494
  0.59096789651381998  0.60116957639225410  0.61124176954944975  0.62121171311034362
  0.63145073451455813  0.64196758081924854  0.65267733492529834  0.66385112877094199
  0.67532746084502804  0.68665780945100352  0.69757121926812427  0.70822404011205298
  0.71863528138589161  0.72899987393110954  0.73923423138846300  0.74916239409184171
  0.75904046818085991  0.76893065922375459  0.77936009638392123  0.78997900675431687
  0.80048991019697202  0.81084112137226971  0.82111895118620082  0.83098409531825157
  0.84120524276705178  0.85114802764348130  0.86166169437052265  0.87219015053152793
  0.88329042336469910  0.89418149764704813  0.90508656790624131  0.91629863770774933
  0.92753926621532456  0.93867839050595814  0.94877222386921367  0.95885571113119805
  0.96871931282379375  0.97891084927111560  0.98926136416705701  1.00000000000000000
  0.00129619102146372  0.01692343770769037  0.03107729588208095  0.04281571047405623
  0.05325199025519889  0.06321463257449569  0.07312035408173773  0.08272159153378784
  0.09198256458455865  0.10091124998357814  0.10965840140601354  0.11815244981008564
  0.12643077667148314  0.13427900574504520  0.14202074052796382  0.14951408008936676
  0.15683350792137485  0.16411770413906973  0.17147021618712119  0.17885111533676029
  0.18651476194921429  0.19440486626493311  0.20229102595907902  0.21003016664345775
  0.21755644111144984  0.22487204491421278  0.23204994465532350  0.23915135875600521
  0.24620889664120238  0.25331013310095513  0.26033402055270211  0.26722783824408536
  0.27400817172892539  0.28054859627539841  0.28734169536704168  0.29409200098695737
  0.30101495278795820  0.30812908229204305  0.31523886444629529  0.32226206472162267
  0.32914041521453158  0.33582500083783756  0.34240727400476978  0.34902958213508417
  0.35572276691530397  0.36244375192653044  0.36921077694702148  0.37616173457154223
  0.38334382301803799  0.39066244589831650  0.39775183452376944  0.40487813857162547
  0.41188870157863983  0.41906256787860241  0.42633711662921292  0.43371811205366023
  0.44110684807960371  0.44839022869827155  0.45565087986267794  0.46312612104931922
  0.47113697237511093  0.47920193523852711  0.48829687921033449  0.49708495059410296
  0.50617286962735475  0.51538412908703624  0.52472511277168010  0.53412076342363579
  0.54355238266585271  0.55293762080827957  0.56254361292268429  0.57217806460933118
  0.58182615093262691  0.59158527907680303  0.60128015384962297  0.61099109591901557
  0.62094153355211223  0.63128460404328690  0.64183123060405556  0.65240167426623163
  0.66329694052540600  0.67508414009099427  0.68752666202012003  0.70040122004198124
  0.71340386210941420  0.72712239969420744  0.74176830973006924  0.75640777078875565
  0.77151551226497295  0.78857653467862765  0.80790140241214292  0.82849534448737583
  0.85159757167812633  0.87939275946253748  0.91828271243190818  1.00000000000000000
 -0.02037452721042921  0.14610151412607697  0.19782738524114635  0.23118743654325552
  0.25556591636618731  0.27636387691304110  0.29427054397173097  0.31058974851115473
  0.32533974252018466  0.33847185012573294  0.35066524978823660  0.36240057899335437
  0.37364279500316661  0.38423843184459627  0.39418622795414104  0.40401631239443997
  0.41343853867748753  0.42228727158878138  0.43073696896244767  0.43910925134805723
  0.44732768325451527  0.45527292461032381  0.46285524480287565  0.47022482442359054
  0.47755133761456947  0.48475869135383476  0.49176154394941440  0.49855763717166396
  0.50509314960915375  0.51142603661629249  0.51749213061672616  0.52351872130610821
  0.52943086944616347  0.53547408412858444  0.54159416654838799  0.54756611293143764
  0.55343535970073365  0.55922157882315071  0.56492693519140802  0.57054238326993445
  0.57604481714265665  0.58140284405272957  0.58667640456403169  0.59202764485145987
  0.59751350832229166  0.60306218225505082  0.60841582593098864  0.61367529597738146
  0.61889497307048469  0.62407314639549749  0.62932065612756205  0.63461488668466137
  0.63991874367836710  0.64523403754605246  0.65053152178440554  0.65571392565921849
  0.66080616012562443  0.66577889562041104  0.67082322497558977  0.67597595182693559
  0.68119044438522958  0.68636995250587685  0.69142264624572691  0.69636968053870252
  0.70141772539850566  0.70660075622377927  0.71175776821554149  0.71683843177085804
  0.72191414446185054  0.72704713876859761  0.73222179419544930  0.73739279574847816
  0.74249953434099958  0.74753856193357870  0.75260816906692563  0.75778541674953781
  0.76311263921976125  0.76863391755948296  0.77433242124753066  0.78045358406605891
  0.78652282296517839  0.79290634735334131  0.79963420649998018  0.80640332387983016
  0.81352119288776170  0.82103804140188874  0.82895194921826465  0.83721629799442965
  0.84582057274157385  0.85492192631862030  0.86484274213009882  0.87601460729035541
  0.88923716182884083  0.90683432211830561  0.93461983396885173  1.00000000000000000
  1.32758803957448515E-005  -1.0000000000000000     
 T T T T F F F F F F F F T T T T T T T T F F F F F F F F T T T T
  <DiscreteSampler_grid>
  grouped_processes
  1 # 1 for a reference and 2 for a running grid.
  10 # Attribute 'min_bin_probing_points' of the grid.
  1 # Attribute 'grid_mode' of the grid. 1=='default',2=='initialization'
  0.0000000000000000 # Attribute 'small_contrib_threshold' of the grid.
  0.5000000000000000 # Attribute 'damping_power' of the grid.
 # binID   n_entries weight   weight_sqr   abs_weight
    10   10   2.544607108670257E+008   6.666397515078428E+016   2.544607108670257E+008
    11   10   2.544607108670257E+008   6.666397515078430E+016   2.544607108670257E+008
  </DiscreteSampler_grid>
