  0.00855252171937171  0.01652311294995116  0.02758796094355146  0.03870693976963629
  0.04912517223358788  0.05897802004338146  0.06905926625680499  0.07899628916060777
  0.08922536121394288  0.09968396979019244  0.11022110329533000  0.12068354750998588
  0.13088793198609622  0.14076763154774979  0.15070747833175471  0.16035754685485440
  0.16987229707784082  0.17929369136793449  0.18877988391458100  0.19877794264095008
  0.20892917246402887  0.21904187688283772  0.22903560532007883  0.23914284124276836
  0.24930030451356183  0.25936380772723744  0.26928672609758558  0.27970849056971064
  0.29029791935565413  0.30078957124856598  0.31104187388737653  0.32119394579027932
  0.33141573873170149  0.34154207824434923  0.35196283830323183  0.36273145399035056
  0.37360215338141778  0.38422605901824863  0.39453838552929893  0.40480989060609340
  0.41506379673794891  0.42536584908589764  0.43546903966874839  0.44552819961566992
  0.45529781136976144  0.46555957302750550  0.47579566611666163  0.48631902130494181
  0.49664957997371334  0.50720937933053689  0.51806537430556310  0.52871112677685650
  0.53922848996913597  0.54963127974103076  0.56007524983872492  0.57091233982583101
  0.58196241124313941  0.59327736402871267  0.60455030877070526  0.61550843105612785
  0.62635305649230644  0.63712447940688599  0.64768688631602567  0.65811975850066140
  0.66893270491744328  0.68002289250372494  0.69079029553070115  0.70095452434964600
  0.71129557714491243  0.72183514983970853  0.73280866374720122  0.74386162561134206
  0.75473421905599647  0.76503826036878553  0.77511793446263655  0.78514017629962829
  0.79543882438557256  0.80587319428006532  0.81609639576303650  0.82645532283630307
  0.83661679752878093  0.84676098957281798  0.85717449555213632  0.86720786900062408
  0.87763080385226866  0.88750798208280557  0.89748021328757477  0.90776325142074710
  0.91808568062761375  0.92862849077814136  0.93950619888959286  0.95016759803609940
  0.96093503944892400  0.97102603429244816  0.98109888380524468  1.00000000000000000
  0.00004807074428169  0.00005729567179311  0.00007678692405980  0.00010913170044085
  0.00013767152339409  0.00016530454578708  0.00019153073844631  0.00021448107609499
  0.00023826376323117  0.00026191446966691  0.00028575745956488  0.00030999895488041
  0.00033438530058897  0.00035856114014291  0.00038324483709457  0.00040832556474160
  0.00043417436558856  0.00046077313013557  0.00048785197198701  0.00051530951144664
  0.00054312736104290  0.00057130455515737  0.00060010183516125  0.00062926602559894
  0.00065879740563202  0.00068929282633019  0.00072060819904749  0.00075250413018707
  0.00078480316628527  0.00081760963143758  0.00085126704473596  0.00088640667270156
  0.00092267997466774  0.00096088113542465  0.00100090136986101  0.00104262301613095
  0.00108576582425206  0.00112956340451892  0.00117408818565995  0.00122018966048295
  0.00126838034941758  0.00131852833341505  0.00137004996003338  0.00142290948771057
  0.00147756298157214  0.00153352590551047  0.00159111802415422  0.00165106954691546
  0.00171361827962887  0.00177997052150593  0.00184879235507789  0.00192206543430777
  0.00199921425002121  0.00207971890418041  0.00216344993696508  0.00225026788707324
  0.00234060261582298  0.00243341520810990  0.00253078389494615  0.00263480884666267
  0.00274472195590709  0.00286188777036780  0.00298837392828481  0.00312690967373252
  0.00327226142828570  0.00341968828603165  0.00357144441396486  0.00373020344740294
  0.00389875017363278  0.00407259297023595  0.00425441408037438  0.00443960698256962
  0.00465936215678103  0.00490110624345322  0.00516177270198727  0.00544416535922785
  0.00575285717904106  0.00608598936687275  0.00644624269353489  0.00683238043806457
  0.00726643330924298  0.00777708458692825  0.00837008403807574  0.00904024404958730
  0.00974925321589622  0.01061052132775040  0.01163023977831963  0.01302246280112221
  0.01444152027418268  0.01635687887168566  0.01854429868225526  0.02150536991320638
  0.02548928958841553  0.03562555013577152  0.24603434710803943  1.00000000000000000
 -0.00234074138635569  0.01006558209368714  0.02004606207873000  0.03011528148126633
  0.04052066790584986  0.05054242470834640  0.06062427600961403  0.07092734107299886
  0.08137527566696988  0.09170816552029865  0.10194701735391191  0.11229691437784453
  0.12288828617166309  0.13326127336921195  0.14387566866549126  0.15421320504322178
  0.16437432402523244  0.17454097733407004  0.18488860297805268  0.19554798156763581
  0.20604552022915509  0.21670166558582002  0.22729330587694532  0.23800681822021383
  0.24886802376743186  0.25955965571800244  0.27009556675220592  0.28057844340368698
  0.29123017550949792  0.30204562466795776  0.31253157986564961  0.32330766322421522
  0.33412439566810309  0.34537206677606280  0.35628921366470928  0.36708279584122594
  0.37749813395097065  0.38777561638482916  0.39799300275425131  0.40800987575021197
  0.41811766881230017  0.42877208533015992  0.43930727957875526  0.44986185079492230
  0.46013990819521444  0.47112225234563021  0.48196396189029350  0.49248546238332863
  0.50304308653643792  0.51365088842169959  0.52439396687074880  0.53513134307375920
  0.54619441086532017  0.55720527405090148  0.56768029798137321  0.57816557563009197
  0.58811330242817861  0.59814800428084769  0.60832031002548459  0.61890249800989661
  0.62941691197351035  0.63978695545375830  0.65026464850915511  0.66062137037120450
  0.67077528720740487  0.68067466427555157  0.69111812159567876  0.70174377136301436
  0.71276544457482816  0.72320122283566035  0.73346912491998384  0.74378602946408112
  0.75406829951988852  0.76454356864975026  0.77477403492513708  0.78520747069603447
  0.79571688865609114  0.80622365519285055  0.81699688242787105  0.82772342865620419
  0.83845144339305722  0.84888491109237663  0.85939498522327229  0.87028463530097955
  0.88122382970554991  0.89216998811241999  0.90310985460340409  0.91400737247912778
  0.92475459536749283  0.93570730571693206  0.94721801043586484  0.95854937851496447
  0.96882389037044558  0.97937961575566390  0.98964656958070074  1.00000000000000000
 -0.00225778540218072  0.00927649302785332  0.01913203775228748  0.02938836578213069
  0.03961847407218406  0.05017797423542371  0.06119594427403004  0.07217798469882673
  0.08290986812762582  0.09311657999487429  0.10313169496642895  0.11308020053021763
  0.12311345026246037  0.13331570059356562  0.14340781949118644  0.15353009221021049
  0.16404033769841525  0.17471265366974068  0.18556187726724485  0.19592591971779807
  0.20595003892904520  0.21634855032446637  0.22697392924317936  0.23788490052419717
  0.24842280237281880  0.25879841953690691  0.26946845773778594  0.28026550531213740
  0.29079402263487708  0.30081187805841270  0.31054598291596308  0.32050059676335085
  0.33030589747342803  0.34038135487822346  0.35045449167206633  0.36085694985904415
  0.37150656911631974  0.38214082593171550  0.39259906555802887  0.40312882490511315
  0.41402825525121845  0.42565428626265361  0.43723986235963791  0.44854007586489592
  0.45968430608209587  0.47086413925228382  0.48226387978902635  0.49335895031916049
  0.50446602148249609  0.51558473406063576  0.52627612146912739  0.53659502984153284
  0.54718843865455236  0.55799136041978625  0.56864265215426424  0.57891451399785199
  0.58922627728118526  0.59983652685534783  0.61037036052591798  0.62070460763342794
  0.63100504038856597  0.64108989526248095  0.65114985878732101  0.66106020281932942
  0.67111845025870265  0.68142483381038454  0.69196073216414156  0.70263293157769957
  0.71343886855189165  0.72419514466297186  0.73470570230331267  0.74507331958898992
  0.75565542411192244  0.76608516559846063  0.77677425654848820  0.78741804903059764
  0.79851936440623772  0.80914544294918189  0.82003154521112520  0.83116960529618700
  0.84230301277836617  0.85336990921129008  0.86379565890796517  0.87392000665010150
  0.88383557876722785  0.89385693388461529  0.90435309947699238  0.91505796599629030
  0.92565534318504550  0.93589824816522860  0.94606743742716293  0.95615325360883074
  0.96675328406330074  0.97731158600884827  0.98853502739735166  1.00000000000000000
 -0.00233715275927763  0.00927516244079390  0.01924831919317754  0.02978062991490189
  0.04017839939392016  0.05031702082874497  0.06074160285850778  0.07090833011562840
  0.08157723628129662  0.09208254650069932  0.10260911743428458  0.11300040813318016
  0.12319798993186740  0.13459335488786625  0.14608836237443237  0.15756974930328749
  0.16827879551356550  0.17847018526030745  0.18884033701053968  0.19950086996123392
  0.21011011810471630  0.22059184789605263  0.23061526962963486  0.24094199514393128
  0.25100142490471922  0.26166829088955679  0.27265988224644422  0.28377372260761635
  0.29476408932935966  0.30573572619213457  0.31653293674803673  0.32743765775400918
  0.33840725195988491  0.34913623680137262  0.35947823325747608  0.36980551425017472
  0.38034263145258446  0.39051554009404521  0.40035872028246877  0.41015378023109339
  0.42024551267684745  0.43065086129553887  0.44099602958560724  0.45123440004595122
  0.46136157002736039  0.47146227869754515  0.48197219966181581  0.49264771276543434
  0.50349774143503523  0.51452333781560822  0.52514503428194614  0.53551678771493672
  0.54637857652137878  0.55765960611993726  0.56875095162879219  0.57948652373832654
  0.59050663034008455  0.60161371804576314  0.61238225761501897  0.62335767945363463
  0.63432089197359964  0.64507452852185676  0.65568066821147186  0.66615033496889908
  0.67666332459555034  0.68688272394733740  0.69701160511056037  0.70703922387039342
  0.71717493138004351  0.72705879360586745  0.73723701810537656  0.74737852766581359
  0.75793099819873033  0.76842210830576207  0.77875950798261329  0.78890984650258211
  0.79892893885826000  0.80868986646609597  0.81827323515721528  0.82805917253581118
  0.83796271306671588  0.84797318100103047  0.85792677369858550  0.86787777172286074
  0.87801805113771314  0.88851025425792962  0.89926138845664438  0.91031614550889428
  0.92154314994980524  0.93318442573456406  0.94469823589208013  0.95604074899987934
  0.96708816714846246  0.97819794069978672  0.98899993569996791  1.00000000000000000
 -0.00338349761260819  0.04959768686090676  0.07194278786504306  0.08793324928342001
  0.10189755103914244  0.11459166898623882  0.12637501340763707  0.13746049956534306
  0.14811223412658364  0.15841082907476209  0.16847296665663772  0.17827371146168997
  0.18770486909954051  0.19671236787970711  0.20550413265016784  0.21412490884568894
  0.22272439881818323  0.23132309747268381  0.23977837512680733  0.24798510631830198
  0.25601582716651844  0.26389553766278023  0.27173488987448124  0.27963328982039343
  0.28753561863255572  0.29517041007482414  0.30265240678617411  0.31003460080294420
  0.31740920902411673  0.32478312469962378  0.33217200164105781  0.33959200546340040
  0.34693049988249169  0.35412977250892452  0.36112125364503617  0.36802796982541131
  0.37501830740053249  0.38194240057525353  0.38899642614971558  0.39597062457933713
  0.40326132627718020  0.41053822406998053  0.41791632361956693  0.42532963498343868
  0.43268389066008933  0.44006113140500791  0.44734049574830254  0.45448137219318957
  0.46147440243951587  0.46835990876398131  0.47536335913406791  0.48263926492828646
  0.48999539713122625  0.49721056815968850  0.50429733968357227  0.51133336980296751
  0.51858406255276290  0.52613238052885880  0.53396504793895316  0.54153009213541803
  0.54863043008390155  0.55571840172367271  0.56302580367674349  0.57038322879631087
  0.57774365468880873  0.58516769017671566  0.59269087183081748  0.60030933982908163
  0.60812104508751730  0.61624957353973420  0.62460024109320522  0.63296018070615101
  0.64133915121934526  0.64981418858896511  0.65837077604269101  0.66704002760290093
  0.67574767906591138  0.68460593620853405  0.69371906891226720  0.70301301668478733
  0.71257032830416089  0.72237028699248729  0.73248028095628614  0.74288852721504073
  0.75374749542596053  0.76515256419471456  0.77684091304539016  0.78907051048229071
  0.80221407678988688  0.81654010516048980  0.83208277103516237  0.84952779588521865
  0.86884607651264212  0.89289711852778264  0.92793767045322162  1.00000000000000000
 -0.02037294137402729  0.12259936285245449  0.16007160974731049  0.18341361345538076
  0.20132295868258257  0.21618258191307499  0.22940568880795822  0.24119686529129486
  0.25223542161876306  0.26194239715130613  0.27147432265505184  0.28016244810754010
  0.28862830997985289  0.29657002961967732  0.30416587141638612  0.31160380136811749
  0.31887968302870506  0.32603441772807457  0.33299753460901055  0.33960438327555381
  0.34597860127176250  0.35223920184458452  0.35841275490041558  0.36457873732430668
  0.37079173162230927  0.37686227732005062  0.38278547190353651  0.38859291886137953
  0.39434766051084508  0.40010178067988561  0.40586098659389730  0.41158579271174994
  0.41720533624301076  0.42266572339344305  0.42797962513924326  0.43335075026952474
  0.43869022462121182  0.44418521971480696  0.44958469636262255  0.45496869691101871
  0.46034887731670893  0.46571653070504138  0.47112234689369309  0.47652952466964665
  0.48187533919773168  0.48731149324709200  0.49266203679186299  0.49793269663606077
  0.50322144642016664  0.50857387270426913  0.51400852045985135  0.51948215009413123
  0.52494578183183793  0.53036469063544134  0.53570896961409276  0.54096272319886285
  0.54617152663926960  0.55146105573838045  0.55688976789964562  0.56243773357767268
  0.56799821165374220  0.57350558018699938  0.57890931256716960  0.58428405280684614
  0.58976256787728298  0.59537906369653082  0.60110607651941161  0.60687687497802867
  0.61259565445729813  0.61829028374773654  0.62410334783093091  0.62998148802576648
  0.63605908003481593  0.64225074803668680  0.64861550423857972  0.65502635397107711
  0.66151896882623673  0.66808831844132255  0.67483283611861156  0.68161305984823972
  0.68843984095672528  0.69580001276644210  0.70330395700710879  0.71116827015016726
  0.71959665909194370  0.72818912400825775  0.73755916915643593  0.74738175742879043
  0.75833055430595098  0.77020944849526385  0.78332874939658792  0.79823838060657559
  0.81647156250882014  0.84025468304049755  0.87925514164717222  1.00000000000000000
  2.42877389115270203E-006  -1.0000000000000000     
 F F T T F F T T F F T T F F T T F F F F F F F F F F F F F F F F
  <DiscreteSampler_grid>
  grouped_processes
  1 # 1 for a reference and 2 for a running grid.
  10 # Attribute 'min_bin_probing_points' of the grid.
  1 # Attribute 'grid_mode' of the grid. 1=='default',2=='initialization'
  0.0000000000000000 # Attribute 'small_contrib_threshold' of the grid.
  0.5000000000000000 # Attribute 'damping_power' of the grid.
 # binID   n_entries weight   weight_sqr   abs_weight
    10   10   2.789667770007077E+005   1.371349998356223E+011   2.789667770007077E+005
  </DiscreteSampler_grid>
