  0.00001241798700266  0.00005302942640667  0.00007946719957197  0.00010456307328212
  0.00013194411079037  0.00015921859529370  0.00018609288160674  0.00021265867362035
  0.00023709084706895  0.00026141127101245  0.00028608624485504  0.00031115430427456
  0.00033649423125968  0.00036199291984896  0.00038732516780325  0.00041328636041182
  0.00043967993562889  0.00046652018051094  0.00049381255866849  0.00052155690335310
  0.00054982286094943  0.00057870199199896  0.00060918300805295  0.00064008202721510
  0.00067166523883645  0.00070372978211519  0.00073621205558150  0.00076945998135531
  0.00080373438538814  0.00083904927121014  0.00087532879180386  0.00091241990546186
  0.00095041402645820  0.00098966417174200  0.00103005784275956  0.00107171669512454
  0.00111398233847589  0.00115784761620986  0.00120218491617937  0.00124831125164276
  0.00129604994260950  0.00134578950383267  0.00139843819593040  0.00145195334177054
  0.00150807658725647  0.00156605101545014  0.00162625315927520  0.00168897543708047
  0.00175329273095787  0.00181967123992253  0.00188896211809508  0.00196158197277266
  0.00204080762585312  0.00212165484328657  0.00220750481432766  0.00229468629203155
  0.00238664066005452  0.00248326161081251  0.00258439145391311  0.00269140739923118
  0.00280308979388830  0.00291978142787922  0.00304418639181700  0.00317490471273675
  0.00331590783304735  0.00346487467257518  0.00362543138993216  0.00379514696330566
  0.00397676617946712  0.00417332493055242  0.00438209980432750  0.00460543883862351
  0.00484402625698874  0.00509978262473926  0.00538970779119449  0.00571044839530247
  0.00606055691917116  0.00644108740201280  0.00685673069778460  0.00730364553337720
  0.00779418450358954  0.00834353671886749  0.00895330368931522  0.00963507070023379
  0.01040294462773266  0.01128713141108100  0.01233881803298980  0.01364274069873508
  0.01527232391724521  0.01724025081280039  0.01961467555015091  0.02286048904043424
  0.02733893477849928  0.03429620428934445  0.72355170740416463  1.00000000000000000
 -0.00258334452131187  0.00987500671266751  0.02071033674446611  0.03171818002576983
  0.04269589030603691  0.05370289894328724  0.06453168906130385  0.07526236146396620
  0.08584208852524980  0.09645740392904882  0.10683989994586574  0.11739398519558854
  0.12819707720444437  0.13925984344657560  0.15008979385152352  0.16073509299221583
  0.17140975894217486  0.18222947662464262  0.19277419300748275  0.20299920599258145
  0.21314285454431225  0.22350007396653071  0.23403329785828927  0.24450768435247949
  0.25486395501540365  0.26523385024929297  0.27580935257511158  0.28638583127383016
  0.29678555062909434  0.30704613449930795  0.31728110623202554  0.32756718204359520
  0.33789335642411872  0.34831309950749062  0.35886511951934641  0.36940132582803847
  0.37996794189127781  0.39032483602920326  0.40070793859246112  0.41111607349719670
  0.42153940894476860  0.43198585623000346  0.44238418189566775  0.45293663147174923
  0.46355664059036583  0.47426711029158136  0.48504787774165992  0.49592646067258078
  0.50645768261806734  0.51678227555130152  0.52694596359996171  0.53720513170201434
  0.54746731653243774  0.55761667357858113  0.56793544286870612  0.57849665662302541
  0.58897052233255964  0.59928644501249806  0.60964936202112763  0.62017964328034392
  0.63080061751257466  0.64139627923419473  0.65200747559516825  0.66261788958232692
  0.67313916711302857  0.68366457417284887  0.69436044399588526  0.70517687928480499
  0.71585518375565771  0.72687486221245334  0.73795738158910673  0.74909480161516451
  0.75963893618720446  0.76999781301393388  0.78025353780170037  0.79052434302424346
  0.80079505143638707  0.81109226798765144  0.82138238799375107  0.83160716840325877
  0.84199408473328419  0.85252313096982346  0.86299053591662489  0.87335181051326938
  0.88356919539115708  0.89379814339570041  0.90449400034537963  0.91506896907065605
  0.92576228139229955  0.93670704042719555  0.94767264795877137  0.95899580863295042
  0.96949877821021180  0.98001058822794518  0.99000856679012994  1.00000000000000000
  0.00014944676861778  0.02257744202006314  0.04130879322616322  0.05701340394473633
  0.07096778088390794  0.08373811892888453  0.09594688758799824  0.10762200058674203
  0.11879677080763142  0.12952692626076015  0.13988123400715566  0.14984290274713624
  0.15943141866443752  0.16879470738240282  0.17791279693272838  0.18694135815851409
  0.19571815777852300  0.20435994629270843  0.21279125367334131  0.22110591065828611
  0.22934081028090930  0.23747709551471799  0.24552211949195055  0.25336278925778333
  0.26103527433085061  0.26867791271024738  0.27637539084541679  0.28408916843903464
  0.29177263113215396  0.29946684120468353  0.30720092397128740  0.31495373611084831
  0.32270182347911419  0.33040641699588363  0.33790491073722612  0.34526905656554796
  0.35262580741736388  0.36001344593591428  0.36747452018372884  0.37502018238835472
  0.38247031789879482  0.38985556486708445  0.39712235958766234  0.40428084354661004
  0.41151527817619410  0.41882930959479897  0.42619115895176973  0.43346263211323433
  0.44071703026714643  0.44807899387213268  0.45552418441111414  0.46301450288727347
  0.47056975893996716  0.47820129167597775  0.48588367626755652  0.49355235238712963
  0.50125381040529915  0.50874450232740698  0.51653891147489817  0.52431007919516281
  0.53216334510719676  0.53996156078356994  0.54771032737454350  0.55532614689816062
  0.56302218447818420  0.57091175894935975  0.57897594009608067  0.58722186910929652
  0.59562767308855236  0.60410581447607681  0.61258129861742583  0.62104823700474332
  0.62952144148040323  0.63813415310264987  0.64689921016650886  0.65577544097710760
  0.66468645052979625  0.67390254138251204  0.68347672384027358  0.69317531419713774
  0.70301182953010133  0.71301772934947572  0.72341209645275539  0.73421166847669839
  0.74564210847640799  0.75739935008071124  0.76969323736973827  0.78290629252510024
  0.79697952438133746  0.81151992010388929  0.82721748488034574  0.84436602656181758
  0.86401874185234540  0.88898613857126851  0.92501376298637050  1.00000000000000000
 -0.02061833856452835  0.12111212130468495  0.15898257537349000  0.18201007092335855
  0.19979482817956704  0.21448271035477767  0.22743767910597235  0.23914781543312469
  0.25015365383180294  0.25984105176050815  0.26917292778973551  0.27803836580642655
  0.28648371315426840  0.29472443970069684  0.30237883935378163  0.31001938228163817
  0.31742702189500588  0.32474741846430782  0.33201988268015770  0.33894119656370553
  0.34558793335085386  0.35206734843518822  0.35841122835425487  0.36465005730133287
  0.37081920546524449  0.37682955283887104  0.38274276404945051  0.38862745309620922
  0.39443696005936479  0.40010416067509608  0.40563525476513890  0.41109421476003671
  0.41655668562142850  0.42204069518898074  0.42754526969207152  0.43299401929143111
  0.43835614621975583  0.44372386154794330  0.44906314268245850  0.45439972035104664
  0.45976363828192984  0.46516543948234268  0.47058257379761786  0.47600768669932436
  0.48145873393491356  0.48692077682737012  0.49238764602699364  0.49788346634203617
  0.50332771251139474  0.50876086556035105  0.51421537835470732  0.51961809904989276
  0.52494294882600834  0.53022912622619123  0.53552652507718923  0.54083127670279718
  0.54608572633663699  0.55140212936030319  0.55672992616181582  0.56213164572257601
  0.56751316280700426  0.57290384312381260  0.57831664115703452  0.58375375748067981
  0.58927264270795809  0.59487446289743739  0.60053980480929614  0.60628360603877030
  0.61208944083911132  0.61793868947578123  0.62383781097317537  0.62982914035031301
  0.63584384115359638  0.64189114983783913  0.64816535128284858  0.65467907924603685
  0.66131582733265704  0.66814811852050870  0.67516842271519573  0.68226966009811896
  0.68955614116772923  0.69710248175654932  0.70484512350281814  0.71285319974153061
  0.72115408758196398  0.72972163121530187  0.73910432394002146  0.74888425897583299
  0.75975213481865567  0.77143179239303494  0.78446446315453866  0.79934911858913171
  0.81721836924267122  0.84004938626559134  0.87812167334908608  1.00000000000000000
  2.68269508311607415E-005  -1.0000000000000000     
 T T T T T T T T T T T T T T T T F F F F F F F F F F F F F F F F
  <DiscreteSampler_grid>
  grouped_processes
  1 # 1 for a reference and 2 for a running grid.
  10 # Attribute 'min_bin_probing_points' of the grid.
  1 # Attribute 'grid_mode' of the grid. 1=='default',2=='initialization'
  0.0000000000000000 # Attribute 'small_contrib_threshold' of the grid.
  0.5000000000000000 # Attribute 'damping_power' of the grid.
 # binID   n_entries weight   weight_sqr   abs_weight
    10   10   2.569682767799644E+008   2.056215533987231E+017   2.569682767799644E+008
    16   10   2.569682767799645E+008   2.056215533987231E+017   2.569682767799645E+008
  </DiscreteSampler_grid>
