  0.00001789525944127  0.00004949787251188  0.00007455393596941  0.00010194923589422
  0.00012845122213421  0.00015483475369800  0.00018096379481394  0.00020650722302858
  0.00023098581834254  0.00025419186963082  0.00027733115097920  0.00030084434399514
  0.00032480605078500  0.00034915124982942  0.00037379428885772  0.00039886841198285
  0.00042418896017475  0.00044971568584159  0.00047598127898205  0.00050339070482409
  0.00053159746431226  0.00056009904733233  0.00058906735428103  0.00061920193603434
  0.00064983280832775  0.00068162881578466  0.00071469090887500  0.00074869310791780
  0.00078326330296227  0.00081853248780675  0.00085446131001286  0.00089078476091947
  0.00092757594198720  0.00096534830577573  0.00100439458403061  0.00104513950840704
  0.00108769203538919  0.00113120946212069  0.00117688591328649  0.00122360901239686
  0.00127246377526580  0.00132287679923022  0.00137503508776014  0.00142906369181986
  0.00148477223778782  0.00154223033476332  0.00160275412656996  0.00166413083761188
  0.00172913583902204  0.00179625529694605  0.00186813368266190  0.00194422153509516
  0.00202261261445685  0.00210489208903879  0.00219264204977034  0.00228480765262881
  0.00238334921262314  0.00248273018051850  0.00258857961122231  0.00269892622756271
  0.00281447257728687  0.00293630331655479  0.00306469998249687  0.00320169833033797
  0.00334774842353879  0.00350099909719490  0.00366416909950913  0.00383179307068622
  0.00401190256339185  0.00420531635661000  0.00441875659973245  0.00465877424283411
  0.00490922422979174  0.00517646233233708  0.00548456785285145  0.00583080020947660
  0.00620830471810667  0.00661183024924929  0.00704788156173448  0.00752387121371578
  0.00803680437590630  0.00859757180523761  0.00924279976946269  0.01001546689449949
  0.01092959528100271  0.01201907246387631  0.01327271441384149  0.01481292599887638
  0.01670916479755647  0.01903010437631132  0.02188041031005849  0.02645770865954335
  0.03406251587403591  0.04883701020429411  0.47789051256228166  1.00000000000000000
 -0.00243489196807970  0.01007118735483917  0.02070133185732493  0.03140738307290818
  0.04204272347082917  0.05241435050372197  0.06282660655926692  0.07322663894928803
  0.08383247254467102  0.09452839526549472  0.10522409727771001  0.11573238399189660
  0.12621450055396993  0.13668820534179318  0.14738769694114154  0.15801763620499018
  0.16864237543574762  0.17918156946947833  0.18987762720432147  0.20085974343615520
  0.21178051472628559  0.22256555107636222  0.23313604887931005  0.24358170385081410
  0.25412134721129076  0.26475003496889621  0.27540664035665530  0.28597050928014378
  0.29646202704538405  0.30698634133290614  0.31736809940632182  0.32773784621352209
  0.33815831805127156  0.34850124298975882  0.35898429688660366  0.36937677432287369
  0.37986016934460048  0.39041497500576866  0.40098867479279771  0.41173384170557858
  0.42230143972830442  0.43266341311271855  0.44302089102602088  0.45340338296386390
  0.46430348627671419  0.47516502814779765  0.48626147032848394  0.49730915672469689
  0.50810764934832109  0.51873062491226718  0.52921078063017901  0.53970096684672830
  0.55014787420655242  0.56065401890561739  0.57118414932255313  0.58179884292307560
  0.59255186097091073  0.60344913835525216  0.61425119641044090  0.62505731161045586
  0.63567047958615497  0.64619277401673370  0.65668895852747899  0.66729105753961859
  0.67794956850914057  0.68855278292182942  0.69936059286579288  0.71000423090100029
  0.72041826302208800  0.73063944084938981  0.74101711364809686  0.75139721885760546
  0.76171439558884102  0.77189103988239283  0.78217425361878301  0.79256957794463001
  0.80322706625809481  0.81381568742306931  0.82421161821388511  0.83452523034346815
  0.84507244634761036  0.85565454238131944  0.86607870594458469  0.87665037645930532
  0.88725153433110704  0.89799329912343828  0.90853412988591431  0.91894729194614366
  0.92906202643832358  0.93929032115418032  0.94939195969493417  0.95950222423835274
  0.96952530168843165  0.97943995019415786  0.98971526393272824  1.00000000000000000
  0.00033999402938119  0.02311262054229384  0.04201795648600556  0.05752788001139868
  0.07120843896443863  0.08372477177892378  0.09558869148292663  0.10705172790751177
  0.11818711515380004  0.12882046125053140  0.13895985327492233  0.14873064084152551
  0.15828692209588549  0.16774976716081361  0.17717211923884524  0.18642405035649659
  0.19551793330003961  0.20444651703353689  0.21316509716468124  0.22176237343915428
  0.23023373844321324  0.23855857346106563  0.24680080516791800  0.25495512436573881
  0.26302603570361865  0.27109974607602205  0.27923612910361667  0.28746005902851141
  0.29557850148950043  0.30353042650985207  0.31128632860381061  0.31888696164033681
  0.32648931693025945  0.33409755182923728  0.34159075546910411  0.34899638311079684
  0.35637652833172506  0.36379931669653215  0.37127399063146194  0.37878293664535229
  0.38628542413930173  0.39372401744841928  0.40102046493401561  0.40823772192140739
  0.41551306267759902  0.42284830715603205  0.43021304762757651  0.43749987766287302
  0.44471809286974701  0.45189200717888250  0.45916703959885841  0.46652201152859568
  0.47393417559790169  0.48124287744332583  0.48857713587180135  0.49583782459520970
  0.50340348335166873  0.51089854408998081  0.51840844743104131  0.52599182616296603
  0.53360901052895759  0.54127967530661869  0.54901718947512157  0.55678563051720531
  0.56458604257789258  0.57242422451518993  0.58028856258828210  0.58822709863978262
  0.59627988674063759  0.60447175054353774  0.61285969320992484  0.62134566534640634
  0.62989943798301484  0.63855965388918290  0.64733984929506805  0.65637806822340872
  0.66556553912929672  0.67488991380139873  0.68439528507093439  0.69413645104176147
  0.70426048147585174  0.71450905959006761  0.72494400195710373  0.73577964713109312
  0.74684450895151322  0.75815095456612558  0.76981570808524391  0.78255526474294657
  0.79620519602751916  0.81100115472486056  0.82682471703549565  0.84389759771425843
  0.86318142444713164  0.88727808466498259  0.92307411990860866  1.00000000000000000
 -0.02109392390177452  0.12222831314140029  0.16018623261331474  0.18314471087723816
  0.20079707571063046  0.21554742543663982  0.22883380816681656  0.24085038823280014
  0.25195233353327606  0.26199981217701973  0.27177323079584259  0.28073892940232958
  0.28942849262600467  0.29761531545032116  0.30550312429014337  0.31321683685830193
  0.32051968137459419  0.32767438966122975  0.33455475820530939  0.34121320592405668
  0.34775336249282457  0.35416408937989563  0.36032172026587722  0.36642234315234684
  0.37242737219734623  0.37830693632228107  0.38408419240986424  0.38980252831283302
  0.39546412121955288  0.40105468626699442  0.40659083254126455  0.41209772583947951
  0.41756205300423516  0.42291539462078487  0.42827959099673168  0.43364117036335204
  0.43898901529261197  0.44432193384656654  0.44968491387502474  0.45503612016118111
  0.46033647696430868  0.46558026812782022  0.47078120160713188  0.47597553308984458
  0.48116072824318390  0.48631165801213477  0.49145984222721317  0.49662193292719975
  0.50184393074562816  0.50711088605393517  0.51234204544899575  0.51756209659534602
  0.52286014409616466  0.52822100782527115  0.53359126105018384  0.53895082564229124
  0.54429885185801596  0.54964441113577067  0.55503053748377695  0.56047609136618248
  0.56588691771162603  0.57129645432859144  0.57668554560499719  0.58204824725858639
  0.58757758873928156  0.59313858179306789  0.59872093609247190  0.60440737652637389
  0.61022122154935565  0.61613975213837879  0.62211849461472535  0.62820147741580334
  0.63439775513095242  0.64060540465649207  0.64694238636162726  0.65344327215861586
  0.66013287727794634  0.66695773361296729  0.67398690186837873  0.68116122916562061
  0.68848870033543952  0.69604920932320036  0.70387525100991644  0.71192362182855051
  0.72056225875606283  0.72934196406465446  0.73893023061661700  0.74893693489044055
  0.75983059949345300  0.77158828532799550  0.78466108787530675  0.79969492072376203
  0.81782209545772411  0.84127537779050598  0.87928256870917643  1.00000000000000000
  2.68963177856451070E-005  -1.0000000000000000     
 T T T T T T T T T T T T T T T T F F F F F F F F F F F F F F F F
  <DiscreteSampler_grid>
  grouped_processes
  1 # 1 for a reference and 2 for a running grid.
  10 # Attribute 'min_bin_probing_points' of the grid.
  1 # Attribute 'grid_mode' of the grid. 1=='default',2=='initialization'
  0.0000000000000000 # Attribute 'small_contrib_threshold' of the grid.
  0.5000000000000000 # Attribute 'damping_power' of the grid.
 # binID   n_entries weight   weight_sqr   abs_weight
    10   10   2.738848520896531E+008   3.715173299065585E+017   2.738848520896531E+008
    16   10   2.738848520896531E+008   3.715173299065585E+017   2.738848520896531E+008
  </DiscreteSampler_grid>
