  0.00955152278179897  0.01548200741303451  0.02473996936316267  0.03549249156549741
  0.04582699916173015  0.05619234187337267  0.06656111493989560  0.07694563569258113
  0.08729451516998693  0.09766057963693579  0.10801423104282054  0.11837951882001181
  0.12872680187409344  0.13906785078366179  0.14942444024640184  0.15984226745923477
  0.17027643428236353  0.18070069945324846  0.19104737563096416  0.20133947007857952
  0.21167419572922261  0.22203584870363252  0.23241585028808717  0.24278272183163213
  0.25311278135294307  0.26348902969602883  0.27387793327311583  0.28428957592816873
  0.29467656021833061  0.30503467836118608  0.31542426755890152  0.32577114368602078
  0.33609908599831378  0.34636976759045485  0.35668110876847892  0.36699938196914822
  0.37735214616652440  0.38770140528438096  0.39808495698592833  0.40845219496437579
  0.41885065870829746  0.42923282006310803  0.43965932117129819  0.45009759597148169
  0.46053904686140784  0.47097871434228616  0.48139575362777298  0.49185748704825022
  0.50231355958136947  0.51276140499185074  0.52318460702429648  0.53360411450723488
  0.54400566669635764  0.55436909024173631  0.56475731503596627  0.57519412913917778
  0.58566315287278958  0.59614201976020820  0.60660613644323069  0.61704087318928247
  0.62743498442593659  0.63780316393565040  0.64819542542136077  0.65863987555821935
  0.66911688189623020  0.67960161893107629  0.69004634777567631  0.70045274535034641
  0.71085924286055657  0.72127326506233325  0.73171656594872780  0.74216548519302483
  0.75259882045799376  0.76298762962092759  0.77337228277713010  0.78372577246589004
  0.79403065639351200  0.80430149321225541  0.81460282575793419  0.82494264325719391
  0.83528792083333336  0.84562330874830660  0.85601119725018004  0.86644076306808582
  0.87685476144398000  0.88723657140190404  0.89755191041362292  0.90790115190684384
  0.91828772409613135  0.92872657782032808  0.93912959719729816  0.94949767184521039
  0.95982920849568809  0.97015309098514479  0.98048674704667638  1.00000000000000000
  0.00957869541294707  0.01564755241634587  0.02469297092701818  0.03541180085369484
  0.04573704285090148  0.05615115876782233  0.06656418015123967  0.07698004460878302
  0.08742125654230858  0.09781695908085232  0.10821112370450275  0.11853509515384950
  0.12889103285962727  0.13927060603249575  0.14967705957719171  0.16007952630292310
  0.17045574653570419  0.18087559009404713  0.19129469920630277  0.20169716072569202
  0.21207575778485813  0.22242904223158019  0.23279883281986047  0.24315568309372265
  0.25350229401957802  0.26385385153928631  0.27420298221384376  0.28459612498532838
  0.29501677509144986  0.30544114960794594  0.31578797996242625  0.32606944104799851
  0.33637355385014794  0.34672367530174830  0.35713543806773429  0.36752499231138391
  0.37792943153016484  0.38833138744131140  0.39875431427817148  0.40922228201744482
  0.41973550316647540  0.43024558312366984  0.44070467911360117  0.45112053593649326
  0.46149704564607080  0.47187759582417066  0.48226062589606666  0.49265958866743420
  0.50308372261854484  0.51349183220235262  0.52391096129097803  0.53429241404324956
  0.54465388367665901  0.55499273563754081  0.56534788327871499  0.57577669554568689
  0.58625791757435164  0.59673952102415195  0.60717808817253205  0.61756412045505882
  0.62790640818876864  0.63823579869843627  0.64854371894239704  0.65884679970299254
  0.66917382049416074  0.67953510593078859  0.68992707817555898  0.70030148380895940
  0.71065595889299471  0.72105332718047288  0.73150609555043511  0.74195283962803782
  0.75233115796208949  0.76263320795736556  0.77295848538522460  0.78332115965301841
  0.79373290033170141  0.80411098345748966  0.81449826384910962  0.82487564446654982
  0.83526464059231464  0.84570856981766518  0.85617157203586458  0.86664430437773987
  0.87705783676431814  0.88746498643270233  0.89787142964285493  0.90829167094889274
  0.91866116195115843  0.92905046158642213  0.93938757289664176  0.94972628128629233
  0.96009766413057096  0.97042648015717525  0.98072757185416537  1.00000000000000000
  0.00958265751571492  0.01561511047453139  0.02495680727750575  0.03573432398505022
  0.04603620251352741  0.05633019681712980  0.06665225200684111  0.07706196083163951
  0.08752321961891753  0.09798787876523898  0.10844647116048176  0.11893438918082883
  0.12943720566280761  0.13990251480808383  0.15030857593550678  0.16065549825308628
  0.17094216479883553  0.18121522206419419  0.19155234517538966  0.20194367474114780
  0.21232126455496411  0.22265840560189357  0.23300462182389289  0.24340708397956662
  0.25379153803235260  0.26417740370539017  0.27456668236609899  0.28494859099483283
  0.29529217107487055  0.30560607002697160  0.31597442231629552  0.32639148390545125
  0.33681048714715639  0.34720005583604280  0.35759734533316040  0.36801927322148648
  0.37842157916785313  0.38882507541042777  0.39922601671042157  0.40964541920319364
  0.42002480311268386  0.43033760097160034  0.44066261159052206  0.45103960748930338
  0.46145230147160410  0.47185433218550737  0.48224025088702344  0.49265195185554361
  0.50306029001353070  0.51346836692057474  0.52387708132518729  0.53429401573174651
  0.54469408340497782  0.55506231704421549  0.56542572158152904  0.57575080047971328
  0.58605134812667103  0.59637802634760939  0.60675911347016542  0.61718700875274590
  0.62757499475154288  0.63792749430116291  0.64828731285084051  0.65866894084520566
  0.66908614036805092  0.67952908965735781  0.68997707182036860  0.70038964432411510
  0.71075435842442991  0.72111293472961402  0.73149204474508855  0.74186576769520063
  0.75223516312280581  0.76263942828726317  0.77309533345271719  0.78354561930855360
  0.79393672753386868  0.80430225824391499  0.81465583866149971  0.82504274049368231
  0.83541446873859926  0.84576666352605456  0.85609604445960430  0.86642148254442286
  0.87681563627319792  0.88717494079832404  0.89751996303840875  0.90783869224167812
  0.91821072357347233  0.92867256299426915  0.93911541448705083  0.94953501387525308
  0.95992222994676146  0.97029187915738369  0.98061706457104858  1.00000000000000000
  0.00948435315454664  0.01579456801522409  0.02500226995673616  0.03587105357802402
  0.04626721849695531  0.05663107673124620  0.06696272192457274  0.07728274797496623
  0.08765601405092723  0.09797114788162425  0.10832108085305971  0.11865285902685212
  0.12908554526214847  0.13952975848777829  0.14997657241733403  0.16043479781084721
  0.17088061320645287  0.18127401973364038  0.19158107568395893  0.20190903130323792
  0.21232358865959680  0.22273219849833256  0.23308758999607562  0.24342289726103805
  0.25378849599453440  0.26422279669586968  0.27464480188137036  0.28508999796698625
  0.29551889252592745  0.30596852794772839  0.31644040452453320  0.32689981435199800
  0.33735621368081442  0.34779302866362377  0.35822037371684079  0.36859390838516115
  0.37893705836122976  0.38928085148044006  0.39965479437693530  0.41001678810708558
  0.42036000543161578  0.43070207515117220  0.44109601621293293  0.45153264831456680
  0.46198001802027322  0.47242762562775087  0.48288586792219967  0.49335050198258834
  0.50377394863190361  0.51413587277787476  0.52445639732692073  0.53482407772505536
  0.54526337769481747  0.55572843763962565  0.56617504789815343  0.57654531486998417
  0.58687472914644301  0.59720720554149742  0.60757580920415866  0.61798606949610535
  0.62837317600653442  0.63873411860707063  0.64908550104850449  0.65942145750579229
  0.66974040318174932  0.68005938816829126  0.69040522184223041  0.70076983374674406
  0.71113088070224861  0.72147215829054223  0.73182665993852447  0.74221465651263052
  0.75261074116556004  0.76299954817576165  0.77333267704478492  0.78366332371122471
  0.79404272917390095  0.80450049572765692  0.81494305581660864  0.82529796273526412
  0.83562997416553686  0.84600715916328173  0.85642784490179669  0.86684021356752172
  0.87720501126233408  0.88759102062940509  0.89797305729033539  0.90836326361251352
  0.91876126410941428  0.92910905920878084  0.93948455832334943  0.94977483680699415
  0.96012182434923621  0.97039103316947017  0.98067022925458303  1.00000000000000000
 -0.00248015612612234  0.00956701762887154  0.01975723139083479  0.03038731085709363
  0.04103087380787335  0.05170882149717482  0.06230768054498131  0.07286724088167909
  0.08334577737222461  0.09391574872808607  0.10449253224416351  0.11506886692818682
  0.12558956831362311  0.13607385597553395  0.14659128449197026  0.15708682416940992
  0.16758973556090484  0.17803899031154108  0.18851965707959434  0.19904332353128018
  0.20960918082301860  0.22017523787734708  0.23076595740614203  0.24135079122307398
  0.25193025189425855  0.26245880762163171  0.27296852712290276  0.28342220985834249
  0.29389195993701922  0.30439391178886549  0.31493451490013619  0.32552401920904134
  0.33611403356641367  0.34669626462539521  0.35722432832667511  0.36776649720599403
  0.37836493619779965  0.38892637662946450  0.39947078091197563  0.41002422121934540
  0.42064966881331706  0.43125431538541414  0.44178433969893438  0.45226454542423261
  0.46277144755453775  0.47336888759510359  0.48401402643912161  0.49462955732003600
  0.50516838956181676  0.51569066488712767  0.52622256970687065  0.53674202406223159
  0.54724851647197481  0.55777876265649384  0.56831296530139652  0.57887813017027467
  0.58947093315188870  0.60006508755588250  0.61069350408727296  0.62133510903354883
  0.63199194001679770  0.64261733959828871  0.65320004204025839  0.66379177200246109
  0.67433275667996784  0.68485574428476936  0.69531162403121693  0.70578199917897877
  0.71624917514604425  0.72677388944943067  0.73728202833582090  0.74777744820242664
  0.75826011915032721  0.76867237965310042  0.77911329069460955  0.78963602332757976
  0.80020565159372381  0.81074793002217704  0.82122901799902592  0.83173864714709500
  0.84223877148859472  0.85277999090296452  0.86331942898890057  0.87382882597191325
  0.88432471031008830  0.89480641749966749  0.90534221804996984  0.91583750458605562
  0.92630925767650396  0.93677770607774269  0.94725907075536908  0.95774306370224582
  0.96831493684133130  0.97888013530783058  0.98948942758439151  1.00000000000000000
 -0.00250628998616128  0.00952979529507845  0.01971737882505670  0.03026827393017845
  0.04088495816201802  0.05146661835563191  0.06203934990316218  0.07261367383393157
  0.08321508293511594  0.09380896446732767  0.10442718673236821  0.11497645335306371
  0.12558953637403897  0.13610507056130772  0.14673874548748314  0.15733131474904269
  0.16796162435154960  0.17852702786281280  0.18911489953666996  0.19968497080392683
  0.21026355938879923  0.22070358197931536  0.23110801007254775  0.24145106158423441
  0.25192708541350306  0.26247181581300405  0.27303266941135662  0.28356752674317609
  0.29402549855841936  0.30458420172140943  0.31511398956182840  0.32571411243293741
  0.33626205954700106  0.34682993511847188  0.35739079603888951  0.36791793077107182
  0.37844562422323835  0.38893481582864375  0.39955447845566938  0.41016284035764428
  0.42076404976449699  0.43128220177575344  0.44185393013433455  0.45240846543858165
  0.46297049861135164  0.47345534382434534  0.48396953546863763  0.49440317769252834
  0.50489194180912889  0.51539117431765458  0.52593528499165210  0.53642383949200190
  0.54690115034794229  0.55739627758081189  0.56792500397307866  0.57849357437317495
  0.58908419996288808  0.59967455421821936  0.61023293712464965  0.62074706358188003
  0.63129105558107868  0.64181955777849187  0.65240620779392111  0.66297267307203467
  0.67349223842143635  0.68399350569083861  0.69451891078455774  0.70509191689588468
  0.71561764224587054  0.72613708077137773  0.73667397444485028  0.74717214443956492
  0.75767543982042385  0.76818152476249157  0.77875656225882572  0.78928035237185468
  0.79979295618763802  0.81028848630705896  0.82080113155104328  0.83130186672656992
  0.84178395193539646  0.85230025068531967  0.86283335774112524  0.87337645566520883
  0.88391346994822662  0.89447430131462058  0.90509996797500714  0.91572413275546660
  0.92629797803646574  0.93686923557186219  0.94738661205065366  0.95793371007798067
  0.96840468810007285  0.97892886082519714  0.98945660084280718  1.00000000000000000
 -0.00242839442569409  0.00971853786032621  0.01990762152625807  0.03044162787410556
  0.04098272729731621  0.05151883976490589  0.06200473961049265  0.07251757189747166
  0.08305759109352837  0.09364848092709409  0.10425282446686084  0.11491552279040532
  0.12556367051435466  0.13614985673176677  0.14663913435237377  0.15707826437981731
  0.16754202164913160  0.17800339115032432  0.18855246149689259  0.19908674939901347
  0.20967718752993442  0.22024115738780989  0.23081200873635888  0.24131932041436646
  0.25182048645886235  0.26234358885986681  0.27283917135953706  0.28335066474344756
  0.29382879800173917  0.30436113664896186  0.31484152963849654  0.32535049185082709
  0.33584337155187988  0.34641808588347128  0.35694583793142159  0.36752549805895240
  0.37811380485997692  0.38870768528975019  0.39927144685119886  0.40974311064242663
  0.42023095156852508  0.43076431714492169  0.44129453387741652  0.45182049576927541
  0.46230366181015953  0.47283447756189845  0.48340118724628134  0.49398093396353276
  0.50450081105670119  0.51498970173522918  0.52549706532291562  0.53608996253250396
  0.54669510225195672  0.55722417676721692  0.56767321359716927  0.57814916216172629
  0.58866925534304637  0.59923887498025508  0.60973951263702730  0.62023953256657072
  0.63075674203205867  0.64133863611723685  0.65190440780759173  0.66250415237829030
  0.67308151536202920  0.68368956140273984  0.69426153856434136  0.70477145301651878
  0.71527999774983120  0.72583578392654535  0.73643409046170782  0.74697761012006814
  0.75746082276498294  0.76796870980723408  0.77852766675338447  0.78912334770044112
  0.79968812065569472  0.81024289839823183  0.82075724036131337  0.83127861212405074
  0.84179323061554667  0.85235267913147172  0.86293280106534853  0.87351140192417465
  0.88409098730660718  0.89465687601101718  0.90516957856030889  0.91571131409544304
  0.92625673798722374  0.93685565022038231  0.94736519643299244  0.95792711976520006
  0.96848420137649438  0.97902571379550796  0.98952163533264326  1.00000000000000000
 -0.00247266387560413  0.00946636486613275  0.01957105565428830  0.02997807335979996
  0.04044173180890492  0.05095736055288035  0.06154868103003591  0.07217351163474063
  0.08282996347846536  0.09338145645774064  0.10393260681194881  0.11444858307540025
  0.12500226708220996  0.13552814992395165  0.14608057323803197  0.15659861998537522
  0.16716453633550282  0.17765521593629255  0.18824473498754912  0.19876353794270621
  0.20930641773520758  0.21982635530349984  0.23036610076510650  0.24096511637772830
  0.25156518888859425  0.26218531002672968  0.27273281856596204  0.28322830427633849
  0.29370217584953884  0.30424622673695267  0.31481817388261329  0.32541314490923529
  0.33594024298050029  0.34647809803931889  0.35694191172391382  0.36744312064774792
  0.37792391349320831  0.38846485115042589  0.39900043301574506  0.40953667306537389
  0.42009130656658145  0.43063526107756545  0.44120646907524164  0.45176091493063797
  0.46235591007029297  0.47297132370276246  0.48359400685184611  0.49417306190021248
  0.50471907552551654  0.51525824274658705  0.52583144810915383  0.53639488032698446
  0.54696218431136479  0.55752622236412430  0.56808564811501561  0.57860259067670894
  0.58915793692071605  0.59975027781707679  0.61033883182667470  0.62086539823933085
  0.63134297245061755  0.64185053096522471  0.65228487137528401  0.66273812445590607
  0.67322806482144948  0.68381050975367641  0.69442823917638119  0.70497538543562044
  0.71545896249430607  0.72587744014448452  0.73632687357082549  0.74681161037300958
  0.75734791239061272  0.76789023226369446  0.77847880637582856  0.78902474442386772
  0.79953494136544789  0.81006378450533223  0.82060351706342438  0.83114638386817741
  0.84163611679049510  0.85215263228228932  0.86275384755196660  0.87335935107490004
  0.88393437928643759  0.89449517008043711  0.90498843690782671  0.91556261248588622
  0.92612398213042102  0.93674219182009866  0.94720718089429345  0.95770878116422875
  0.96817672839727520  0.97880029948381775  0.98936340282557778  1.00000000000000000
 -0.00239029931755520  0.00957586463137432  0.01971601878772029  0.03019035960300346
  0.04064410913764022  0.05103471079305909  0.06145060096277657  0.07190694697095346
  0.08241186676340799  0.09299011131513506  0.10355689993337212  0.11414577860136976
  0.12466510625148255  0.13511657423914053  0.14561643190887250  0.15608896413727150
  0.16659783868883069  0.17711419313277285  0.18762909688937127  0.19812890341926059
  0.20857388578254021  0.21907409093494720  0.22964969262686763  0.24024678484617518
  0.25086909770486715  0.26144254314350523  0.27202979729428428  0.28265242714583066
  0.29327917079899668  0.30389118698159029  0.31442202768703209  0.32492048674542534
  0.33546717033912288  0.34607307163754092  0.35671267478366026  0.36730171155463592
  0.37784040225610743  0.38840920733655937  0.39895410045356761  0.40956558320628017
  0.42011115163841961  0.43062475191440225  0.44104298028927069  0.45145923534250748
  0.46188969004972286  0.47237919446834781  0.48289400332341609  0.49343797566757658
  0.50399034877024984  0.51450401807852719  0.52502159999972808  0.53552296908272323
  0.54613684873197466  0.55674514168337130  0.56733602514256309  0.57786447224790405
  0.58841906109317799  0.59896105237562758  0.60945048782130029  0.61990940397258820
  0.63042045505003497  0.64098980741652145  0.65159393764224360  0.66216152484543733
  0.67268249304683325  0.68322836302948453  0.69377242907104864  0.70427916441325178
  0.71479329856778018  0.72535835169281526  0.73594936750659712  0.74654141192189927
  0.75709387606510647  0.76770360880988431  0.77820117127352484  0.78874399832650599
  0.79927184885517544  0.80987097840362132  0.82043616293287613  0.83095582969229642
  0.84148824944374512  0.85203580599096196  0.86262206064829572  0.87322126686991275
  0.88385218727472625  0.89450426534885985  0.90507536758673235  0.91557626282071680
  0.92605512035529614  0.93659127976585976  0.94719263571403289  0.95778051427373478
  0.96832621100834682  0.97885137539066747  0.98940788005375491  1.00000000000000000
 -0.00242007599057690  0.00957328820720869  0.01974495159228544  0.03025527110093072
  0.04077987621381878  0.05133260462042576  0.06188869309385635  0.07236022986889767
  0.08280614964986743  0.09326039499171764  0.10379147187080914  0.11432077989898012
  0.12487940148144075  0.13544574422645811  0.14605823045553704  0.15667257181760058
  0.16720006026524914  0.17772292133042666  0.18826086441123618  0.19889511361389872
  0.20953784528575187  0.22012727871283858  0.23066714692381826  0.24115305721677185
  0.25171176487198649  0.26222829410702564  0.27273061090649575  0.28318839642708404
  0.29371273850013485  0.30421393002524255  0.31476035133914188  0.32528824994317496
  0.33581450680564878  0.34626720280935402  0.35672424425462335  0.36723070755117404
  0.37779779368656846  0.38833845293780456  0.39887359944159023  0.40937802689771458
  0.41990031462298905  0.43046911456922765  0.44102470469998256  0.45160050143104463
  0.46216763807975164  0.47276705399790009  0.48336349853037613  0.49393057299550408
  0.50444380307076475  0.51495309508443943  0.52550571715272187  0.53615580489028358
  0.54678199082601331  0.55734355917239631  0.56782006761423376  0.57826461019688002
  0.58878073948130938  0.59932771028516885  0.60996757997740858  0.62053181140045055
  0.63111553275100030  0.64168673116757935  0.65230485516512360  0.66290690082190806
  0.67345721390804669  0.68397700939822814  0.69447347894509437  0.70499656558583390
  0.71548777361839333  0.72602803593151788  0.73654446223396142  0.74718071108328321
  0.75780148533463076  0.76840500361014830  0.77895647011946501  0.78946504112363936
  0.80001590352730867  0.81055314473319651  0.82113741502687887  0.83169675517381048
  0.84219224014240524  0.85268066766843487  0.86316656017153115  0.87371916365771085
  0.88427697126745775  0.89484948870833769  0.90537941059305838  0.91586294702555004
  0.92630684952543141  0.93680439596672682  0.94730153759360847  0.95789091637894841
  0.96837217840406042  0.97887311684637357  0.98939760623117379  1.00000000000000000
 -0.00244812542475501  0.00949732646585218  0.01963373210195269  0.03011267371055613
  0.04061572634221217  0.05116212500780760  0.06177208489182301  0.07238901938922836
  0.08297933871894558  0.09350949591208088  0.10407249005157586  0.11459843969718957
  0.12510524645287735  0.13560705445847501  0.14611744965220719  0.15663742430382366
  0.16716868691931761  0.17771347294681752  0.18822035025896316  0.19864717056046940
  0.20903987397343463  0.21956092831522434  0.23009698189550737  0.24072283539642203
  0.25132826336002023  0.26190571399251628  0.27242890139771170  0.28286614133663368
  0.29336616972087137  0.30390028762581867  0.31450323638851552  0.32506079698295581
  0.33562949091019278  0.34614584126688075  0.35670693834106176  0.36725981423568915
  0.37784950484115642  0.38840646339291351  0.39893606651998625  0.40938533789760501
  0.41985773228959733  0.43036288633155234  0.44093719900791312  0.45146384110773746
  0.46201615670897345  0.47258964121645186  0.48317451188811511  0.49372517191372267
  0.50425010820377869  0.51483974876339544  0.52538258134170646  0.53597975952401666
  0.54654213622640657  0.55712951198878691  0.56763797001519889  0.57814247004909969
  0.58865154111086726  0.59925193785275432  0.60990092606763224  0.62051400802137291
  0.63109191391399677  0.64161466513257459  0.65214541501839207  0.66259563675434541
  0.67311553890106246  0.68363725597399361  0.69422004879657129  0.70482934178730716
  0.71548005124001846  0.72617458897102882  0.73677640019383517  0.74733371359446865
  0.75781056540644820  0.76821367725737466  0.77861025579754295  0.78903655443973642
  0.79954769492965838  0.81013465282942521  0.82076684551347046  0.83138683284960802
  0.84196687628838507  0.85248339647023397  0.86300880392053003  0.87354616193158352
  0.88411714233629601  0.89467204874001571  0.90526183928939297  0.91582058491003049
  0.92634453260588401  0.93683516778918730  0.94737036803674723  0.95797422536635946
  0.96847453643584480  0.97902088767171724  0.98949196446399790  1.00000000000000000
 -0.00249687909184760  0.00952053522219187  0.01969286573976881  0.03015840147355700
  0.04069014522754041  0.05126139498566001  0.06186218912201773  0.07237229539243087
  0.08283584186705333  0.09330962959818022  0.10383088049662183  0.11430493327923512
  0.12480959721496898  0.13526639902783882  0.14577815713520578  0.15629559255489520
  0.16688086395018281  0.17740917632452971  0.18797779864029832  0.19853103304341937
  0.20909186941509525  0.21957047849935116  0.23004145364948014  0.24051643189100216
  0.25096791405247981  0.26149152022044453  0.27200469445579478  0.28261484069399889
  0.29317451680178780  0.30379231762086839  0.31434791071347573  0.32493264659502458
  0.33551441212911487  0.34605147259262331  0.35662615139736914  0.36719494657780483
  0.37777206661271712  0.38828969162722998  0.39880515739577815  0.40937212008341728
  0.41996033886667200  0.43055032718999742  0.44107380580991412  0.45154677333029763
  0.46207104371317498  0.47258859313377244  0.48312393666762521  0.49357671616566356
  0.50408308969702542  0.51451024787638633  0.52500003774116355  0.53548967035902595
  0.54607277023317491  0.55660839362528269  0.56718959773131494  0.57775402530370112
  0.58836274660436394  0.59897114559390408  0.60955895857994180  0.62011590762950530
  0.63065402680031335  0.64119949499765538  0.65171857127084176  0.66222362299186832
  0.67279742670981091  0.68341822806447516  0.69401796466090115  0.70459654619217515
  0.71517753702327880  0.72580060971960381  0.73635611749507668  0.74687730471105906
  0.75740095863728674  0.76794330577939807  0.77850322106004743  0.78906452688018469
  0.79963422570098319  0.81024772304332837  0.82085580565794569  0.83146890045249500
  0.84201581297866013  0.85249579242234552  0.86298545749056865  0.87349843733817234
  0.88409478893631288  0.89462485987792084  0.90518880502823129  0.91569667232309759
  0.92626435814576524  0.93680104315299872  0.94737496963028645  0.95793315404789336
  0.96844758646682105  0.97899441240832286  0.98950695574871594  1.00000000000000000
 -0.00243525818225078  0.00966281968526121  0.01992428690155862  0.03051384222624199
  0.04107280612170949  0.05157582391952701  0.06213818100622437  0.07271591839800837
  0.08332797310809270  0.09395423904119084  0.10455839830891353  0.11515051215870133
  0.12569013647103489  0.13619140323651938  0.14668843132753259  0.15718850804997522
  0.16772271266617994  0.17823941643410962  0.18876217185409289  0.19930368847263247
  0.20982792954477919  0.22035353768358351  0.23088884077741040  0.24143500582212735
  0.25195273214674857  0.26245345647948687  0.27293916377389127  0.28346500737775554
  0.29399254797854879  0.30452366787502799  0.31504645090139277  0.32557085458892132
  0.33611191594672529  0.34664345645704009  0.35712642480701901  0.36763118043041476
  0.37808714349179506  0.38857106895336097  0.39905907045267380  0.40963517368286417
  0.42019022447139642  0.43072195280176401  0.44123400716816202  0.45176568262226402
  0.46231098079366367  0.47289066114098582  0.48350485362401463  0.49406727878832363
  0.50457281231319606  0.51506482924334951  0.52556775564823410  0.53606791394571351
  0.54656942388190166  0.55715951459364621  0.56775422679100573  0.57835297372921446
  0.58890428562931518  0.59943188417109350  0.60994270525034611  0.62042503279356809
  0.63094992831022456  0.64150531906484221  0.65211780096883454  0.66270330952559331
  0.67329769128126848  0.68390819422014171  0.69447151161886966  0.70497442344409589
  0.71546844557085820  0.72602881911588424  0.73658124117351631  0.74710712638672205
  0.75763057621555741  0.76822814225628133  0.77878599476830324  0.78933857166618138
  0.79982801431037776  0.81032136047060088  0.82083168406074636  0.83133856989820953
  0.84184436793249107  0.85230525701486004  0.86282717086982497  0.87337975288339509
  0.88396024808246387  0.89453073213590883  0.90507441287997148  0.91571104855582275
  0.92627429717133414  0.93689924568144023  0.94746312994245285  0.95801998992763293
  0.96850610407553461  0.97897421172814114  0.98947700256693749  1.00000000000000000
 -0.00253360671173937  0.00958953762947022  0.01979728980815458  0.03035092868741619
  0.04091029278840484  0.05147005484933598  0.06205542075430920  0.07262006884441881
  0.08319223467339269  0.09371809329559735  0.10424899409259349  0.11479529026900939
  0.12533564233244393  0.13593520612211987  0.14653178438555647  0.15711192478024863
  0.16766052768653439  0.17821718466125627  0.18879116203463422  0.19938313848419753
  0.20996986390031397  0.22054984470981265  0.23106297517926508  0.24155601389066225
  0.25210880758696630  0.26270433563226536  0.27331992059667698  0.28387672965038152
  0.29440519181779728  0.30490030793201206  0.31540960018743119  0.32588499531429194
  0.33635176889494395  0.34679167014425888  0.35729726546330132  0.36783728407176980
  0.37840706783269240  0.38893891984216633  0.39942657421678118  0.40989652355704620
  0.42041564927360880  0.43094878700435735  0.44147344919674975  0.45195952437167963
  0.46247955210750458  0.47296054326549908  0.48343589216854321  0.49393799708902919
  0.50450112223311294  0.51504816511373519  0.52557518968653993  0.53610572373434706
  0.54660571202993247  0.55714614311797395  0.56766783458124737  0.57825995038401889
  0.58874951873435444  0.59926494280802634  0.60980483146319131  0.62045446346714206
  0.63101528242273508  0.64153141366638100  0.65199008919020962  0.66255059565565511
  0.67312099680633553  0.68372909282424166  0.69430027226963931  0.70485254466850944
  0.71536954305689293  0.72593244404675006  0.73648428647062092  0.74703054924314649
  0.75750973013009393  0.76803265814197685  0.77854010885047353  0.78910347731859720
  0.79963707312912691  0.81023195611170806  0.82076401185367009  0.83132027055614965
  0.84184702398411160  0.85243484940328451  0.86303373650556781  0.87363914418303912
  0.88419576983778370  0.89472445493285091  0.90515353366624107  0.91562521742237435
  0.92608054697989761  0.93664128467699981  0.94724568638185180  0.95782746285356701
  0.96840947689693502  0.97890001891712486  0.98945288046340862  1.00000000000000000
   2.0480731643099136E-012  -1.0000000000000000     
 T T T T T T T T T T T T T T T T T T T T T T T T T T T T T T T T T T T T T T T T T T T T T T T T T T T T T T T T T T T T T T T T F F F F F F F F F F F F F F F F F F F F F F F F F F F F F F F F F F F F F F F F F F F F F F F F F F F F F F F F F F F F F F F F
  <DiscreteSampler_grid>
  grouped_processes
  1 # 1 for a reference and 2 for a running grid.
  10 # Attribute 'min_bin_probing_points' of the grid.
  1 # Attribute 'grid_mode' of the grid. 1=='default',2=='initialization'
  0.0000000000000000 # Attribute 'small_contrib_threshold' of the grid.
  0.5000000000000000 # Attribute 'damping_power' of the grid.
 # binID   n_entries weight   weight_sqr   abs_weight
    10   10   1.312729764745116E+031   5.177303938329537E+062   1.312729764745116E+031
  </DiscreteSampler_grid>
