  0.00855193751943409  0.01703942893652675  0.02802380096983862  0.03927312856357247
  0.05002722550609912  0.06061571975327314  0.07079429644036797  0.08068412077157769
  0.09054262210972738  0.10044356341983042  0.11028642162830478  0.12030190611807777
  0.13051004604470096  0.14108451154795465  0.15148425255345219  0.16184984088351362
  0.17206206310803959  0.18223339543884040  0.19250859038400053  0.20283719808488096
  0.21321002271612091  0.22347277527652165  0.23363963279935471  0.24397784908339398
  0.25447103087020523  0.26505058378537016  0.27544713781845737  0.28572761459999385
  0.29620133626397743  0.30673812332558265  0.31724314143611310  0.32783569605805635
  0.33836501446830797  0.34895044420272153  0.35961756701960196  0.37018804519036275
  0.38063725353243072  0.39107785461527650  0.40173511747819657  0.41258548746237300
  0.42315750565939969  0.43380997497142298  0.44455846974952945  0.45548122145146641
  0.46601200608470178  0.47661739133375797  0.48707706281912533  0.49768647975387897
  0.50795506032680660  0.51838942345922168  0.52863056517432394  0.53892208720098966
  0.54925468779005804  0.55950740683820643  0.56987709206317028  0.58040155446737329
  0.59124881450964284  0.60211977013294193  0.61301856459109694  0.62366321290861737
  0.63425039517985859  0.64476522792042945  0.65547381477978539  0.66628084226859785
  0.67689237202137342  0.68753783249482281  0.69782058413717563  0.70801555764182389
  0.71819024466488091  0.72841739957041041  0.73855201603138765  0.74860356870415956
  0.75880926664234682  0.76908670976230520  0.77918092753205248  0.78922039731470872
  0.79946762757028045  0.80949695703580316  0.81967990935362767  0.82958572591069990
  0.83971607420332950  0.84983777026924356  0.85998149463103590  0.87017653211573076
  0.88040495622792236  0.89095047527511817  0.90180222843909164  0.91244727203726372
  0.92311197994160621  0.93335670755184807  0.94373646867984884  0.95422363099731167
  0.96504375534243758  0.97615308715505122  0.98783115751072104  1.00000000000000000
  0.00000046711719932  0.00003360756667866  0.00006818182741227  0.00009884453305239
  0.00012752753414423  0.00015537864291841  0.00018204014114676  0.00020723218070384
  0.00023177129105950  0.00025583471899210  0.00028032195761726  0.00030509211136388
  0.00032960049892045  0.00035339529539708  0.00037766467331441  0.00040208268739612
  0.00042660220523417  0.00045171857165863  0.00047742619352657  0.00050373340230636
  0.00053069413336923  0.00055830659486223  0.00058685101133795  0.00061580131690684
  0.00064527536713230  0.00067528346558655  0.00070592742075169  0.00073762724828728
  0.00077037564072030  0.00080417771559023  0.00083910041014764  0.00087541200694939
  0.00091345809249838  0.00095299836487721  0.00099414012724081  0.00103659915576446
  0.00107987689793900  0.00112424064621623  0.00116928810200380  0.00121532776038199
  0.00126362297258159  0.00131355881579295  0.00136541339068874  0.00141924775344767
  0.00147505467010683  0.00153382871805723  0.00159434486950204  0.00165753607893468
  0.00172390627722192  0.00179245720984251  0.00186409851333169  0.00193844666667205
  0.00201511898822477  0.00209563926128533  0.00217826024931973  0.00226736704935301
  0.00235842297502239  0.00245401392652066  0.00255424580942400  0.00265989983274514
  0.00277206980135301  0.00289016175755215  0.00301659083156262  0.00315166042407112
  0.00329235566677814  0.00344381064243571  0.00360148683953093  0.00376929557491649
  0.00394638119490989  0.00413334370944630  0.00434121611092889  0.00456100106427879
  0.00479948571393347  0.00505186266931855  0.00532709961675477  0.00562913568129082
  0.00595892099915155  0.00632403757203449  0.00672921526450294  0.00717931428889444
  0.00769637583656279  0.00827449713508855  0.00888864226122409  0.00951933378806981
  0.01023801745148273  0.01113981393938433  0.01233093553019037  0.01378228590433580
  0.01549531474288227  0.01760506502731187  0.02047718391579226  0.02473292339234489
  0.03024197241974021  0.04029719313242585  0.48701018874215374  1.00000000000000000
 -0.00251430594392972  0.00974395639073389  0.01971619774148006  0.02993385726424647
  0.04019699222445206  0.05065297045431091  0.06120694753839715  0.07198316789365382
  0.08300642225194819  0.09376050817249651  0.10458073246872818  0.11475980115989998
  0.12512507333510178  0.13531926200088462  0.14554418980519274  0.15575864342883178
  0.16609795983263176  0.17662711737585995  0.18726866037228396  0.19785754375479422
  0.20849620899560561  0.21900846924973918  0.22950691940036891  0.24036548065610377
  0.25114706378198182  0.26181069462011758  0.27257918047556479  0.28342570497485187
  0.29424613694473972  0.30491368802879554  0.31548721526088791  0.32619295041956015
  0.33678391724208062  0.34731376030859284  0.35792035489545809  0.36851289355651817
  0.37939971759176710  0.39029439369955055  0.40117292702986063  0.41205550066117913
  0.42290171681988348  0.43361619688576009  0.44381985866043194  0.45384552335732692
  0.46403617064223524  0.47430529827412632  0.48450555742122348  0.49483325006196033
  0.50531932721024553  0.51589196396395842  0.52640386951778995  0.53699646982616933
  0.54768277771500862  0.55843271606471800  0.56895828519978198  0.57955228649687029
  0.59009992680956613  0.60079918555859446  0.61134370541177985  0.62178085798742766
  0.63230466120870998  0.64287628216510273  0.65342192682165590  0.66398325428829263
  0.67476259477254497  0.68547951070383739  0.69624597760201423  0.70676269926906632
  0.71732581592749134  0.72801597815180707  0.73836400215008191  0.74864820667438547
  0.75906443322418271  0.76959832465384792  0.78013968990748306  0.79052092795668638
  0.80097378174824707  0.81135710691618579  0.82171410862947913  0.83194559588281769
  0.84232958774266820  0.85269172847322960  0.86339649720850742  0.87408294635364059
  0.88484628945875565  0.89526476115483089  0.90572577486355343  0.91612418897282422
  0.92651600926086408  0.93688590917797898  0.94715020930604010  0.95749596445017082
  0.96808957632526116  0.97861531957630787  0.98933970255120551  1.00000000000000000
 -0.00232879612173248  0.00964024375348745  0.01973366619309369  0.03031454612160799
  0.04085534643077134  0.05148680032110285  0.06190324420339031  0.07239739317845678
  0.08281741025242381  0.09369478592351810  0.10456984319081591  0.11534257805225194
  0.12618446823956792  0.13662029117002253  0.14714749986228903  0.15724486538063934
  0.16740296616521191  0.17764928614559788  0.18793064307935720  0.19830807154564317
  0.20869850884648572  0.21925753876386217  0.22960229808414540  0.23999661341243966
  0.25030161254413297  0.26072834246371307  0.27129102139880346  0.28186362378457269
  0.29258080222775967  0.30330952975662012  0.31404905170285297  0.32464497236703582
  0.33527305783929556  0.34557274689511325  0.35564522166442680  0.36575503315763014
  0.37605277900126211  0.38645650351632715  0.39669819374781967  0.40718084323008003
  0.41770663519468948  0.42816707019231665  0.43846419301869771  0.44894081777704048
  0.45941000733728060  0.47004293695950172  0.48087671328774889  0.49201758668582940
  0.50308835024948761  0.51343590088840307  0.52396736050533399  0.53447641474448893
  0.54530344343207360  0.55601052204370072  0.56663470949603978  0.57715625142279658
  0.58761895332741054  0.59838973474173018  0.60898687669996310  0.61930920838696923
  0.62944014957963934  0.64002610448153940  0.65079754471701312  0.66180392090979068
  0.67289134507075166  0.68402803873385787  0.69486072175487179  0.70548414285248018
  0.71598490799791503  0.72634117145008970  0.73680057723618619  0.74714582893460468
  0.75775026382435651  0.76838067656246178  0.77917886420044591  0.78977709639540683
  0.80023117464366988  0.81058693065690257  0.82108436022985798  0.83165648627422506
  0.84231753255022057  0.85302123053970458  0.86363082086922938  0.87390502924173552
  0.88416968282896180  0.89440699358663123  0.90478853347244181  0.91531410435281102
  0.92584899181357827  0.93632514672239830  0.94685474153704785  0.95716991689193853
  0.96779997218128233  0.97828655932163289  0.98920446959963226  1.00000000000000000
 -0.00247457817759830  0.00930643115675173  0.01921210161560135  0.02950830285201860
  0.03984015708931290  0.05043191913993476  0.06098020869431368  0.07184269673086503
  0.08267551228217027  0.09365856003093517  0.10478693678871420  0.11570206517751830
  0.12663115699616750  0.13716090283728860  0.14784739199791994  0.15831718087311236
  0.16882901239302256  0.17890769002753157  0.18915353297921045  0.19937223831161291
  0.20986877729102574  0.22076906368697877  0.23157795311271706  0.24236179488788914
  0.25289884516656275  0.26368847999006573  0.27414644200284122  0.28437778288259508
  0.29454268237269604  0.30481505443868823  0.31513246585219173  0.32531641098333774
  0.33547260428142295  0.34578135422845446  0.35612287016065303  0.36678398386492761
  0.37732245701314049  0.38805936127648977  0.39879141216824204  0.40967462440139552
  0.42048319221251929  0.43130056274468409  0.44201560938124768  0.45270235113083468
  0.46352992258071651  0.47418231256294696  0.48476147320369761  0.49515522848245708
  0.50582926896994496  0.51662242907825395  0.52751558103850793  0.53823287859765245
  0.54892922559242130  0.55980936467959097  0.57070506535812082  0.58166077945408912
  0.59224711102877237  0.60302477236748975  0.61352887473910289  0.62419970028326544
  0.63473838542766492  0.64519054636626749  0.65547774928106017  0.66573592917350843
  0.67621051082672556  0.68692843528526304  0.69739984441137137  0.70788605638418989
  0.71825048293668159  0.72861739209600795  0.73880154065230386  0.74897461568092905
  0.75940846086204383  0.76995427723413179  0.78026404691411366  0.79069516976953491
  0.80120278965039649  0.81186404306788906  0.82238202468622357  0.83284180026950849
  0.84337482607852210  0.85387930254130373  0.86438171160061150  0.87478362930736320
  0.88517426109041220  0.89561718315047201  0.90621206947186728  0.91693538299252930
  0.92722206099320714  0.93754289525774204  0.94776392138307430  0.95810772934701760
  0.96851898706974426  0.97893716268296460  0.98955331868307284  1.00000000000000000
 -0.00449823124144025  0.05013155415878344  0.07148568010380042  0.08745997388402106
  0.10128337152796774  0.11390990158081389  0.12572760591602783  0.13700294225953444
  0.14771190530075259  0.15798321987514846  0.16789380246694766  0.17774674073398730
  0.18752608833342729  0.19716979709467944  0.20658999092154645  0.21554503321103868
  0.22425831538068222  0.23283567780790621  0.24135498781226356  0.24979808546411009
  0.25812748063285007  0.26636676049639146  0.27443691081192184  0.28237044608767564
  0.29022503805574662  0.29783669750524822  0.30517037991837159  0.31240722817757488
  0.31965454414830258  0.32697860157977471  0.33434816251865562  0.34169819813678914
  0.34895878920774243  0.35614837651054254  0.36332234125041774  0.37044105554039852
  0.37750569102873127  0.38456186783647822  0.39164151995998292  0.39880699401247244
  0.40604241732016327  0.41315105043803907  0.42019468423803918  0.42715802870536396
  0.43417974714516239  0.44128030622437037  0.44840994842989329  0.45547799116452792
  0.46243723653805441  0.46936155369508165  0.47634939624183803  0.48338981603652753
  0.49046850892224947  0.49756214677571015  0.50457634540467289  0.51159047249899758
  0.51866145617118042  0.52578613571574029  0.53299925103364243  0.54020773581171833
  0.54756186202632973  0.55500863863674321  0.56255959875289963  0.57016512792917073
  0.57776751245382418  0.58532752039183056  0.59292525575806199  0.60061852622347411
  0.60843935796710547  0.61630030099602950  0.62422764777374129  0.63236958590471481
  0.64069594749148595  0.64909791256258209  0.65754502440850560  0.66606648294141135
  0.67481220763123628  0.68382809136796263  0.69292148271162268  0.70205923710841489
  0.71141981213945626  0.72115161422810548  0.73111306421243427  0.74166552318486434
  0.75248895123784609  0.76433510864911591  0.77659834737905298  0.78956140948175901
  0.80321425960711124  0.81761842788030625  0.83309786599597013  0.85053201982765059
  0.86984339829867885  0.89336328476353899  0.92671820485087786  1.00000000000000000
 -0.02095255665209621  0.12100156720189199  0.15942320168601740  0.18243544227121589
  0.20039578052652762  0.21541527336142682  0.22865664045239972  0.24044350624889138
  0.25135196205943511  0.26108604905958815  0.27048157912375803  0.27922944739949879
  0.28770868022271773  0.29583900800801283  0.30363237434859436  0.31133420735973583
  0.31883654057485461  0.32627767907053046  0.33348196372699190  0.34041505354325441
  0.34719472971239168  0.35383135722605474  0.36015037034775838  0.36636460459813974
  0.37249176326278366  0.37852825905450010  0.38452941352693060  0.39051996634989111
  0.39646260422795654  0.40228380959545873  0.40794292995001458  0.41348963019949209
  0.41902939971416964  0.42453131991678178  0.43001857890991507  0.43542107224958254
  0.44073177336237435  0.44599844481807138  0.45137012226021334  0.45676392506428953
  0.46211220070164594  0.46739285945354003  0.47260402555088310  0.47778984814709308
  0.48299445259665613  0.48823108255033881  0.49345544139885705  0.49869396110985964
  0.50389786594954289  0.50913884844783686  0.51440689183715838  0.51965869314579427
  0.52485975022216202  0.53001829569667691  0.53517964498980231  0.54035908878152106
  0.54552947164810817  0.55071925437981561  0.55594736857257510  0.56119241457885549
  0.56645607677045251  0.57176866920665947  0.57710241075619251  0.58252853345624778
  0.58811298445938798  0.59379591488392858  0.59954663492355909  0.60538878992291534
  0.61133100634328796  0.61733677989029478  0.62337241292312695  0.62944231965359387
  0.63555080599233948  0.64170781141360234  0.64797534523255840  0.65440399881822642
  0.66091471804718804  0.66760457837102405  0.67457311401122200  0.68171982812666421
  0.68905263387073934  0.69672218552295162  0.70448570213615092  0.71248661960602311
  0.72086257975418566  0.72938256383085986  0.73874197549682552  0.74834962531543947
  0.75907811199645403  0.77067997028624124  0.78377212097745408  0.79875197376678053
  0.81679336270316849  0.83985059148102126  0.87762117541962181  1.00000000000000000
  5.00626840243240098E-007  -1.0000000000000000     
 F F T T F F T T F F T T F F T T F F F F F F F F F F F F F F F F
  <DiscreteSampler_grid>
  grouped_processes
  1 # 1 for a reference and 2 for a running grid.
  10 # Attribute 'min_bin_probing_points' of the grid.
  1 # Attribute 'grid_mode' of the grid. 1=='default',2=='initialization'
  0.0000000000000000 # Attribute 'small_contrib_threshold' of the grid.
  0.5000000000000000 # Attribute 'damping_power' of the grid.
 # binID   n_entries weight   weight_sqr   abs_weight
    10   10   4.617107662877528E+005   4.157729003208395E+011   4.617107662877528E+005
  </DiscreteSampler_grid>
