  0.00002268206240324  0.00005400481279678  0.00007787385724331  0.00010634250161837
  0.00013466491724213  0.00016273218451737  0.00019023047217391  0.00021696182529583
  0.00024302182168597  0.00026744142325400  0.00029235154335391  0.00031761943230021
  0.00034319662141542  0.00036904726581535  0.00039497841581771  0.00042140199612693
  0.00044822987830985  0.00047576112012475  0.00050404078958300  0.00053292579169241
  0.00056235530811769  0.00059247408897052  0.00062350686771543  0.00065553079645738
  0.00068817352588033  0.00072137019593293  0.00075532990563050  0.00079004866147399
  0.00082543387227066  0.00086151784483430  0.00089830804835107  0.00093613977264608
  0.00097521514612778  0.00101595016385710  0.00105889931345834  0.00110315980459747
  0.00114847406180889  0.00119538383268169  0.00124429680100334  0.00129511696506348
  0.00134710688305205  0.00140036756800731  0.00145547063869249  0.00151209981694257
  0.00157077039263022  0.00163084274569785  0.00169413637695188  0.00176154010069702
  0.00183200033277501  0.00190627202654799  0.00198366609903021  0.00206522225489964
  0.00215010787296196  0.00223780762032006  0.00232873680361976  0.00242276730008400
  0.00252246822650970  0.00262768814246948  0.00274052993296989  0.00285886356958594
  0.00298392479598229  0.00311697547021775  0.00325802339912883  0.00340920699189282
  0.00356947500593458  0.00373858601266062  0.00391672471347634  0.00410450762984911
  0.00431043643976433  0.00452841572897761  0.00476055695638737  0.00501655507763089
  0.00528789773220078  0.00558157478689832  0.00590685622211269  0.00626458505449578
  0.00666447607489301  0.00711491325846495  0.00761024285994702  0.00817463986282586
  0.00879289054891564  0.00948300063905943  0.01027334567401737  0.01115027815777849
  0.01217004094290723  0.01344707609658635  0.01507671170896378  0.01713798632041161
  0.01985483753837339  0.02325924454567210  0.02794906233789825  0.03517848731438109
  0.04816575228124440  0.09492010098916148  0.37556768889301340  1.00000000000000000
 -0.00269140870410767  0.00983846486227987  0.02062335522712713  0.03172376805680523
  0.04276674330582176  0.05361142123875261  0.06396892912697770  0.07412515120698632
  0.08452517373953349  0.09514962288982073  0.10562989218628592  0.11565540459414445
  0.12559322023596456  0.13590838881021547  0.14642887228105533  0.15716033985804750
  0.16787463445955403  0.17875111734521942  0.18942920678868178  0.19995765944519647
  0.21030099424322077  0.22063395274431100  0.23101819723575648  0.24163702078986599
  0.25225137647372531  0.26284621875586567  0.27338005800304049  0.28395052314810965
  0.29443321561958202  0.30489665383079972  0.31557722954926037  0.32645478394045918
  0.33726671943999953  0.34794339289839959  0.35855017269507239  0.36928227791721008
  0.38009085403440795  0.39093569892875557  0.40170714813777497  0.41247394698815909
  0.42320126074657166  0.43398961179643958  0.44461062303936788  0.45515021831000141
  0.46585058476522517  0.47660456132664802  0.48726326435567630  0.49775389312391288
  0.50837007274418111  0.51896334280698508  0.52936597915025252  0.53970395675902605
  0.55041979450114098  0.56135349033200210  0.57209595333592778  0.58265074145509432
  0.59313671695502024  0.60368573936427250  0.61413534616496435  0.62456332821055671
  0.63495208079660692  0.64523731942614448  0.65539275478443293  0.66565803680593860
  0.67613865846581089  0.68660857677965437  0.69684813834171244  0.70719738538697796
  0.71776927410680980  0.72834680702222898  0.73849770620205035  0.74852592116179673
  0.75865446596320396  0.76872936448009166  0.77887306791246314  0.78918169388983395
  0.79986624343975965  0.81049978926594191  0.82105238572460126  0.83154956511415745
  0.84229817173403565  0.85291989282381753  0.86344217242550880  0.87375763048327360
  0.88409305503777247  0.89459921931429875  0.90520596965351652  0.91591941611365735
  0.92651587996687568  0.93714772069866659  0.94766458590442970  0.95808519056289565
  0.96858936900936177  0.97908272368180904  0.98962872387154588  1.00000000000000000
  0.00022824821739435  0.02259844181538203  0.04133296391306358  0.05694044048835480
  0.07088455970976087  0.08383285860899317  0.09610289752950235  0.10770426425313732
  0.11874157215685803  0.12950643826886127  0.14000124205506234  0.15009618624569615
  0.15974920185204547  0.16923338670257235  0.17856544649750511  0.18767050479326186
  0.19646438191168422  0.20513507263805950  0.21383075676670743  0.22246871464978490
  0.23085938957687993  0.23901318879989716  0.24706721004798576  0.25510822449945320
  0.26317316553734943  0.27124735507837522  0.27927882584298991  0.28722999297914970
  0.29510329583147232  0.30288577513947307  0.31063474662295559  0.31827119297650791
  0.32580904000502597  0.33328673298050293  0.34073216820063645  0.34822705878795090
  0.35565067759672153  0.36296802181420895  0.37024926299575645  0.37755251808714063
  0.38484679358146301  0.39207797519324650  0.39919708021686667  0.40626705937361074
  0.41333013836046506  0.42041672603518854  0.42746420149578440  0.43451739712150278
  0.44165818365376386  0.44888427202432296  0.45613092133409250  0.46338741037028519
  0.47069393506788432  0.47807392526092124  0.48560874911860580  0.49326538751565324
  0.50082345324411148  0.50847893040260950  0.51627301134050119  0.52395921480481755
  0.53155376173961266  0.53912603690261474  0.54671921626000985  0.55435387518847168
  0.56207550695648012  0.56987172098291783  0.57777157576810378  0.58576612497075964
  0.59389835042422701  0.60218064682551808  0.61058691140174881  0.61907255704443875
  0.62766757483446156  0.63635446725282319  0.64514770719705261  0.65421079235246138
  0.66348866155334985  0.67291581445647353  0.68266964168129629  0.69268547145019443
  0.70287401190520093  0.71320347645980775  0.72380075516532938  0.73485429243749245
  0.74627428411289698  0.75807779639619932  0.77029677206524128  0.78302764745837339
  0.79640228845847771  0.81067062786546829  0.82623842915793289  0.84372917789777291
  0.86386816120083598  0.88879823517623535  0.92473109960004063  1.00000000000000000
 -0.02053299161618972  0.12120245788186140  0.15946829440935353  0.18259981674440381
  0.20063959489094418  0.21564394604420439  0.22871285341591591  0.24038021352815375
  0.25116840087274139  0.26097563421139347  0.27044482044998902  0.27911074950825215
  0.28754470104859470  0.29557644175550618  0.30333833334635685  0.31097664060378932
  0.31833175922407203  0.32556723003408994  0.33256863420058402  0.33935276091756139
  0.34599734713600561  0.35252441499680076  0.35892463150896087  0.36523115252759358
  0.37150681885280151  0.37764415814928881  0.38360342948685150  0.38948990730453714
  0.39533233283808566  0.40109933694787703  0.40681773605117871  0.41248652891470405
  0.41807406728850216  0.42344546869320915  0.42883213755598026  0.43415968761345020
  0.43946172063293792  0.44476947394953009  0.44996851432569124  0.45521819934419105
  0.46047771455063596  0.46576320960293749  0.47107705548023998  0.47641575956363508
  0.48179537725210003  0.48716885733808479  0.49253897909768157  0.49784568039146049
  0.50314274015348048  0.50843247282718251  0.51372909830939861  0.51904705874315016
  0.52437877989374748  0.52973091581510900  0.53508818759870880  0.54043635458050010
  0.54583562269787289  0.55118457982807134  0.55658959433532662  0.56193573037317379
  0.56728278158285339  0.57260755654510798  0.57801099328438121  0.58344451055979440
  0.58897573830315564  0.59452952387393687  0.60013330590850511  0.60582331110285970
  0.61155089332815515  0.61731022419125647  0.62312429029403271  0.62901108740956813
  0.63504899388471792  0.64108400540750965  0.64719825111759610  0.65348303689863640
  0.65986652581757299  0.66639654926919722  0.67318415046563729  0.68018759521217476
  0.68750566136974445  0.69515831625372160  0.70302929658812552  0.71105645391783978
  0.71972885310191148  0.72866012076749898  0.73828697216843275  0.74824899846083126
  0.75891531830124292  0.77056302520789210  0.78371672821026250  0.79897205581808162
  0.81717248383801400  0.84066562963632607  0.87916331216479937  1.00000000000000000
  2.68038474632992472E-005  -1.0000000000000000     
 T T T T T T T T T T T T T T T T F F F F F F F F F F F F F F F F
  <DiscreteSampler_grid>
  grouped_processes
  1 # 1 for a reference and 2 for a running grid.
  10 # Attribute 'min_bin_probing_points' of the grid.
  1 # Attribute 'grid_mode' of the grid. 1=='default',2=='initialization'
  0.0000000000000000 # Attribute 'small_contrib_threshold' of the grid.
  0.5000000000000000 # Attribute 'damping_power' of the grid.
 # binID   n_entries weight   weight_sqr   abs_weight
    10   10   2.082026919846562E+008   9.504433408941827E+016   2.082026919846562E+008
    16   10   2.082026919846562E+008   9.504433408941827E+016   2.082026919846562E+008
  </DiscreteSampler_grid>
