  0.00854417468036270  0.01714116113675147  0.02813787209489074  0.03926982829076668
  0.04995691996951816  0.06070721690581283  0.07163717864851567  0.08247961834798685
  0.09312988752138533  0.10370264989525255  0.11430753784777758  0.12502688880644733
  0.13567547394176555  0.14644879887620477  0.15736985577961626  0.16820452498857763
  0.17870596385962120  0.18910529353904057  0.19973067488263949  0.21027993463367231
  0.22067656874729577  0.23114925970021405  0.24170995069978216  0.25222824323323645
  0.26253308989343865  0.27294239601147241  0.28333899684613656  0.29358871749712867
  0.30368173234017676  0.31385417575434077  0.32413438211368356  0.33448216383511914
  0.34470456946787220  0.35484976003977109  0.36498324645649538  0.37512580077189966
  0.38542708394210690  0.39581534783139544  0.40624127476155020  0.41677393261615570
  0.42725635065787465  0.43759024569482152  0.44774997216091872  0.45781945892815873
  0.46796066348153487  0.47817025629689575  0.48850157926864535  0.49891879604781986
  0.50945738656707529  0.52020193184641783  0.53111425915219412  0.54193360437117288
  0.55246094531611689  0.56284272367408283  0.57304052946404993  0.58326153273261372
  0.59327540148049407  0.60349068712467935  0.61369916891422938  0.62399719857964042
  0.63424972842470495  0.64461851374697854  0.65514710152803768  0.66578014023336241
  0.67648615169900195  0.68718489213445955  0.69778629118010638  0.70830478926663831
  0.71868654833594847  0.72889369994052400  0.73900267729042035  0.74929407605719922
  0.75969692005417666  0.77011926350756921  0.78043096541287515  0.79063392091744833
  0.80063931361269447  0.81073184616093397  0.82102965633930514  0.83157244499295302
  0.84194057712654113  0.85212274713671443  0.86230364720315811  0.87244901751600856
  0.88261784046961034  0.89277729441271980  0.90305636078703366  0.91342489200596644
  0.92383203594235042  0.93436369043390621  0.94521603805988941  0.95633801806923369
  0.96720021268721801  0.97787106277855784  0.98885376653994461  1.00000000000000000
  0.00002469419972795  0.00005026555972233  0.00007519017220569  0.00010735682452966
  0.00013611865978699  0.00016338411609591  0.00018963448503967  0.00021473259880503
  0.00023752815438983  0.00026050020032506  0.00028382782389773  0.00030751038486954
  0.00033148295171779  0.00035568540819250  0.00038008270650289  0.00040491549688118
  0.00043003019153419  0.00045541900872793  0.00048122555918734  0.00050750187774407
  0.00053425748035569  0.00056151380889267  0.00058922295789063  0.00061751940680031
  0.00064640099084344  0.00067582177124639  0.00070583580767478  0.00073652101837408
  0.00076778204309698  0.00079968817679743  0.00083301921721432  0.00086766221972357
  0.00090464266614273  0.00094294661391830  0.00098298989751999  0.00102399900806421
  0.00106557351164183  0.00110819566726496  0.00115230176933122  0.00119703295059884
  0.00124343870241984  0.00129112140147707  0.00134071951379047  0.00139258124713602
  0.00144582710981587  0.00150095385188260  0.00155884752891858  0.00161917131443435
  0.00168173245603349  0.00174586983659947  0.00181156485868006  0.00188031039321876
  0.00195192641436588  0.00202757753146391  0.00210820461938707  0.00219148055172515
  0.00227939649513611  0.00237096588454255  0.00246529991997346  0.00256250386792447
  0.00266366836332916  0.00277086404946816  0.00288475716289529  0.00300380345915901
  0.00313423429113765  0.00327132718338060  0.00342130303155349  0.00357990981311159
  0.00374774656161745  0.00392870766376857  0.00412328450375409  0.00432991157441932
  0.00455152870672419  0.00478834685948820  0.00503969629675623  0.00531237038285407
  0.00559952881755399  0.00590874778979252  0.00625221843452577  0.00662496347020000
  0.00704780434098293  0.00752694929852334  0.00807508275519890  0.00869863169349814
  0.00944095159078930  0.01026532811409105  0.01121149853859869  0.01231723768373308
  0.01368794213041347  0.01523361326909294  0.01709341067139811  0.01963218650453498
  0.02289270671608596  0.02748662448554164  0.03640425482185946  1.00000000000000000
 -0.00252220225333226  0.00961560602810328  0.02016179450549259  0.03099042033727665
  0.04180694557623267  0.05250689986382324  0.06327987361039256  0.07404530538537776
  0.08462694641075513  0.09514856889516675  0.10573562701137018  0.11638437466224254
  0.12689918194039126  0.13702823399786829  0.14725242458530796  0.15751095868510692
  0.16783405066812759  0.17797525355275295  0.18834444002967768  0.19900482925017085
  0.20973963631789172  0.22031850284702215  0.23097508033255656  0.24193197140240263
  0.25275577012814326  0.26341146109346242  0.27402979779618442  0.28449613666970275
  0.29482978631943974  0.30503030707692635  0.31540322860893250  0.32605094046258931
  0.33683645151852770  0.34776966956099259  0.35852277653625036  0.36921041814746014
  0.37984410063350732  0.39043821394994804  0.40106677616834802  0.41150868997734641
  0.42204805120836275  0.43262466649883041  0.44326033112688101  0.45379058356677704
  0.46419803673358256  0.47444571681827558  0.48482677222507076  0.49517018710478750
  0.50580881192399962  0.51665904323904432  0.52755071435472922  0.53851212750220601
  0.54927164524296535  0.55982805667269298  0.57023490629817675  0.58055426495274087
  0.59093847150021828  0.60125750984444071  0.61143989226556983  0.62143643427595008
  0.63161074553569374  0.64200444752399766  0.65255448321970189  0.66302304235831688
  0.67339116562999801  0.68376082023627938  0.69421359361185986  0.70465072332470502
  0.71520188772383564  0.72569731548528338  0.73602665703125691  0.74629705871689267
  0.75657199775632356  0.76694336386030282  0.77731588966525167  0.78766957102192570
  0.79825996917733699  0.80902791279365971  0.81991810232699225  0.83087095907251063
  0.84161856502444898  0.85229300087587823  0.86253713012946032  0.87285411426218384
  0.88336696033201922  0.89398032589775756  0.90424500728700608  0.91464184835475526
  0.92527712835763165  0.93622782647289626  0.94685537412248277  0.95764675167391899
  0.96833605362409947  0.97905886973572509  0.98949682421521690  1.00000000000000000
 -0.00219151619031072  0.00964380201199583  0.01932296701586757  0.02936937429316349
  0.03954607723295114  0.04996123642879591  0.06046359223158314  0.07106729048556612
  0.08179605639571969  0.09276418973153903  0.10380188807717226  0.11436789325449445
  0.12512018232635513  0.13576571987800096  0.14635508591104940  0.15651753593048046
  0.16665239502931381  0.17723931060453629  0.18778240565172827  0.19811546840330863
  0.20847786116099584  0.21896430476697948  0.22957733802717289  0.24015828109730636
  0.25085588910632822  0.26183450535693031  0.27283070941489762  0.28375940701126806
  0.29444591891661337  0.30509297638910882  0.31607806446175879  0.32714839910613708
  0.33800328819877584  0.34859577498359734  0.35919500481577288  0.36992152336198481
  0.38068815565233288  0.39142291248422173  0.40205297109943833  0.41261965987678784
  0.42321579944343718  0.43384373965614487  0.44442649728815642  0.45490722121999394
  0.46530373166075251  0.47578256692641185  0.48630169357098219  0.49684206633916111
  0.50731900354855375  0.51777101077987542  0.52845719245565181  0.53933090410708073
  0.55036479111435321  0.56143563663491358  0.57244069899605499  0.58332730628907403
  0.59387811515505962  0.60428238121859068  0.61470075612110020  0.62522134627339909
  0.63577246547057353  0.64625487640192558  0.65655046138745199  0.66692892828820660
  0.67748653043014351  0.68812612240996385  0.69845769366124877  0.70866202055686955
  0.71896178683210066  0.72951935291363712  0.73987364754583695  0.75008149966125237
  0.76037881174485411  0.77085597325518673  0.78133974797064720  0.79190278836183625
  0.80241315554585757  0.81288274190694465  0.82298634668512871  0.83304070632524019
  0.84345081459206683  0.85394563168546889  0.86439953034513950  0.87498600638147195
  0.88576618435411869  0.89659785726207852  0.90689828016878948  0.91715552665677036
  0.92729447932248976  0.93753541821372088  0.94778037785187097  0.95803012952614408
  0.96824909840456386  0.97863368117936955  0.98920115013680521  1.00000000000000000
 -0.00257673894500915  0.00955179723345289  0.01999910199726140  0.03064875049518928
  0.04149314158613440  0.05210581871739485  0.06255315747092323  0.07307974287455478
  0.08370249327992113  0.09440272869868133  0.10504126671507275  0.11571908207087708
  0.12632744851139513  0.13689090054321423  0.14736713911285390  0.15790582861863861
  0.16847077715911213  0.17896730300369484  0.18949932592458443  0.20016188693601056
  0.21084292221234677  0.22135851124371017  0.23185356098569113  0.24238737756561488
  0.25300724790899431  0.26357784020820518  0.27400523749285793  0.28443638540956589
  0.29472307354431376  0.30497410431898397  0.31525240598477444  0.32562489130018346
  0.33610497273499079  0.34668776041711979  0.35735683818359631  0.36803740941884333
  0.37863679832339242  0.38904977430658416  0.39946709922382856  0.41005230740056575
  0.42083868923609596  0.43171517832099171  0.44227315632586911  0.45243826686462790
  0.46265644055730992  0.47280701854037971  0.48322904328289423  0.49371356400897359
  0.50447298705732224  0.51536722293111903  0.52592454124165533  0.53641726454597860
  0.54671927637748585  0.55698483113466279  0.56719896840664774  0.57751888820851494
  0.58787742025916112  0.59839587046636200  0.60885446941880350  0.61952731238571301
  0.63019878835507059  0.64105012433318775  0.65208829626989750  0.66313852325572809
  0.67406974904038475  0.68505112648509081  0.69558718733100400  0.70635673764306650
  0.71668655181273033  0.72724119288319178  0.73743435508527044  0.74757565312082852
  0.75775907716272306  0.76800245395115996  0.77852702295396325  0.78920836470421230
  0.79981422443934835  0.81040783680125739  0.82082993490894340  0.83133128486040420
  0.84158784808854159  0.85192170249275523  0.86233164546413477  0.87282253647677899
  0.88349957731245998  0.89420386023489107  0.90494021369090327  0.91554945599963367
  0.92634533843357314  0.93708762266069734  0.94763310815601010  0.95799465461906119
  0.96838957255960023  0.97894775217912078  0.98940707087472657  1.00000000000000000
 -0.00344505792819597  0.05012655143272628  0.07199141554763254  0.08795270322754069
  0.10186154415440514  0.11445342419754098  0.12615292714122789  0.13721320022722996
  0.14786721486411936  0.15808219466643794  0.16798855526081760  0.17760096259184169
  0.18707284109883948  0.19629928639418948  0.20540575300833094  0.21427774799184274
  0.22300895105614060  0.23151828348146816  0.23988084251852462  0.24810505478074937
  0.25620594391811802  0.26420323637723048  0.27215872432441479  0.28002987589027706
  0.28779842074505402  0.29549518936042868  0.30317442939056638  0.31086846580355609
  0.31853444804879300  0.32616794398684545  0.33370436237815210  0.34114490110562562
  0.34862030301762248  0.35616197139832678  0.36375706837266369  0.37128289963484878
  0.37861942595238429  0.38584661953596655  0.39301749350330695  0.40004566179704232
  0.40705151732070521  0.41405854638618572  0.42111694789874637  0.42818954012327515
  0.43523642555694131  0.44230092489048772  0.44943869053289881  0.45667958762476540
  0.46406185690104507  0.47151972661805630  0.47886667022183665  0.48605153395592648
  0.49308542816937578  0.50013352000604561  0.50729197370605938  0.51459420361706654
  0.52206378335476888  0.52926864166896614  0.53650862306902147  0.54372556184993781
  0.55109457228673719  0.55838735174909060  0.56581118270800113  0.57322234747570788
  0.58077460852874130  0.58863824184938052  0.59675021456489830  0.60489978892980345
  0.61292877722533490  0.62090385433424700  0.62891725528419884  0.63694168772256987
  0.64506060796126463  0.65327809239311729  0.66166253666483799  0.67028398943145728
  0.67903199003677084  0.68784007766012412  0.69697332309138116  0.70627839008803128
  0.71609506282456981  0.72614055494013097  0.73648414385428407  0.74712563489694406
  0.75822947522227191  0.76983503312760448  0.78166846536097856  0.79413212912805276
  0.80745164984742501  0.82129673374396261  0.83620115122211136  0.85286690336525650
  0.87150810408282664  0.89432514987441825  0.92750023504144152  1.00000000000000000
 -0.02032653555866748  0.12115751038089517  0.15919864759431301  0.18284688296221055
  0.20113341085303663  0.21614120314226914  0.22897811826715006  0.24054776999037894
  0.25126888085598426  0.26105880477667931  0.27045441707402551  0.27903124706690990
  0.28733686914970363  0.29524298989155323  0.30280248415595029  0.31024546514615103
  0.31746651513026569  0.32436780404595789  0.33114644134255100  0.33768975110194793
  0.34418786263587464  0.35058660890166427  0.35688370991734059  0.36308781711455279
  0.36920757173812080  0.37531635724225609  0.38135898728766621  0.38737687005972898
  0.39328877629748860  0.39919896049431636  0.40508399976691956  0.41089803891252474
  0.41663572133758359  0.42224445905884395  0.42775096947000246  0.43332521624822667
  0.43884546277683723  0.44436905713584018  0.44979299493616925  0.45513781961176925
  0.46038545949966597  0.46557361574122436  0.47078851479371203  0.47606143474527729
  0.48137610139997178  0.48670229096054052  0.49201970306739407  0.49732301480514174
  0.50255920377508978  0.50768703808195526  0.51281664867785448  0.51795595404295536
  0.52308064658842179  0.52821937176812561  0.53337718814568091  0.53858596218560584
  0.54386103746193026  0.54917838823620735  0.55452419709048828  0.55989624009247707
  0.56532945828091563  0.57081044407252912  0.57639677211454587  0.58198813644339120
  0.58776027175700085  0.59359778524171425  0.59941615737537113  0.60521076280286001
  0.61100416827558379  0.61682418965381225  0.62269955766597462  0.62865560192638370
  0.63471640956530528  0.64089221698663179  0.64721281482261972  0.65374813251597519
  0.66037322731425718  0.66710419035787849  0.67406326607614908  0.68124742053005272
  0.68868320829729568  0.69647076544493569  0.70436332295349502  0.71256427380272802
  0.72111194201905482  0.73004208043587127  0.73951082316876915  0.74941020104926659
  0.76030296209466131  0.77202231954211065  0.78522704035870972  0.80017399833125891
  0.81797866257526575  0.84063064276685617  0.87827319280658012  1.00000000000000000
  5.26567853374900095E-007  -1.0000000000000000     
 F F T T F F T T F F T T F F T T F F F F F F F F F F F F F F F F
  <DiscreteSampler_grid>
  grouped_processes
  1 # 1 for a reference and 2 for a running grid.
  10 # Attribute 'min_bin_probing_points' of the grid.
  1 # Attribute 'grid_mode' of the grid. 1=='default',2=='initialization'
  0.0000000000000000 # Attribute 'small_contrib_threshold' of the grid.
  0.5000000000000000 # Attribute 'damping_power' of the grid.
 # binID   n_entries weight   weight_sqr   abs_weight
    10   10   1.542441371591115E+006   1.364230200820371E+013   1.542441371591115E+006
  </DiscreteSampler_grid>
