 -0.00040432115339804  0.00248300139505696  0.00417623384119370  0.00602068521575776
  0.00824252398514813  0.01084954235960511  0.01368485399551813  0.01681586624206434
  0.02026664777290868  0.02407008483240920  0.02808670972444988  0.03227696558330541
  0.03686426962474740  0.04157469999319207  0.04656846849687596  0.05186917080503851
  0.05733285235637278  0.06289786525635438  0.06882019809494003  0.07512650308389358
  0.08166910169802118  0.08847450552946277  0.09555106342164237  0.10286746542193163
  0.11020667140037339  0.11786382749315391  0.12570206850453067  0.13369856890521095
  0.14176753439121589  0.15001829763540805  0.15864480138727657  0.16762340318285601
  0.17678047386301374  0.18600116361912716  0.19538400373392362  0.20502889452213316
  0.21495992014365653  0.22503742401546500  0.23512121250542245  0.24524965877855398
  0.25554093621038482  0.26600365641864071  0.27661126412566983  0.28734250953769308
  0.29815910960430386  0.30930927822887255  0.32082978718004546  0.33271611181405847
  0.34511849704172781  0.35793879550556418  0.37042837518259886  0.38295845016858132
  0.39522297675059098  0.40773970640376495  0.42046426534878673  0.43320959511894125
  0.44597175519450455  0.45888554898452300  0.47196339091455575  0.48500207480976976
  0.49837335867889720  0.51216687966110330  0.52609641451084754  0.54035142090496535
  0.55469487502717452  0.56903150437139105  0.58329999994025616  0.59738460321434272
  0.61119810834413213  0.62478110521179098  0.63879763485159113  0.65325007836111437
  0.66789233787066238  0.68279689257954712  0.69819934584716570  0.71363780841803626
  0.72898630394098263  0.74424723499121115  0.75941987670430944  0.77447734527857393
  0.78932653879054926  0.80393823845098622  0.81853478106989497  0.83313927024236478
  0.84777933783258275  0.86255306499316431  0.87705466892726902  0.89142989473187484
  0.90556256370366683  0.91940621014287749  0.93304525229160573  0.94655489612381505
  0.96011432777989747  0.97354966396532316  0.98681178277083115  1.00000000000000000
 -0.00253670756478091  0.00935943646669850  0.01974954676033453  0.03008039126446404
  0.04038605272347762  0.05084114161076938  0.06165086709907285  0.07295001660411721
  0.08463554478697698  0.09676351385491128  0.10815806790081253  0.11898562792370580
  0.12965848935124835  0.14042499370063311  0.15095200617241517  0.16092426242257582
  0.17067717540489302  0.18049430246699896  0.19031994228868954  0.20007596148113904
  0.20965652616495417  0.21925307412357228  0.22907991269124761  0.23916784337755939
  0.24943386266951428  0.25972710087723483  0.26985184037680587  0.28021147352203146
  0.29035609354326736  0.30076744085508123  0.31138328578746050  0.32263918245964562
  0.33392986769744887  0.34480265180343389  0.35562055810284254  0.36629996922135455
  0.37678639843449596  0.38698236845705120  0.39752255823773230  0.40836233130924005
  0.41904190128390556  0.42973735106188155  0.44045346514818295  0.45127727193765876
  0.46184120742789087  0.47221414906503523  0.48263922907851381  0.49312601121513749
  0.50382259193663836  0.51465376358565107  0.52535502108583942  0.53614125058733120
  0.54700022706336771  0.55757236392666121  0.56796756704227191  0.57838620121323137
  0.58920601007884510  0.60028742566867910  0.61130524747693760  0.62235800498247051
  0.63285992664570667  0.64267802051738399  0.65262238198369615  0.66268294116673609
  0.67327660592369820  0.68388405302070421  0.69457210060178798  0.70507127733906805
  0.71543325469934382  0.72566058215116802  0.73648440497888701  0.74752669654100967
  0.75889918639116549  0.77011924056857251  0.78082158920963085  0.79139844182331887
  0.80125113266098857  0.81090546019334575  0.82093478051386570  0.83141112370312453
  0.84226883513164275  0.85259408860634700  0.86376100257523147  0.87489494579712634
  0.88579982100017030  0.89634680463947225  0.90723399274426730  0.91773330224338301
  0.92803951768837778  0.93826083911782954  0.94863350281289949  0.95924056173374395
  0.96948644432348852  0.98001777715084393  0.98995211537527505  1.00000000000000000
  0.00137602476602950  0.01672391162703861  0.03038496605547981  0.04166363263275075
  0.05178622402901718  0.06124092856544115  0.07040471966774257  0.07933389110939901
  0.08818750573531563  0.09699611456797246  0.10548203030942886  0.11384230119912474
  0.12200895345077190  0.13034465779644050  0.13807315461325723  0.14576674626266220
  0.15345620384207875  0.16097165368835123  0.16869581353090074  0.17668589141907168
  0.18476656322010843  0.19283950188757881  0.20088784510714880  0.20873082381337896
  0.21623981198633854  0.22359585427580761  0.23082490315948725  0.23788830284826545
  0.24498625176025854  0.25205412419227607  0.25894504662851797  0.26566454102802955
  0.27260260021493421  0.27974928965101370  0.28702322236143862  0.29432195447375642
  0.30151753357443423  0.30870758330708303  0.31612662188124746  0.32382984086966243
  0.33163971637013329  0.33941308467242065  0.34722916678033178  0.35507478000759812
  0.36250531136661696  0.37012089063209835  0.37753864457330111  0.38486229961613472
  0.39219681972411313  0.39934789499497597  0.40643740077740814  0.41362447219009862
  0.42130902367208506  0.42918305194315437  0.43720728846407253  0.44526510162633304
  0.45314679072661840  0.46088572936965788  0.46866415196427891  0.47663219424519015
  0.48478820962661440  0.49296458303811452  0.50114454100185102  0.50943593179027546
  0.51776611480296364  0.52631625721807385  0.53519339159650714  0.54396076403501858
  0.55259799654023745  0.56134459804734260  0.57026512217913672  0.57958081942740414
  0.58919128775738738  0.59911242185453017  0.60911198208977380  0.61922363351389575
  0.62956333155107980  0.64012184089807700  0.65073335859425663  0.66139870104028597
  0.67253372234418551  0.68398831583426978  0.69567791620451602  0.70777855646211674
  0.72068411088461226  0.73452976374915124  0.74883484146961354  0.76309307538225946
  0.77815549483144442  0.79430860501845379  0.81158855107373240  0.83112672428129586
  0.85358547322182010  0.88103435287504861  0.91992530974853981  1.00000000000000000
 -0.02053710463746247  0.14131779290169488  0.19394368043008373  0.22778969009192879
  0.25338265062547694  0.27376493565410148  0.29131672533809200  0.30744205958155435
  0.32211980749618241  0.33565056897639661  0.34848503317730289  0.36073736335856293
  0.37229120256438875  0.38321542558060712  0.39339228006721427  0.40296699192031693
  0.41196497779518404  0.42090347294914476  0.42954193451293404  0.43784072084156100
  0.44595165325091662  0.45399545898748001  0.46201451838179697  0.46989058437013775
  0.47741777319367329  0.48448271890873607  0.49146164526936714  0.49831527297806033
  0.50503914210871903  0.51146574895464625  0.51796884592447268  0.52408603287634026
  0.53023653738054355  0.53620047657441172  0.54204640273815219  0.54776484261873437
  0.55339212342670496  0.55896310469166333  0.56443084315066006  0.56974972974507387
  0.57494476282805906  0.58007376888745932  0.58528905534847264  0.59068162298024374
  0.59617081813787054  0.60163380647717535  0.60707145295251708  0.61224490270105536
  0.61749142599863394  0.62258747551134330  0.62760691515808897  0.63259046205135627
  0.63759368362793589  0.64266928024979764  0.64773029306534091  0.65260483579561024
  0.65740873515071019  0.66219750253628629  0.66699173482415541  0.67189068737518698
  0.67687127073999098  0.68199617438823068  0.68712411293968412  0.69223984368064773
  0.69735944649401560  0.70242952669714309  0.70746979296157797  0.71259350710439540
  0.71770266746793610  0.72295381417806470  0.72823225865004981  0.73362547871562900
  0.73905502303242931  0.74450071394202499  0.74998209390360582  0.75546938691737964
  0.76098831149509438  0.76666535575590467  0.77247751007090082  0.77848970901107761
  0.78465502980397661  0.79068032710079716  0.79698770019434639  0.80360637011885749
  0.81048261654651643  0.81787041853074161  0.82551010629016319  0.83347829208777979
  0.84205412670003232  0.85106644247864283  0.86130369157933295  0.87278490950272269
  0.88663878078584624  0.90463133900907733  0.93382956990067256  1.00000000000000000
  1.31954455555071128E-005  -1.0000000000000000     
 T T T T F F F F F F F F T T T T T T T T F F F F F F F F T T T T
  <DiscreteSampler_grid>
  grouped_processes
  1 # 1 for a reference and 2 for a running grid.
  10 # Attribute 'min_bin_probing_points' of the grid.
  1 # Attribute 'grid_mode' of the grid. 1=='default',2=='initialization'
  0.0000000000000000 # Attribute 'small_contrib_threshold' of the grid.
  0.5000000000000000 # Attribute 'damping_power' of the grid.
 # binID   n_entries weight   weight_sqr   abs_weight
    10   10   2.363930290804732E+008   5.892548082636618E+016   2.363930290804732E+008
    11   10   2.363930290804732E+008   5.892548082636618E+016   2.363930290804732E+008
  </DiscreteSampler_grid>
