  0.00952067523166310  0.01601523376323595  0.02501571805721953  0.03580056455382258
  0.04608296560960948  0.05638723192133857  0.06670187038712697  0.07704877166001291
  0.08738323495831833  0.09771425569094630  0.10810729503555978  0.11857379745868268
  0.12905724652863490  0.13946186072531411  0.14980630639544981  0.16011176563410823
  0.17042247136665262  0.18074027531046397  0.19106580479869353  0.20142228779859994
  0.21176420456633802  0.22210776468754245  0.23246790639593273  0.24280427781623862
  0.25316782835202334  0.26351720409363100  0.27392004976834006  0.28427962866995471
  0.29467549929017750  0.30508902480249001  0.31554822921821218  0.32597526699706469
  0.33633916460365437  0.34674809336471302  0.35714702665783499  0.36753181038081306
  0.37789928784455729  0.38827016445409013  0.39866661788169877  0.40904389702779897
  0.41943957535345278  0.42986902444732711  0.44030850748124289  0.45072584665149135
  0.46112201766229083  0.47148976841205997  0.48184309492455568  0.49220269201908162
  0.50260119907245293  0.51303160354861499  0.52345786887741130  0.53388817913192577
  0.54434709398038938  0.55485145401044444  0.56535109837775410  0.57580462941612187
  0.58623796740061385  0.59666356578621516  0.60709039795840491  0.61752057288471818
  0.62793218542938967  0.63832227633642757  0.64864687816237576  0.65889496834220962
  0.66913701779760526  0.67939758709720588  0.68969967801006204  0.70005904427263554
  0.71046721576940208  0.72088745663164144  0.73129575788525203  0.74168628935398795
  0.75205702625076087  0.76239493419944993  0.77272768919339696  0.78308277821300609
  0.79343368501745237  0.80377225126795881  0.81412978538947145  0.82452651846720149
  0.83492959020101765  0.84536827199135733  0.85583196802182437  0.86630107733244743
  0.87671044171092793  0.88710943600288539  0.89746369511319490  0.90781505599112122
  0.91815138116437445  0.92855520775689238  0.93900598001549418  0.94941144954846812
  0.95978376955751277  0.97011488714833749  0.98048664552885012  1.00000000000000000
  0.00951747027615132  0.01557826646092343  0.02476056099982066  0.03555681074565176
  0.04594427546795928  0.05633616485751655  0.06672314698994898  0.07710348839615112
  0.08751131324256137  0.09790752919107665  0.10831309498504230  0.11872331166823478
  0.12911384017849054  0.13951226184580381  0.14994392998680434  0.16037434457667327
  0.17071937049494496  0.18101341853125719  0.19128766355000867  0.20163532413818069
  0.21200281975280463  0.22241843889486757  0.23283629460146119  0.24327806711313008
  0.25373932259920190  0.26418288473981905  0.27459393586483599  0.28493707485777348
  0.29531812613395669  0.30572698916477548  0.31613093184674496  0.32652163377055876
  0.33687932387181840  0.34725047536567649  0.35759772176356641  0.36795884330338685
  0.37836814352418935  0.38878774786121850  0.39918952962379778  0.40953298854012010
  0.41989932955038595  0.43027087045730794  0.44066500435852424  0.45105199907240717
  0.46146570526790370  0.47188322809660010  0.48226484946506099  0.49261494984899551
  0.50296365275957367  0.51334639539070992  0.52374038537579992  0.53414114368400545
  0.54455519587845913  0.55498551276800046  0.56541090400797689  0.57583392609139439
  0.58623443712290380  0.59661678057526391  0.60700325316442749  0.61740187027722337
  0.62780061791709163  0.63818940119348300  0.64858364195186469  0.65901290206094076
  0.66947938948785002  0.67992808821212525  0.69033889558453376  0.70070406045860589
  0.71106252049007423  0.72141788791698069  0.73173514191872768  0.74205793151876343
  0.75240421413146275  0.76276341713443940  0.77311807770904417  0.78346677575086343
  0.79382279489973018  0.80420417126515653  0.81458717781966428  0.82501537558452354
  0.83542151593503600  0.84582366701174327  0.85616449923245830  0.86645365022603038
  0.87678365338733633  0.88717698296211756  0.89759805529685199  0.90798117726399530
  0.91834492126176759  0.92871128625037613  0.93907128942131080  0.94941215708956184
  0.95976039540521529  0.97012692306133286  0.98044548692655120  1.00000000000000000
  0.00965484629385484  0.01565625247376019  0.02492396514897254  0.03570804738503194
  0.04607502833470015  0.05645285748630900  0.06683154966797462  0.07720703646052693
  0.08760439823878267  0.09797160109563600  0.10833150022786910  0.11865394294136251
  0.12900555162289357  0.13939438527948297  0.14979364023615019  0.16022434350573875
  0.17061311989625225  0.18100683690065736  0.19129999686131141  0.20157418716315675
  0.21180298069515643  0.22210484705452380  0.23242446734949823  0.24281541530333151
  0.25322633193028532  0.26365458471817921  0.27408969818666057  0.28450708980057199
  0.29491716727387557  0.30527537694561802  0.31562854946424729  0.32597620356407908
  0.33636185963247262  0.34672606725053456  0.35710173148011221  0.36750819054964967
  0.37792352790296718  0.38830596781617444  0.39865815030238971  0.40904917879110736
  0.41947887282334961  0.42989665153078893  0.44028308269163480  0.45063552075758107
  0.46100493808351006  0.47138571459182055  0.48179697962104845  0.49219443998466655
  0.50257753066817590  0.51296078880864060  0.52334291409112588  0.53373662774268493
  0.54411747235623853  0.55448685458070157  0.56484602449654520  0.57518958613222926
  0.58555053466413876  0.59593128667095496  0.60633188955118589  0.61673261479410246
  0.62713009449324864  0.63755419820544901  0.64797590432770946  0.65837726244016537
  0.66877281885616147  0.67917012165018498  0.68955180538398642  0.69994413446609427
  0.71034752301371018  0.72071308114012334  0.73103243709958310  0.74133155105072779
  0.75173431124228585  0.76218781359410404  0.77260968408046049  0.78304422916326799
  0.79349679143148433  0.80398254631247368  0.81441003808946000  0.82477607448732548
  0.83514970887446704  0.84554011834942977  0.85589354590161937  0.86622731768197436
  0.87651504011997938  0.88685439976029667  0.89724703122720229  0.90766773391033695
  0.91806624756342936  0.92844946056372724  0.93885439454475828  0.94930107054485546
  0.95973575282158707  0.97011673579786517  0.98052371960018214  1.00000000000000000
  0.00962461615089920  0.01566977843891432  0.02495239832509306  0.03572103336640878
  0.04606069810501099  0.05643919678055048  0.06677389094227644  0.07711054275483603
  0.08740684489984377  0.09775886202453168  0.10808944684271414  0.11851546026811743
  0.12897206432892677  0.13946352547610957  0.14990902318782065  0.16030962674902291
  0.17064795343917546  0.18095308713261285  0.19128465860196403  0.20166964658570458
  0.21201068593398900  0.22236482048617556  0.23271668148262498  0.24312485514815207
  0.25352155929445758  0.26390317695766546  0.27432501188876074  0.28472434439498012
  0.29510965493007491  0.30543500101645610  0.31579677315536231  0.32617347826165616
  0.33658781715136299  0.34697585938296682  0.35737987735406196  0.36773454628960345
  0.37807409903378947  0.38840715098731615  0.39879105544659516  0.40921116531671103
  0.41960428869679678  0.42994735422676494  0.44025508173084832  0.45058508562328276
  0.46093970423662151  0.47128364964917535  0.48162769451685200  0.49198914313020226
  0.50237645371101247  0.51279176828609341  0.52322819111622709  0.53367080011775048
  0.54408926727337503  0.55447073166354521  0.56485345893606898  0.57526640605155566
  0.58567933457283350  0.59606827280620389  0.60645214403390946  0.61687235841065158
  0.62732108135136466  0.63775657453314261  0.64815397502186600  0.65849735222156536
  0.66881841123736208  0.67914880711672454  0.68952212049765160  0.69991969279502042
  0.71031300952236687  0.72078088768012927  0.73126791587240214  0.74176859904686510
  0.75220563320933964  0.76259899703931577  0.77302359601903781  0.78346903035842885
  0.79390646499938911  0.80433261513498311  0.81474389326556407  0.82518345304709140
  0.83557626567033849  0.84594856582650557  0.85631207491372341  0.86668278976192292
  0.87703678203766844  0.88739933547220851  0.89778479931307076  0.90818880893872711
  0.91858236743374033  0.92898978245319208  0.93942490595345984  0.94982156139201623
  0.96014837442928236  0.97039308126908852  0.98065760870136953  1.00000000000000000
 -0.00250850867774753  0.00962520776324256  0.01985292176651198  0.03043018272915817
  0.04100291259746340  0.05160781662893034  0.06223793892387965  0.07290962508721816
  0.08355538182101266  0.09414990824921224  0.10471429440406652  0.11524590657749488
  0.12577594403727702  0.13626067884617779  0.14675531779625836  0.15727316219336895
  0.16771618699522506  0.17811760574322316  0.18850331871216280  0.19896747736107789
  0.20948308559866166  0.22002063207859174  0.23055327076564094  0.24106625919562230
  0.25158607387702053  0.26211137115956185  0.27261932383274784  0.28315433789256644
  0.29369381571493441  0.30423874739772838  0.31476789083817069  0.32528713044262192
  0.33581822317402066  0.34632928755467418  0.35687817696573826  0.36750200888966639
  0.37814781865718505  0.38876198343525764  0.39934599100203666  0.40994521745999041
  0.42053189112535833  0.43108833356250764  0.44164159749488285  0.45218363949281631
  0.46278702422123347  0.47343259361206569  0.48410371127929497  0.49468916747672653
  0.50513405203694339  0.51559088642268469  0.52608099127284957  0.53662214815586629
  0.54711096320964203  0.55754932547906622  0.56801130597640670  0.57853130138739473
  0.58906589098052420  0.59958480354428301  0.61009807025253693  0.62066290727989737
  0.63126906672303074  0.64188078134881132  0.65243817897748702  0.66291454954990392
  0.67339387897918035  0.68392620218184286  0.69449202014150457  0.70504347286953994
  0.71559525096645171  0.72620481166681428  0.73675518775209103  0.74730723688597445
  0.75780202751402193  0.76838708600171790  0.77900031684730198  0.78962425063125219
  0.80017342865856400  0.81066173952174059  0.82117919420973662  0.83173710672569323
  0.84229846655348062  0.85282970067160802  0.86330103085104570  0.87379562056862081
  0.88420518951983718  0.89465109165576584  0.90509609882244513  0.91561881366039843
  0.92612487412402156  0.93666332762724025  0.94719983317746348  0.95768739367853140
  0.96818992393059766  0.97874210530315398  0.98938782820512527  1.00000000000000000
 -0.00247256366700512  0.00941459721255013  0.01956590897742069  0.03002258006762997
  0.04058853754738330  0.05105332408850938  0.06158854258263687  0.07209185801826813
  0.08265613165539362  0.09308905537377032  0.10361070043217055  0.11417173889845848
  0.12477536216557829  0.13534043220709105  0.14589829371370094  0.15654217738505405
  0.16722159446653312  0.17790110609681084  0.18853381630391886  0.19904528574016067
  0.20955960167554957  0.22001234574575615  0.23050606268587484  0.24099890422226625
  0.25158309908701798  0.26223322920432801  0.27295968483948246  0.28363156222505326
  0.29416568726020942  0.30458550195534451  0.31505129096772511  0.32557480764392599
  0.33611789537558895  0.34662379519733916  0.35715226763401381  0.36764906295358629
  0.37818579217298542  0.38871269696466987  0.39926457377229574  0.40977238236713831
  0.42023780770513502  0.43070315666486825  0.44121023824266226  0.45174085840296074
  0.46234598312899666  0.47292469332688225  0.48352697334531602  0.49402841840058925
  0.50457711138792560  0.51507564916692306  0.52563322584097227  0.53609690335025395
  0.54655099561166409  0.55695998729662344  0.56742692139887518  0.57788754612326354
  0.58832124004097930  0.59878903144343465  0.60934655353948375  0.62000858754619081
  0.63062771987247945  0.64119468957099524  0.65169359675101113  0.66222046741823903
  0.67278330677042986  0.68342611547143428  0.69404082254831290  0.70463945268526296
  0.71523073673430215  0.72582453948680747  0.73639890728186419  0.74686166623324646
  0.75735554021543550  0.76779374478896867  0.77827847822007201  0.78879732327535457
  0.79939172899238775  0.80993747464994414  0.82040587003869647  0.83081985156606242
  0.84132250596953262  0.85186731007034044  0.86248041989541380  0.87307838032283058
  0.88363825881916824  0.89418146782160779  0.90474248076204400  0.91533578337466615
  0.92593811818375216  0.93654842722796661  0.94713675198783187  0.95772544083096078
  0.96828657338648161  0.97885531032092377  0.98943427152430174  1.00000000000000000
 -0.00251374765402396  0.00953787992574539  0.01967143410466519  0.03020560988242638
  0.04079504903956487  0.05134257819963525  0.06187530252366198  0.07246121366632144
  0.08306449506979649  0.09358209213232004  0.10405778780150016  0.11455496308420926
  0.12509557490370998  0.13562572854327276  0.14617756621916658  0.15674733086741854
  0.16727551163043597  0.17783962087876640  0.18833404660293959  0.19891709010607564
  0.20943720188454132  0.22004056587226722  0.23058294442904190  0.24118263595544875
  0.25177600038677123  0.26237851025875331  0.27298632352926133  0.28359684130247109
  0.29419508919798831  0.30476278621512076  0.31530261102831381  0.32586370917793428
  0.33642503115530775  0.34696583322054647  0.35749413753610881  0.36799622250359781
  0.37851971479863794  0.38904240229047893  0.39959071224177894  0.41016124697078060
  0.42075515870453462  0.43133651350503777  0.44192850294151020  0.45249506924687827
  0.46312214949873287  0.47366924071038352  0.48418965016507448  0.49469817684027378
  0.50525928513753382  0.51582309539321991  0.52634257195117795  0.53686709659177101
  0.54743268087350760  0.55800854852036186  0.56858040542323884  0.57912833883668169
  0.58963153288862846  0.60011780319189234  0.61061252601473215  0.62117010866628575
  0.63174817902775837  0.64225655389136282  0.65277049172362167  0.66327811536771653
  0.67383311676879121  0.68437537134314508  0.69485642618235577  0.70535973247985362
  0.71583950783016959  0.72638162505814596  0.73694650417954433  0.74744847717429608
  0.75798334986059768  0.76856299409907436  0.77915578045461986  0.78970831639931982
  0.80018303584070305  0.81067099594906977  0.82111789478994945  0.83163117833689304
  0.84211623911701705  0.85266454046339879  0.86320084854554424  0.87381451576385172
  0.88442611945592087  0.89500249461400438  0.90564028318814427  0.91621327778598838
  0.92676446503304899  0.93720716684864658  0.94766682474556063  0.95817568233382588
  0.96870361941049254  0.97919187045503042  0.98959943518688120  1.00000000000000000
 -0.00246155181346300  0.00958245314347991  0.01974011949949835  0.03032521444245611
  0.04088012684812714  0.05134216722433129  0.06171710056737959  0.07211798257361993
  0.08255378828373230  0.09304509425013059  0.10354560677862658  0.11407777468866907
  0.12462571959068904  0.13521134769701454  0.14579859430090550  0.15639862588393927
  0.16692545008126361  0.17748279309242165  0.18799583063028769  0.19855352385930891
  0.20909109746513566  0.21964083106813700  0.23014423581272755  0.24065891189780766
  0.25111730210689431  0.26163654044340917  0.27210773709098035  0.28270677873085093
  0.29324635384332520  0.30380671032058099  0.31430665930346791  0.32485283560438133
  0.33542193099826795  0.34598213022979046  0.35664235562638474  0.36731195953445139
  0.37798923430690712  0.38858649149772245  0.39915649710675583  0.40967445338282527
  0.42017681831801718  0.43072189325418225  0.44130197714028230  0.45184342783260678
  0.46238915211643711  0.47291353270465197  0.48345421081231188  0.49396098624700502
  0.50453365036854614  0.51512101653400122  0.52570639196878632  0.53626547546123149
  0.54680372155129453  0.55728872686410547  0.56777346148182628  0.57827215735343951
  0.58880750873162768  0.59935674698750852  0.60990813816092793  0.62047615473883388
  0.63099640099219190  0.64150661414090338  0.65206632052550906  0.66259715532293173
  0.67313800330964257  0.68367892138941566  0.69422328803819622  0.70479045029659715
  0.71529526466352744  0.72583655811202530  0.73635600876238183  0.74691020125710827
  0.75746583509375109  0.76803836995274188  0.77860113180427115  0.78917649672315260
  0.79973812682511625  0.81025863323168446  0.82074074967389909  0.83119529662823788
  0.84174237284573483  0.85236382444657388  0.86296873386956208  0.87343862487358315
  0.88393069289460446  0.89449088810622768  0.90507809431099262  0.91564740286713797
  0.92617730066654402  0.93671990545823802  0.94720989614538798  0.95774202930850305
  0.96834120410162727  0.97888839363914804  0.98946359281568375  1.00000000000000000
 -0.00241028716624109  0.00956060014388853  0.01972949858672202  0.03031170039606183
  0.04096939356492382  0.05158242419107286  0.06216979467678801  0.07268035176595490
  0.08319081489570468  0.09366455809972700  0.10414407468295002  0.11466186881035897
  0.12521458243655506  0.13575236597795767  0.14630124918955548  0.15690072036378469
  0.16751389050207163  0.17805294928616336  0.18856054726273644  0.19901360080959232
  0.20949354525583408  0.21994975861001834  0.23039885795598272  0.24083262625625598
  0.25126484628812967  0.26175602627289352  0.27225986812151010  0.28281209195738871
  0.29335546494720777  0.30398235512964333  0.31451570026009101  0.32508116399926723
  0.33554939699134956  0.34599977766056411  0.35639469455365091  0.36685585168781809
  0.37737726202871491  0.38798859836305744  0.39860806909468294  0.40923152792536671
  0.41984076146341370  0.43040457206984084  0.44099608399780454  0.45157898522508633
  0.46216317052578609  0.47272944073544360  0.48330399307720157  0.49384655151832868
  0.50434329382844900  0.51479037473199629  0.52526439639497269  0.53574089566677929
  0.54624999927512596  0.55680617606884719  0.56745479833751877  0.57801745884111011
  0.58856399214387234  0.59907658172533718  0.60963761525376081  0.62019203492872665
  0.63070685790755177  0.64125300650072570  0.65178072082313010  0.66233571711093686
  0.67291919986730098  0.68351606400117249  0.69405887222152529  0.70456496227643706
  0.71505984623511187  0.72554194895058122  0.73608546500865368  0.74659806719287658
  0.75711569849442906  0.76758978697843627  0.77805782799419354  0.78853818558905941
  0.79900478336869485  0.80957540476976109  0.82018587599941739  0.83077840790218727
  0.84132018599074720  0.85189878563133270  0.86250315467632388  0.87307497450696381
  0.88359553366092136  0.89408953868979613  0.90464591416797757  0.91522005315644905
  0.92579511017527860  0.93642708964977861  0.94702682999262033  0.95766087432690128
  0.96823182330066504  0.97884642728696858  0.98943259984741805  1.00000000000000000
 -0.00248254933336320  0.00940831975108282  0.01945462543102138  0.02995317793566644
  0.04046595768940020  0.05097448441704402  0.06141539487363677  0.07190412554713033
  0.08248850555256464  0.09303567323242247  0.10360556141840163  0.11417314775671537
  0.12474956278385785  0.13527700513893365  0.14581756359189341  0.15636917842003653
  0.16695007376750012  0.17752119254190937  0.18812053946512919  0.19873236205048761
  0.20921972511694531  0.21974748772724928  0.23026850876832761  0.24084150569782201
  0.25135555077894733  0.26177006694317007  0.27227509470522676  0.28283919761664983
  0.29345668084428200  0.30397810138174386  0.31442917699678669  0.32494289793367098
  0.33548261871513707  0.34602950013132727  0.35653019541244707  0.36705765640469162
  0.37757945582836749  0.38815328390313220  0.39867866820850201  0.40922724308026343
  0.41973230040592246  0.43026084165236145  0.44081027721875116  0.45133846776884629
  0.46193248844133478  0.47246647621811033  0.48297218998164343  0.49349045096255262
  0.50405425468999265  0.51466577863111973  0.52519996423553217  0.53579131639655719
  0.54635864469331352  0.55696481339878312  0.56746682312413432  0.57798803716555991
  0.58852043555820088  0.59907115558456647  0.60969576710025186  0.62023028892275356
  0.63074207359108869  0.64122189319431655  0.65181724898737181  0.66241462304875132
  0.67296234123222543  0.68340680029584400  0.69387969043495379  0.70432028548670456
  0.71482072898094184  0.72532554455562981  0.73588127666270942  0.74645177472918633
  0.75701925762003797  0.76758448785400246  0.77815647721035197  0.78868498647928331
  0.79917715480444251  0.80966258137496094  0.82021773062993553  0.83081801104130015
  0.84138360955555069  0.85195437352123016  0.86253177394790714  0.87306882163975352
  0.88357995909790155  0.89403273574622544  0.90450292540261146  0.91501839162990706
  0.92556952793955349  0.93617587490462761  0.94682487844407814  0.95753500140159509
  0.96817381230127919  0.97876281930287534  0.98935077827404183  1.00000000000000000
 -0.00244587261570500  0.00963230082446943  0.01992101298195918  0.03052096234292516
  0.04108972148308902  0.05152090050824551  0.06202146413402256  0.07253970969659725
  0.08312329727068757  0.09372287182799185  0.10431139476457638  0.11486916841591722
  0.12536052276888532  0.13585898412597547  0.14636075634621584  0.15689808506830036
  0.16744384384685085  0.17797717243200029  0.18853653566140824  0.19908565511073645
  0.20964565037330643  0.22015367750314779  0.23067895538080949  0.24120597385016607
  0.25175822845385565  0.26225463761957379  0.27279805204171004  0.28332851657126129
  0.29388800276389804  0.30442779769911854  0.31497815505227955  0.32553584116830719
  0.33604508956696527  0.34653274258715899  0.35710479846352650  0.36774435221613033
  0.37841094209210363  0.38910727567505948  0.39975679907477640  0.41037492977795620
  0.42091881757699567  0.43140369171384668  0.44189900544829491  0.45233782870817835
  0.46279488091875631  0.47325947140587654  0.48370909720707628  0.49419582726224398
  0.50471862424170255  0.51525457701500399  0.52578237498933866  0.53625924285476345
  0.54675707119858652  0.55730474291210008  0.56788476202093441  0.57845845468811963
  0.58900551375472077  0.59960827615873236  0.61019234918515641  0.62076919849353618
  0.63127175252977707  0.64176440002697099  0.65231472767072485  0.66288089385046756
  0.67354488609799235  0.68415229940550382  0.69474656718036865  0.70529736553702715
  0.71580966663241707  0.72632978716751473  0.73681315053768059  0.74730128581587740
  0.75774933201202577  0.76821517329459532  0.77867751467766699  0.78915282608484361
  0.79964280587262082  0.81011436910657397  0.82064734098806313  0.83116581144867174
  0.84171240244054990  0.85223671314414473  0.86274395591288611  0.87330990619567039
  0.88385651979757696  0.89443551263883325  0.90491153906832811  0.91540843309153730
  0.92590963393100356  0.93650788822981967  0.94708241876981680  0.95765399477324564
  0.96821307652048583  0.97876708622211916  0.98937242403798875  1.00000000000000000
 -0.00228056802941282  0.00945116374973566  0.01953670894522957  0.02999652940147025
  0.04048332432814675  0.05096441349238439  0.06149366866224820  0.07199671571131369
  0.08251306513146298  0.09297132054974103  0.10349765001908780  0.11401079674905436
  0.12455135600564603  0.13507011222702972  0.14559388175965807  0.15616090408832314
  0.16677643623312513  0.17740733970358979  0.18796288191960545  0.19849718865184160
  0.20902156653596538  0.21959126430959594  0.23018127573486125  0.24072363175010825
  0.25127813250582920  0.26179365175676350  0.27225352857507840  0.28267220427471468
  0.29314105181333433  0.30366316569352908  0.31420647498611026  0.32471588329052059
  0.33527562149245693  0.34588709562341990  0.35649126187442459  0.36708368958296372
  0.37765443623211464  0.38821883378079497  0.39878473898613820  0.40924639186182504
  0.41974379227524727  0.43024279907175922  0.44076803057714659  0.45121252065474510
  0.46164829804298080  0.47215506313400635  0.48270462780653783  0.49330528915526578
  0.50392556718491255  0.51452895323392722  0.52508621233193975  0.53554775676942845
  0.54603154712828372  0.55652912943005539  0.56705412584334502  0.57761128617035740
  0.58818390675343069  0.59879037598154405  0.60938662038919211  0.61994119247156787
  0.63043812071350536  0.64089781813383495  0.65134766566096480  0.66184566836207814
  0.67235087586400089  0.68287127071806986  0.69340974851074655  0.70393171322197701
  0.71449856220792940  0.72507849800333646  0.73573209821534169  0.74636814036698607
  0.75693272755508645  0.76749145910615602  0.77802977043942456  0.78862050780085702
  0.79916048994016575  0.80977121295753729  0.82028364044770063  0.83082436775310586
  0.84134714041667991  0.85189804854692130  0.86237581891873660  0.87283081827323528
  0.88337868114324858  0.89402056662354845  0.90463031304407460  0.91528387690596369
  0.92589010115206094  0.93649268891900017  0.94705522378502494  0.95757621592118192
  0.96816562542388918  0.97876426627179181  0.98940701800054898  1.00000000000000000
 -0.00241916274499237  0.00941755291970060  0.01951148157196606  0.03004636541179709
  0.04063020559115222  0.05122550745723236  0.06176776986942822  0.07237277069901100
  0.08294159003989486  0.09347481489643551  0.10394856072629836  0.11444902640368851
  0.12502057300735883  0.13553978333370423  0.14609562643049687  0.15666398880001292
  0.16727932272734167  0.17784290350385257  0.18836912044197365  0.19889743051090253
  0.20942910732850223  0.21991091887029135  0.23036680684679020  0.24082589596489551
  0.25133725180420330  0.26196317586301859  0.27259592357175755  0.28320824969159308
  0.29373672870251477  0.30422458788913825  0.31469493441331653  0.32518455158486853
  0.33575276327834042  0.34635857273404086  0.35691507158714464  0.36744650508957027
  0.37792776789471594  0.38844276390800908  0.39896087696524252  0.40954693471893255
  0.42010763992651928  0.43062135202239821  0.44107656440029119  0.45153625656180951
  0.46203646274389026  0.47254955133853810  0.48309551711922305  0.49361825705054907
  0.50418740266653317  0.51471472371497218  0.52530844328125870  0.53585827380291340
  0.54647442321674744  0.55702179138798136  0.56756618861395847  0.57806038746547628
  0.58851716909430862  0.59895160688646432  0.60941219594591367  0.61993377928800442
  0.63045083980680483  0.64102449388441340  0.65164889526755043  0.66227329500370746
  0.67287048587718590  0.68347172961342006  0.69405121968652350  0.70461353454931408
  0.71513395990739803  0.72568436035401762  0.73619327714754046  0.74671024978133893
  0.75721911466660008  0.76770271006503832  0.77821791409700081  0.78874342774323913
  0.79930486684668478  0.80980180587993222  0.82037535343032486  0.83095247198847988
  0.84155608303612750  0.85214939406645218  0.86278116037001507  0.87342283052750180
  0.88395879287269452  0.89445955398490484  0.90490376094148506  0.91535166895399822
  0.92585639329621161  0.93635215337122568  0.94692138007881554  0.95753283446798731
  0.96819864490409491  0.97885615404824156  0.98941496020462327  1.00000000000000000
 -0.00249641304808377  0.00959450402623311  0.01981851230855408  0.03035959509807255
  0.04092481608473924  0.05150611693517996  0.06210842676184951  0.07277213490206283
  0.08337514441601539  0.09400786153530019  0.10457317389308281  0.11514669133167763
  0.12569003196267206  0.13623122296064896  0.14676956300149185  0.15732437235687519
  0.16787691463364521  0.17845370564570356  0.18901755264736156  0.19957760410642750
  0.21013617898438969  0.22068387009215129  0.23122493787493884  0.24172963936379910
  0.25218709872601064  0.26266575422750726  0.27311130671587575  0.28363106162372070
  0.29417047823192105  0.30480225920507448  0.31537179068499926  0.32590334548660027
  0.33636500051095575  0.34686097294052515  0.35738840027562313  0.36798880410920620
  0.37853167629258438  0.38906253717461886  0.39952600199884963  0.41004540334236572
  0.42058926285900988  0.43124169529157491  0.44188476971536111  0.45251708307695271
  0.46310880591418585  0.47368215298280680  0.48427300653966454  0.49480838502115260
  0.50537503651299132  0.51589691261088055  0.52646669664225254  0.53694010521477942
  0.54747197387673396  0.55797912823006190  0.56854431829164243  0.57904558432525099
  0.58957287722271778  0.60014601571045856  0.61074153756264071  0.62128219876190138
  0.63184835484657287  0.64241449182563004  0.65297717389485654  0.66353057350453160
  0.67407649503516143  0.68465723561135483  0.69519122416484491  0.70570015566866673
  0.71623125505998919  0.72673836452166052  0.73727001213999455  0.74777678800841141
  0.75827082784425281  0.76881899624106209  0.77934169825704669  0.78990933351612258
  0.80042005460796184  0.81095912479919730  0.82145639149856142  0.83198447223935701
  0.84249101811240024  0.85301261830348152  0.86352906463041312  0.87410366048408084
  0.88464741575280448  0.89514413369707835  0.90559178639667004  0.91606088377728401
  0.92655398424223556  0.93708634799512291  0.94761412701826930  0.95814012870131537
  0.96859315847598726  0.97906531528603091  0.98952798979143308  1.00000000000000000
   2.0478365587963791E-012  -1.0000000000000000     
 T T T T T T T T T T T T T T T T T T T T T T T T T T T T T T T T T T T T T T T T T T T T T T T T T T T T T T T T T T T T T T T T F F F F F F F F F F F F F F F F F F F F F F F F F F F F F F F F F F F F F F F F F F F F F F F F F F F F F F F F F F F F F F F F
  <DiscreteSampler_grid>
  grouped_processes
  1 # 1 for a reference and 2 for a running grid.
  10 # Attribute 'min_bin_probing_points' of the grid.
  1 # Attribute 'grid_mode' of the grid. 1=='default',2=='initialization'
  0.0000000000000000 # Attribute 'small_contrib_threshold' of the grid.
  0.5000000000000000 # Attribute 'damping_power' of the grid.
 # binID   n_entries weight   weight_sqr   abs_weight
    10   10   6.236052114330335E+030   2.161685944266100E+062   6.236052114330335E+030
  </DiscreteSampler_grid>
