 -0.00042581421869808  0.00246575963087199  0.00422378479882611  0.00607529579828224
  0.00831294899394733  0.01081904809520098  0.01381903887221988  0.01708860984175667
  0.02068378274235383  0.02468008741111396  0.02870549195485797  0.03304979455954625
  0.03784397119903003  0.04282927839660438  0.04814259763470304  0.05383563452293866
  0.05965349921703536  0.06549948747152846  0.07151669261038740  0.07777904880314859
  0.08441391495789434  0.09128559668445146  0.09828152457888600  0.10546300458740285
  0.11314605524861331  0.12125398091877407  0.12960924356944589  0.13834235726257535
  0.14718607392177735  0.15616509657103236  0.16514271084976156  0.17422816377004313
  0.18343968051892059  0.19263505690062935  0.20184103173287707  0.21123463033800474
  0.22099906853726542  0.23105761695511706  0.24124937295368054  0.25159061420106926
  0.26222535147397841  0.27322314268607056  0.28433192210485320  0.29573230578564358
  0.30732878469167046  0.31911004374130125  0.33101070095944757  0.34299045368661835
  0.35515800212870913  0.36820454041716827  0.38105992092223956  0.39355861455478020
  0.40609956739216907  0.41877430934340215  0.43153694800341164  0.44406056032602398
  0.45635371139599873  0.46960910658547184  0.48283277898247184  0.49595724640796096
  0.50918649597784327  0.52266243023036985  0.53645472227101421  0.55063575777757956
  0.56531415354436243  0.58052616853851158  0.59556449529925415  0.61078005123938606
  0.62589630280848119  0.64055694780187367  0.65489070718155462  0.66951686355959883
  0.68410797454618277  0.69852804684325398  0.71333557554917326  0.72773254408949950
  0.74152211633172260  0.75518315200402875  0.76878816484481027  0.78259391293259983
  0.79634473262679550  0.80984847235321578  0.82318048880434813  0.83641570247983954
  0.84948603978565507  0.86215693374104097  0.87539748855633748  0.88904262752854901
  0.90287643963865027  0.91678311337129992  0.93070427062320804  0.94455985610032922
  0.95856433830290788  0.97247212074584177  0.98626885142786658  1.00000000000000000
 -0.00278652558934207  0.00995411322921930  0.02107557898639989  0.03188341092899245
  0.04278714563977632  0.05365414897490087  0.06453192861182791  0.07517606965465776
  0.08573653683249809  0.09645452674950415  0.10736266529192760  0.11847736705318701
  0.12938119066962567  0.14033183680412292  0.15151496664493277  0.16270710187075141
  0.17376334966451612  0.18470228402293837  0.19557602329038157  0.20616436334850929
  0.21609422948789778  0.22547652277967578  0.23486338161154149  0.24430148532956428
  0.25441742115771177  0.26445921890863872  0.27452578536986294  0.28479479176393169
  0.29475592380667270  0.30447587270154963  0.31436299231223697  0.32421115446660653
  0.33427021469567036  0.34480722268625513  0.35538793360000820  0.36717086045379083
  0.37840167822265769  0.38966596929089481  0.40055611398846441  0.41118427165248084
  0.42160293025536022  0.43204230167160479  0.44215436950444775  0.45209402226061468
  0.46181411760007418  0.47145352935503504  0.48119387986500040  0.49115094096345907
  0.50120376064707561  0.51139614613541029  0.52161953107630288  0.53239401770243633
  0.54315472358603112  0.55370901883668533  0.56454737340162398  0.57575406540246843
  0.58707812754657596  0.59811528304633366  0.60894170546265269  0.61948432897229744
  0.62975641835836904  0.63971808467351077  0.64968058753603009  0.65949069497405521
  0.66953199661024265  0.67979161718407066  0.69035722411923206  0.70144841649714329
  0.71269965564455839  0.72384975464074020  0.73479594258790437  0.74573591184505506
  0.75657955016015266  0.76731378576790754  0.77791923064458457  0.78852634340349348
  0.79886421016922937  0.80915574930667988  0.81990749761995285  0.83102907918651392
  0.84241239673703261  0.85356939522320208  0.86456169326172660  0.87533866759620682
  0.88619781542208920  0.89656331566500347  0.90682606041435099  0.91678573232169069
  0.92681034434720888  0.93699238502152593  0.94705649861984942  0.95727416401853338
  0.96745426823450831  0.97795909442642748  0.98875236728711324  1.00000000000000000
  0.00085580844540429  0.01759609542142913  0.03180576722288876  0.04341081893616510
  0.05348330380209049  0.06285444063719743  0.07176403168319676  0.08037599057187687
  0.08888806286306390  0.09704741067560198  0.10514640150237238  0.11312380032987772
  0.12101941873159028  0.12874861209703434  0.13612779580689940  0.14366031203996360
  0.15099976220312109  0.15820646363266511  0.16530948942730112  0.17273975314275886
  0.18021653300937873  0.18770122872462625  0.19530097448387590  0.20301264425684237
  0.21078849349237980  0.21851482271762154  0.22600016302818149  0.23321323281165274
  0.24028506646493458  0.24739851258976744  0.25465507237061563  0.26191463565866813
  0.26923809171591462  0.27655571221689601  0.28390616428455001  0.29102229457445444
  0.29819308426847074  0.30535586473257026  0.31267226715359997  0.32022391957197960
  0.32794368006086017  0.33557971882145859  0.34308608247324979  0.35045267719052353
  0.35789884953879259  0.36562370512945447  0.37346907537862573  0.38129859256094867
  0.38905375204551784  0.39667445019379299  0.40420877270445243  0.41157788746181828
  0.41902637375375812  0.42675015414018580  0.43439845522797033  0.44190775834483209
  0.44889742480031919  0.45610041467608275  0.46357151592597112  0.47141587961794601
  0.47912325717344423  0.48674417596650588  0.49434671730484880  0.50206998221257315
  0.51012789650209733  0.51836148670173376  0.52691086580339408  0.53551483217082074
  0.54430544378720036  0.55321650101170283  0.56231710892169728  0.57174402930428558
  0.58136359186232123  0.59087639272871939  0.60045182820014442  0.61046731203385241
  0.62064705663363651  0.63116065157175849  0.64194474681709657  0.65425495622760210
  0.66752350222715962  0.68038304270144712  0.69329885338214015  0.70629013233792082
  0.71904715164130228  0.73207836339486465  0.74612701938944659  0.76077366972176685
  0.77682408034894868  0.79430798203931618  0.81244197608367674  0.83144498864311767
  0.85236369977235538  0.87823869301604551  0.91805942480414271  1.00000000000000000
 -0.02091072797234913  0.14364838487348877  0.19640670072763144  0.22920161162940222
  0.25398975075244362  0.27484771878601771  0.29280362692375889  0.30918907483332625
  0.32416259332791786  0.33765899142464589  0.35004994944339912  0.36186101138673910
  0.37351836100756830  0.38409159873045035  0.39398175236960575  0.40339925366770302
  0.41269538588747356  0.42198510408994061  0.43094294861559279  0.43946124240453094
  0.44741776576885217  0.45532810452592626  0.46305225939207367  0.47035759694704704
  0.47748652563342542  0.48419125672344593  0.49079637296977052  0.49731629891695656
  0.50357704250638780  0.50965204631671357  0.51564764796356244  0.52163374507873783
  0.52746949240696217  0.53323413866495106  0.53898603838169790  0.54472804297649180
  0.55058475390739481  0.55626124812298272  0.56190744436488871  0.56748591627450151
  0.57299005587778706  0.57842320683568704  0.58377882531065783  0.58911411629674593
  0.59452309656258473  0.60010891150076839  0.60567661304063436  0.61112837741195591
  0.61634828451280010  0.62138220902509911  0.62636965855184845  0.63142600233884971
  0.63662780629976523  0.64188481424521726  0.64690805533612439  0.65179883214110901
  0.65662857256479290  0.66153330357631324  0.66653608646050855  0.67165436836465686
  0.67665858801153322  0.68161272414460738  0.68655831390244659  0.69148056964237448
  0.69641812668277070  0.70134536058850083  0.70624214897926696  0.71111801657394691
  0.71606257708489951  0.72113039512381505  0.72605858649864263  0.73134907097899926
  0.73676094694178018  0.74227110995911461  0.74781166382331055  0.75355626185024382
  0.75957998359483836  0.76577653589634431  0.77218845227142663  0.77854843151537223
  0.78503126981251725  0.79150038677369794  0.79808805829973051  0.80474193953243822
  0.81161287044948982  0.81885409638596363  0.82628193304917963  0.83411034946689433
  0.84265963795857435  0.85178951328493346  0.86204030058272885  0.87335598135477599
  0.88713068835704445  0.90473068717493255  0.93264033309955763  1.00000000000000000
  1.37370574360315176E-005  -1.0000000000000000     
 T T T T F F F F F F F F T T T T T T T T F F F F F F F F T T T T
  <DiscreteSampler_grid>
  grouped_processes
  1 # 1 for a reference and 2 for a running grid.
  10 # Attribute 'min_bin_probing_points' of the grid.
  1 # Attribute 'grid_mode' of the grid. 1=='default',2=='initialization'
  0.0000000000000000 # Attribute 'small_contrib_threshold' of the grid.
  0.5000000000000000 # Attribute 'damping_power' of the grid.
 # binID   n_entries weight   weight_sqr   abs_weight
    16   10   2.570397062411443E+008   6.716781823838090E+016   2.570397062411443E+008
    17   10   2.570397062411443E+008   6.716781823838091E+016   2.570397062411443E+008
    22   10   2.667776313655923E+008   7.255500159829925E+016   2.667776313655923E+008
    23   10   2.667776313655923E+008   7.255500159829925E+016   2.667776313655923E+008
  </DiscreteSampler_grid>
