  0.00001056133577584  0.00004675351523801  0.00007264209631655  0.00010024765677027
  0.00012702164340098  0.00015309249464666  0.00017839286567715  0.00020263721153840
  0.00022622957631541  0.00024926299222200  0.00027246743880648  0.00029593148576452
  0.00031960382741459  0.00034351295477074  0.00036814361557095  0.00039317246985336
  0.00041852609028888  0.00044433189883569  0.00047067050403095  0.00049755756178871
  0.00052509486022362  0.00055318242083737  0.00058202136550753  0.00061163550669271
  0.00064206610900387  0.00067329419993743  0.00070556811195690  0.00073904966822015
  0.00077334143905577  0.00080828973017939  0.00084382751017301  0.00087988626825416
  0.00091586729076762  0.00095326116510799  0.00099168408074144  0.00103193575613393
  0.00107349909349481  0.00111587325380518  0.00115939404499335  0.00120407083380457
  0.00125039662360057  0.00129906741536130  0.00134982952257230  0.00140288064050464
  0.00145854397944281  0.00151584578443802  0.00157496794497041  0.00163640008346740
  0.00169933810247113  0.00176532413764411  0.00183468793361599  0.00190680847264539
  0.00198214742502556  0.00206272718650267  0.00214649850623041  0.00223539171064761
  0.00232723467578799  0.00242135389795685  0.00251903882074864  0.00262202461490074
  0.00272806260754267  0.00284351974140774  0.00296205850701716  0.00308921311072933
  0.00322174587393600  0.00336170624055359  0.00351011790911525  0.00366458178879061
  0.00382806774622962  0.00400385751817664  0.00418531478837602  0.00438181613632079
  0.00459779904532560  0.00483299049467140  0.00508671009902735  0.00536533789522872
  0.00567458042116882  0.00602429539471957  0.00640665154885480  0.00681587291033686
  0.00726790289225180  0.00778023531179710  0.00836074666382728  0.00901341691863718
  0.00973937373842388  0.01056891672618231  0.01150764505068655  0.01259018179616004
  0.01390239575682018  0.01559716023705856  0.01779581425590709  0.02099831638870021
  0.02556598561589699  0.03208342548753599  0.53137916312880240  1.00000000000000000
 -0.00246866097647982  0.00954549887993098  0.01967802811894495  0.03010208217650286
  0.04046879676945037  0.05098649894852965  0.06166572227276150  0.07227068986587540
  0.08289881923858530  0.09328265541957126  0.10380633183110112  0.11423976859931569
  0.12468622616403319  0.13500093339806293  0.14537593986047972  0.15569692269975324
  0.16592715747849882  0.17617939281859601  0.18638290830909165  0.19673765615530459
  0.20704060698600926  0.21773294615532537  0.22829919138581006  0.23900316611504169
  0.24962649488847030  0.26035132459615806  0.27098707537209749  0.28182197303559592
  0.29258191699570268  0.30341393642931580  0.31428158727033373  0.32517378878995579
  0.33613645167621603  0.34674222286915107  0.35732477377700073  0.36761621393064420
  0.37787914894824010  0.38833683966975263  0.39899950883633500  0.40995585664082362
  0.42092380808454932  0.43224659536581106  0.44305930207439848  0.45390743881814755
  0.46473357501981943  0.47572192730147578  0.48636131829762441  0.49663352462343119
  0.50725603294777311  0.51796641460258552  0.52841447050594992  0.53873886869976528
  0.54908864809580749  0.55953102913199559  0.56989426206874794  0.58035289037803905
  0.59113705232416314  0.60181211548318880  0.61225452220975873  0.62281958003750915
  0.63341003613817248  0.64384368591184260  0.65406881699244213  0.66418713961184939
  0.67458144933495401  0.68479977343913334  0.69521252610262874  0.70544328281795765
  0.71603274633204128  0.72683029694558687  0.73768303262516088  0.74835593716012283
  0.75921579949823548  0.77003020861896798  0.78049067520219950  0.79094436418579350
  0.80141039398269032  0.81199883303737141  0.82259791127129922  0.83339783428173297
  0.84439106009959819  0.85515989204111797  0.86584882962841536  0.87647015588105770
  0.88694929927440280  0.89728299482246421  0.90742472764430882  0.91764037651378538
  0.92783525041683812  0.93818291728037739  0.94856762564258179  0.95908317388238939
  0.96935191883929195  0.97964420665569718  0.98978102479220309  1.00000000000000000
  0.00019422196944772  0.02271424646816871  0.04093182951094185  0.05615947085687849
  0.07001654775408025  0.08294501697140258  0.09505847321251988  0.10654914126158992
  0.11760120534617086  0.12821252392288932  0.13837625538231590  0.14823031754300023
  0.15794853940480724  0.16756230420462398  0.17700876546742178  0.18629015147432976
  0.19546542210012821  0.20462789484899582  0.21355277605654363  0.22234726415588593
  0.23089877745430290  0.23913256332147034  0.24721813792470917  0.25523063016905634
  0.26321748024670216  0.27115074141267054  0.27897863481914448  0.28667694673812960
  0.29436264238018650  0.30209474409831494  0.30981225835449228  0.31747320167069720
  0.32498603413421878  0.33255463863210427  0.34021710291895751  0.34793636548185652
  0.35574889843063207  0.36353529490082859  0.37116166840289672  0.37868219122307684
  0.38617460546227472  0.39370100574227374  0.40127906629221016  0.40892862067060953
  0.41664990448159345  0.42432880989404725  0.43199263671964816  0.43954068437491933
  0.44696017763583445  0.45435324399794352  0.46171903004318560  0.46914297880364708
  0.47672902017849017  0.48427948934794279  0.49174790587543232  0.49918055433341646
  0.50669948263207809  0.51437279688648896  0.52205447693919182  0.52961651844975788
  0.53711964515751742  0.54464942152687934  0.55225376594354947  0.55996909173020326
  0.56775204470247798  0.57560359751890289  0.58344251753910381  0.59142718775659353
  0.59947255921600895  0.60759546717926549  0.61586388578496565  0.62414307830080407
  0.63252352214431007  0.64097092026840974  0.64955277607568318  0.65817227381598320
  0.66699233089343513  0.67612658663307945  0.68544449655394668  0.69519919746549486
  0.70508932852612860  0.71557168302628205  0.72641433242019160  0.73735269048361707
  0.74858766607592098  0.76027767693018189  0.77243826068045629  0.78512602368383810
  0.79861983888077426  0.81330237028096497  0.82917915150970167  0.84668697073710641
  0.86659843113023127  0.89046186307734188  0.92492082306413526  1.00000000000000000
 -0.02081631633682261  0.12199303648852634  0.15926455378872736  0.18252619836521455
  0.20049773857375675  0.21547967011768518  0.22865342963383395  0.24055076132074354
  0.25147441438664353  0.26121311863233254  0.27058175443742222  0.27941428801517632
  0.28798827973686386  0.29606086707593743  0.30376841994551179  0.31131881901020209
  0.31861635702047497  0.32573506834618615  0.33266169675408364  0.33936604616075655
  0.34583517294621513  0.35216836506658372  0.35844882646871479  0.36466666810911152
  0.37088789940756267  0.37697879715097582  0.38291711585068589  0.38878099573903391
  0.39459667962302725  0.40035010126146631  0.40606183081870006  0.41175292655381485
  0.41737579475049580  0.42292668935620220  0.42844927623287815  0.43395315725567168
  0.43943512513678751  0.44492558822904715  0.45041981722202223  0.45585646117782419
  0.46112729989838136  0.46633322392388360  0.47155884973961282  0.47680033502110286
  0.48202960737781442  0.48720633135211733  0.49235237299144013  0.49747842203142639
  0.50261511650877477  0.50776079273659425  0.51294653541677793  0.51812677559605891
  0.52332534065902647  0.52853678451996955  0.53370918939207268  0.53888941391359391
  0.54413357442140753  0.54946157656652783  0.55488006547215585  0.56031439195667687
  0.56571084792235848  0.57115244566474366  0.57664509291232047  0.58222849366431340
  0.58787142737153797  0.59354118121292410  0.59922759635745371  0.60499800588915820
  0.61084371623690936  0.61673047945701165  0.62262750561041269  0.62859531233473775
  0.63472926548810860  0.64092743637383331  0.64729164388889249  0.65378113187158715
  0.66039996586081040  0.66715940710496791  0.67408187196770530  0.68120289096961328
  0.68842279039327225  0.69599175679757508  0.70370865435077889  0.71178614119625616
  0.72027794021423619  0.72889576223898700  0.73860930095212318  0.74858204662442396
  0.75948359281310973  0.77121495629949743  0.78437882360776001  0.79924022249066429
  0.81681746938274646  0.83952337139072841  0.87759326469741827  1.00000000000000000
  2.65350098651855110E-005  -1.0000000000000000     
 T T T T T T T T T T T T T T T T F F F F F F F F F F F F F F F F
  <DiscreteSampler_grid>
  grouped_processes
  1 # 1 for a reference and 2 for a running grid.
  10 # Attribute 'min_bin_probing_points' of the grid.
  1 # Attribute 'grid_mode' of the grid. 1=='default',2=='initialization'
  0.0000000000000000 # Attribute 'small_contrib_threshold' of the grid.
  0.5000000000000000 # Attribute 'damping_power' of the grid.
 # binID   n_entries weight   weight_sqr   abs_weight
    10   10   1.550642123896249E+008   5.693226428010956E+016   1.550642123896249E+008
    16   10   1.550642123896249E+008   5.693226428010960E+016   1.550642123896249E+008
  </DiscreteSampler_grid>
