  0.00000822804952850  0.00003744029464609  0.00007060426943323  0.00010379024147480
  0.00013578036761578  0.00016627114029996  0.00019540078752375  0.00022201164936674
  0.00024741948963124  0.00027228637808996  0.00029657763929140  0.00032179408320680
  0.00034686720927306  0.00037187258036596  0.00039709810099149  0.00042280153817850
  0.00044888129194296  0.00047529753522364  0.00050199103703408  0.00052943565475999
  0.00055732098720883  0.00058571922735723  0.00061488174671031  0.00064481916408624
  0.00067528340659299  0.00070629957456832  0.00073807939429472  0.00077055842983139
  0.00080382772317083  0.00083789061829280  0.00087285419524416  0.00090793742559726
  0.00094389322466319  0.00098070466956587  0.00101875183216703  0.00105876925346692
  0.00110020187045779  0.00114389782979195  0.00118895749676629  0.00123554948164621
  0.00128332853973165  0.00133203986060149  0.00138219938654187  0.00143396378570718
  0.00148756130722261  0.00154269342067050  0.00159938636886505  0.00165834431932194
  0.00172027452639250  0.00178519897868011  0.00185272302715034  0.00192273274460717
  0.00199617556236314  0.00207302239300367  0.00215345306590697  0.00223823308405067
  0.00232455182038608  0.00241665808451103  0.00250975485167932  0.00260914695918882
  0.00271349957737175  0.00282479584992147  0.00294450136324591  0.00307186055733421
  0.00320756362812270  0.00334993223178692  0.00349780261958873  0.00365472920930452
  0.00382028235158535  0.00400458225452719  0.00419737121449015  0.00440516458937587
  0.00462864723851453  0.00486749250615689  0.00512737875226332  0.00540885900714569
  0.00571489723922489  0.00604595098029606  0.00640033778482529  0.00678846279610456
  0.00721756223871246  0.00769134636590712  0.00824229216457791  0.00886533464031150
  0.00954463689304317  0.01034042539487777  0.01129281628289010  0.01246586971800465
  0.01390430146587941  0.01566453225493854  0.01774416151545707  0.02048990881601407
  0.02507334823263737  0.03152052521056678  0.30857981974754334  1.00000000000000000
 -0.00239348296948325  0.00899473129575657  0.01891106720646374  0.02945547316725174
  0.04010908473537434  0.05079006267171427  0.06153028973547627  0.07239008158980818
  0.08321550211380728  0.09412024736804048  0.10476049775952309  0.11542020095718439
  0.12598445398777094  0.13669579816995031  0.14737747114220745  0.15800848049772920
  0.16883422116393371  0.17954652953462216  0.19022191958395662  0.20087002429956996
  0.21151546121368242  0.22197580002690209  0.23232648037662229  0.24269829490719283
  0.25318783549258345  0.26372028995276470  0.27424423200298104  0.28451755568959947
  0.29463402730899391  0.30468425996960130  0.31486476378702610  0.32512949327780222
  0.33551085866450991  0.34612881390285177  0.35680281321547763  0.36754588654755976
  0.37848198752982498  0.38917719989191496  0.39970843024558417  0.41017464487775512
  0.42087335120054992  0.43170086061504043  0.44233795430233241  0.45284711622469698
  0.46343822706109483  0.47413888949165950  0.48455559860922981  0.49479904179753098
  0.50506538715915139  0.51572994139216988  0.52627330944821293  0.53662555644743248
  0.54665731468683176  0.55677256791837082  0.56714003714698358  0.57776526589442734
  0.58836855235679120  0.59869201097805413  0.60919958611263969  0.61992802537599312
  0.63074837254068805  0.64143702573669914  0.65204970475431256  0.66278702315893290
  0.67357239779652367  0.68421489353238873  0.69473629911162194  0.70507262833310325
  0.71536040505124998  0.72550028067746086  0.73564117339720503  0.74590313139359321
  0.75649689035511969  0.76712876508830885  0.77767360404017649  0.78805092598860194
  0.79871754967582909  0.80934151630873996  0.81987722431849597  0.83016767414842674
  0.84047707335272548  0.85094367967269002  0.86131152858678561  0.87188286679087834
  0.88228442528532636  0.89284009757533822  0.90326413689198681  0.91381158448762412
  0.92425404708406467  0.93472448721656054  0.94516390905486070  0.95556639340062033
  0.96631000808223755  0.97737988768621842  0.98867864224131152  1.00000000000000000
  0.00015264334925649  0.02324881404602457  0.04196944716969081  0.05743977373136187
  0.07120821151668912  0.08392763494148535  0.09595498517397678  0.10734366294122846
  0.11825164699818569  0.12885181175436763  0.13913923696393027  0.14897617520299972
  0.15851387875763318  0.16796902362056559  0.17719938861173312  0.18626778468401647
  0.19505593492548007  0.20368112095911367  0.21226936740931526  0.22086053825751353
  0.22939768177181738  0.23789811007974196  0.24625513269577190  0.25439910097527091
  0.26238176849108641  0.27024225073207808  0.27793173743657290  0.28550906622992339
  0.29307897995769572  0.30068291435608030  0.30842831387326042  0.31612472320380919
  0.32371859085461996  0.33112454910948041  0.33850167706110973  0.34593526146624065
  0.35336472691553045  0.36081205165924946  0.36826866986852225  0.37571887644619695
  0.38311272710795380  0.39053303662510824  0.39777415729993210  0.40500621652543789
  0.41222826307253818  0.41941527936481271  0.42659945012848266  0.43386183609849299
  0.44127778226743031  0.44874890461480965  0.45611991173614708  0.46339484520751195
  0.47064612369929437  0.47798100795368276  0.48558840782112805  0.49332572131840596
  0.50103275263900471  0.50855687832176555  0.51598299227294597  0.52342730137976867
  0.53098356192872065  0.53863384016788995  0.54644357864554149  0.55426927788977387
  0.56214174404332939  0.57012243447965694  0.57821300775874529  0.58652108054226093
  0.59503682630513033  0.60368242050894694  0.61246443669575557  0.62130747333676339
  0.63026327730470533  0.63932939295215863  0.64841074034886614  0.65741759188333337
  0.66645367276450707  0.67561980882585715  0.68501371465555538  0.69464097551319970
  0.70464101365514420  0.71501108185906248  0.72577809804437721  0.73680768207087477
  0.74823648383280361  0.76025255838870398  0.77280589033403357  0.78579771690564459
  0.79912815710548790  0.81299157912307696  0.82795763841692438  0.84502117664536491
  0.86465128488855225  0.88934336962952887  0.92563418293085320  1.00000000000000000
 -0.02074938264702503  0.12030875128586785  0.15871375762917833  0.18182997299052667
  0.19973895848255582  0.21474772329507757  0.22790749470793711  0.23968042701148398
  0.25067890639191720  0.26066489920065561  0.27026981393981109  0.27884543906926135
  0.28728119786977274  0.29537190448181455  0.30308514042133478  0.31063987121512698
  0.31783524986299239  0.32496153040210102  0.33193675535654904  0.33867408155718381
  0.34524932382257029  0.35174748118526922  0.35817266142714416  0.36455953437473820
  0.37086941846701610  0.37704602088241407  0.38309757999455030  0.38908840151222762
  0.39501264767890798  0.40080126115768555  0.40648231755401792  0.41212424260650288
  0.41771913959604656  0.42320408505353313  0.42863807019287825  0.43403163892246799
  0.43940747059614510  0.44474085835766208  0.45005762968533697  0.45535717708756318
  0.46064032820190681  0.46590486977428258  0.47115122121740616  0.47638326077342480
  0.48157642794583266  0.48679519399644605  0.49202292200006370  0.49725001181689671
  0.50252084205680592  0.50775166990620879  0.51295924486808353  0.51815440247849553
  0.52334930266142243  0.52857379588309472  0.53382440274060838  0.53907207081345521
  0.54432717159494659  0.54962370307765862  0.55492559958622589  0.56028729264232002
  0.56566369353382218  0.57107124712837976  0.57648770616089984  0.58190190544412845
  0.58741023073639920  0.59298643031444664  0.59861765669014344  0.60433274705547169
  0.61014262525384455  0.61600698854689884  0.62191044395755080  0.62792651254511089
  0.63410911081216326  0.64040453669781805  0.64679672022428780  0.65344727770148481
  0.66019715078597541  0.66707949132569766  0.67418596612639781  0.68140927153943920
  0.68884145623410031  0.69662757115014406  0.70463260456868648  0.71291784252787149
  0.72140899272823278  0.73011150522919976  0.73951495378853938  0.74925635162704984
  0.75996047693084767  0.77137522693340088  0.78450959005526555  0.79941878702350389
  0.81734418902819861  0.84078397044430619  0.87895621360787779  1.00000000000000000
  2.67775345284076149E-005  -1.0000000000000000     
 T T T T T T T T T T T T T T T T F F F F F F F F F F F F F F F F
  <DiscreteSampler_grid>
  grouped_processes
  1 # 1 for a reference and 2 for a running grid.
  10 # Attribute 'min_bin_probing_points' of the grid.
  1 # Attribute 'grid_mode' of the grid. 1=='default',2=='initialization'
  0.0000000000000000 # Attribute 'small_contrib_threshold' of the grid.
  0.5000000000000000 # Attribute 'damping_power' of the grid.
 # binID   n_entries weight   weight_sqr   abs_weight
    10   10   7.257857109349830E+007   1.007634086758225E+016   7.257857109349830E+007
    16   10   7.257857109349830E+007   1.007634086758225E+016   7.257857109349830E+007
  </DiscreteSampler_grid>
