 -0.00221608778178245  0.01103139991891268  0.02201153022400662  0.03276891844302431
  0.04353209651647702  0.05415938340533612  0.06470049004563494  0.07515268731805608
  0.08564451778588299  0.09624514382407010  0.10674104944259243  0.11709876510763949
  0.12744578356457104  0.13793851739645135  0.14859761647503794  0.15939362052118988
  0.17020046495514971  0.18113483820141446  0.19200479643516355  0.20284700542652723
  0.21359689696605749  0.22411365690010271  0.23442973099256448  0.24474398297191646
  0.25514322077978624  0.26574045480518915  0.27670354625040339  0.28792280549437210
  0.29895141064391817  0.30980893864071696  0.32044353715772805  0.33090035162064702
  0.34114673538795548  0.35121827639322495  0.36152918655249250  0.37189320437883655
  0.38276278134949221  0.39355937725287771  0.40430065369467760  0.41493300868380861
  0.42572228992840128  0.43655730136131499  0.44714889476012037  0.45762388922044261
  0.46800485859191909  0.47838058290399188  0.48885701489102090  0.49952526649704193
  0.51039572520990839  0.52115426673781551  0.53210060444168750  0.54295110243289857
  0.55373219474708257  0.56435005907838665  0.57492731044086853  0.58546489359364684
  0.59584206245083393  0.60608368179719652  0.61621519308239492  0.62650225638498847
  0.63692661418587393  0.64746659776561200  0.65801860417057390  0.66862082311695326
  0.67918596163693279  0.68962715355889004  0.70026398271225265  0.71088430096869182
  0.72146005394893142  0.73183522496746500  0.74217892678597586  0.75261128931440480
  0.76309808089057662  0.77340314941893451  0.78352920052400921  0.79353212803786988
  0.80377688476781817  0.81397457308238663  0.82398261257973959  0.83397122518538258
  0.84419274490270035  0.85438938965682776  0.86455688840370304  0.87479020859045609
  0.88532330606754051  0.89597018048784927  0.90661557494494049  0.91722136699785528
  0.92754712849033749  0.93793599284973028  0.94823915978390461  0.95848060541744162
  0.96857546501309300  0.97868370306237529  0.98929106499742425  1.00000000000000000
 -0.01684941978120494  0.09575331477390069  0.12978743175792201  0.15135319694829558
  0.16924667051126116  0.18464669433961942  0.19849347122076888  0.21117128594404308
  0.22293588863540223  0.23396312976426797  0.24436583372132581  0.25425967063869148
  0.26369067575004385  0.27277364668143234  0.28145519930580915  0.28990463461218630
  0.29806001647053915  0.30599593397693137  0.31375869753310603  0.32127255317281633
  0.32867525603168085  0.33588996286084882  0.34295142273307405  0.34992170075386858
  0.35676208850745295  0.36348087042954669  0.37011920137835480  0.37667302425328808
  0.38313345725045822  0.38952391440190021  0.39586094716079367  0.40210656160964575
  0.40829663069772121  0.41446102701852588  0.42054619764990858  0.42658657321596649
  0.43260195392725564  0.43858315589291735  0.44451434226930497  0.45042299282848025
  0.45631349133362176  0.46217607199901439  0.46801612521448022  0.47384483599235749
  0.47966215893467784  0.48546747449529670  0.49126360350333648  0.49705766151032638
  0.50285031542784508  0.50864456173145589  0.51444086732638350  0.52024628159101749
  0.52606394126638190  0.53189312694531199  0.53773340421560034  0.54359622042218603
  0.54948764404679573  0.55539808202450214  0.56133078149627336  0.56731121666797857
  0.57332518013323341  0.57936442440912872  0.58544860897176998  0.59161246561951708
  0.59780136472197287  0.60404444734961726  0.61038011788673074  0.61676965401610906
  0.62322807098147281  0.62978040838121574  0.63641897515081480  0.64313848595675049
  0.64997747183127608  0.65694451467730552  0.66400252993425501  0.67121101658964666
  0.67860611128723636  0.68611327192485894  0.69386798112847348  0.70179904095757328
  0.70994784234146890  0.71839585693287378  0.72707199608917117  0.73614909867062084
  0.74557282830269866  0.75545071165355593  0.76583633197040168  0.77683834799923357
  0.78857060495447273  0.80121255330779817  0.81505051736005985  0.83044835978535048
  0.84836504343000307  0.86992900397870254  0.90404618252401847  1.00000000000000000
   8.8989844122349139E-005  -1.0000000000000000     
 T F F T F F F F
  <DiscreteSampler_grid>
  grouped_processes
  1 # 1 for a reference and 2 for a running grid.
  10 # Attribute 'min_bin_probing_points' of the grid.
  1 # Attribute 'grid_mode' of the grid. 1=='default',2=='initialization'
  0.0000000000000000 # Attribute 'small_contrib_threshold' of the grid.
  0.5000000000000000 # Attribute 'damping_power' of the grid.
 # binID   n_entries weight   weight_sqr   abs_weight
    10   10   4.482794364313951E+006   2.009544531272492E+013   4.482794364313951E+006
  </DiscreteSampler_grid>
