 -0.00044286884765307  0.00272139948729597  0.00467930197789241  0.00693464376945716
  0.00975611751135327  0.01294782900878038  0.01660563785176394  0.02062809882441460
  0.02504844041606000  0.02956112165118318  0.03439526405464594  0.03973433498448040
  0.04517909491233200  0.05061431492320883  0.05657682810830049  0.06298664843346261
  0.06958361625889960  0.07642928424238489  0.08375924536865263  0.09091145078385374
  0.09782498605421057  0.10488820352456059  0.11227596583835152  0.12002963998387697
  0.12801126408767607  0.13610745222418749  0.14441180941745824  0.15299117253278535
  0.16173148302901597  0.17067416462090831  0.17972131123927537  0.18884133814505097
  0.19809887585967242  0.20759014814218418  0.21738892952600369  0.22726281608586463
  0.23703631401103178  0.24668347861118425  0.25627945868469454  0.26606131273872780
  0.27628463375635914  0.28697108106743846  0.29793039943232419  0.30890078402493787
  0.31968032748800784  0.33060931172201574  0.34189225781877575  0.35314743864459652
  0.36429724664831775  0.37552359016325315  0.38737954313774414  0.39955242782011219
  0.41175681450286034  0.42397129209305306  0.43636392202637347  0.44896979845714313
  0.46145566424789680  0.47355577823532069  0.48594422468186543  0.49844878779501645
  0.51111002838904873  0.52381573029762984  0.53642127686402841  0.54904798134046007
  0.56190244108160137  0.57495964380091547  0.58817348738581565  0.60132329393195638
  0.61467944968203880  0.62806459336574139  0.64152574811064422  0.65517590168775097
  0.66897746491126264  0.68250816933287384  0.69600116393945266  0.70944263222713966
  0.72301884187850518  0.73667187371641574  0.75033931243858198  0.76410349553478285
  0.77796523230603076  0.79167649777922555  0.80541349204818802  0.81925524390164706
  0.83329284840086415  0.84840248389554351  0.86349755988493682  0.87869551075455421
  0.89383306463575263  0.90867354099824671  0.92342779135958641  0.93800361689019807
  0.95319512897790148  0.96870327419245361  0.98425475512657368  1.00000000000000000
 -0.00257425784167884  0.00995665674897359  0.01989990581426290  0.02970052648578498
  0.03922661819834024  0.04897680567448252  0.05901930153357957  0.06965952996118793
  0.08019011080491606  0.09065202658073919  0.10101724551860129  0.11100532797839126
  0.12065835252180140  0.13085883782318666  0.14155565409913076  0.15217572329262577
  0.16284790678564098  0.17347092542764650  0.18388826219890020  0.19406509586064319
  0.20407548680694815  0.21428191214130313  0.22481516715918212  0.23579130119368319
  0.24684828628582695  0.25751191547317331  0.26813701796347594  0.27913956114786254
  0.29039571832760774  0.30166333766109904  0.31282933336087809  0.32367167605561920
  0.33432027818009408  0.34453411640817172  0.35472916418279743  0.36535359489845065
  0.37625198301490898  0.38748969629480412  0.39862188269822291  0.40990013248751656
  0.42102295854442318  0.43193691532857365  0.44280665047267032  0.45369516473159666
  0.46463178892204987  0.47579060813445251  0.48744947226617608  0.49932675323885223
  0.50979227679743500  0.51996442704400858  0.53042138978265030  0.54124683990500344
  0.55199039498439462  0.56203517324563057  0.57296009162262751  0.58371906126308015
  0.59421391874127127  0.60465285798381929  0.61491905874827590  0.62508298595769674
  0.63502217403823658  0.64511878507532971  0.65549363214628464  0.66597801432306569
  0.67626238054604526  0.68628730244896152  0.69642101017892821  0.70646661824507673
  0.71687892756557425  0.72744621039322976  0.73797357906193117  0.74819086017747427
  0.75825646872508401  0.76838536094808862  0.77828375477473288  0.78791137090442354
  0.79804165087833057  0.80865264976036833  0.81941166214779237  0.82993770724439486
  0.84099913499406354  0.85179699383552776  0.86200574631173854  0.87179758486499292
  0.88233452553109626  0.89327006957141752  0.90368032971318690  0.91422545688230639
  0.92494148625377648  0.93583285949474870  0.94621915348728702  0.95655231972625332
  0.96712696944616627  0.97790984211506626  0.98891734044670809  1.00000000000000000
  0.00145512757145384  0.01580556775096700  0.02876783759593215  0.03959438925079174
  0.04934021673531311  0.05834367919121986  0.06692731599692057  0.07500826678511334
  0.08281038415999238  0.09059329783692958  0.09848907513556564  0.10658351168328666
  0.11475467907432582  0.12268990139447901  0.13041943328718050  0.13812713331803383
  0.14576614240220032  0.15330152412203160  0.16075780016978819  0.16806322423632267
  0.17511286508223745  0.18199219888654133  0.18866893202007426  0.19522098986339223
  0.20195335494100017  0.20874423226988223  0.21560466869361727  0.22240002482539020
  0.22921336494234967  0.23583145024765623  0.24228482845650756  0.24875646691731215
  0.25535401622581144  0.26208480850245697  0.26883653527447560  0.27551449822157781
  0.28210150993952449  0.28861634988161750  0.29507617151147691  0.30151277633670337
  0.30798021026285183  0.31451170493228031  0.32118327520606910  0.32773322112495756
  0.33440403254130874  0.34129411499982626  0.34824903532737622  0.35534762301238204
  0.36265595696557779  0.36993454738194420  0.37706792156785790  0.38425934573956211
  0.39148275781169839  0.39873508337544444  0.40576279051269604  0.41273829903541842
  0.41974895022425912  0.42678209714382304  0.43400031665043465  0.44122307792213239
  0.44843473724492633  0.45567837295856484  0.46322099557543883  0.47090177095892560
  0.47868786989829576  0.48654786133607325  0.49438334012895380  0.50234427762516365
  0.51074921095018011  0.51935884753749839  0.52815427587734010  0.53721025970594705
  0.54632634371268007  0.55552348037596977  0.56474090462006077  0.57396520444755450
  0.58345142620620971  0.59323726598357829  0.60319444875339456  0.61348327270239511
  0.62444134014031061  0.63597268885633385  0.64765556697453563  0.65930915545337576
  0.67206040898677910  0.68593109543726460  0.70053228934230782  0.71600932632239112
  0.73245886576449148  0.74985458376749592  0.76926592561308549  0.79164259625013111
  0.81829845132798218  0.84979046405323511  0.89403314492208985  1.00000000000000000
 -0.02068212692271155  0.12056879965126682  0.15829608889093932  0.18069757412863255
  0.19808574307726012  0.21275400285598228  0.22538324225380568  0.23657104270226315
  0.24687198401617580  0.25649248965742893  0.26560170748293660  0.27438047981866498
  0.28276170573210874  0.29089361168700045  0.29897999477025378  0.30695226194854375
  0.31444838529396241  0.32150956403678027  0.32841596211242163  0.33537329597073867
  0.34232672343713860  0.34911507101026212  0.35571389049960134  0.36193056965477316
  0.36803834876912878  0.37405766639386562  0.37996203967481351  0.38579892281951111
  0.39159731222587008  0.39738431526540763  0.40319573344372905  0.40902006269025487
  0.41480103111593758  0.42051372585596353  0.42618523460883251  0.43185053320741551
  0.43753662341547711  0.44306856717250681  0.44848459210586106  0.45388348992617783
  0.45922038810434895  0.46448433942685530  0.46962051000348332  0.47472433263233571
  0.47986799542104075  0.48503467512655374  0.49028900724812119  0.49549513640350901
  0.50054604422563742  0.50587967015588875  0.51109778231412895  0.51654897851067216
  0.52213912880585256  0.52780286579095825  0.53333654741881831  0.53880490549811011
  0.54424427966796829  0.54968158613657692  0.55528564424784921  0.56101752390507487
  0.56680855001255415  0.57268784314203303  0.57850272704857519  0.58431683224926512
  0.59008356284213492  0.59588776211265759  0.60175908017154933  0.60772347844208130
  0.61378861481054248  0.61990261749624709  0.62591779897208755  0.63175036475484270
  0.63766724949507936  0.64374337509977886  0.65013086520800534  0.65667313795503501
  0.66321869461229299  0.66984754190738660  0.67685884975481048  0.68406898082533840
  0.69164202739688607  0.69933906200329032  0.70709620705446219  0.71505761879989449
  0.72310645992975731  0.73165589948408494  0.74092532003088163  0.75070278121575751
  0.76163037006519629  0.77351168136899717  0.78702741945039445  0.80184182890003464
  0.81896901752952256  0.84098454674397938  0.87795251273375596  1.00000000000000000
  4.66204289321777901E-006  -1.0000000000000000     
 T T T T T T T T T T T T T T T T F F F F F F F F F F F F F F F F
  <DiscreteSampler_grid>
  grouped_processes
  1 # 1 for a reference and 2 for a running grid.
  10 # Attribute 'min_bin_probing_points' of the grid.
  1 # Attribute 'grid_mode' of the grid. 1=='default',2=='initialization'
  0.0000000000000000 # Attribute 'small_contrib_threshold' of the grid.
  0.5000000000000000 # Attribute 'damping_power' of the grid.
 # binID   n_entries weight   weight_sqr   abs_weight
    10   10   1.996243524034756E+007   4.153219682593998E+014   1.996243524034756E+007
  </DiscreteSampler_grid>
