 -0.00257874990287929  0.01072273319148695  0.02148643941799096  0.03195025852231082
  0.04244060646760721  0.05303358940510448  0.06362151828795259  0.07410087562717391
  0.08457341361287739  0.09535214095974144  0.10611732894128162  0.11692947672633032
  0.12781500449492261  0.13867960208919611  0.14949637842854338  0.16013170601335919
  0.17071804907262744  0.18119272381578833  0.19188744978300706  0.20255848165747128
  0.21316612580791117  0.22363364239887884  0.23416949393552158  0.24470792941440528
  0.25513914123018511  0.26544374488755768  0.27577994587151783  0.28613615584083679
  0.29654042663962904  0.30700465758368894  0.31750747053714795  0.32796277570173815
  0.33824796812835251  0.34831896702343829  0.35823998662691092  0.36823516436699727
  0.37834782746972551  0.38864811538329946  0.39915962860731807  0.40996619986792537
  0.42082717625152649  0.43166197633012166  0.44262664923610812  0.45366313138028919
  0.46441280265888024  0.47499248157824381  0.48550617728630735  0.49597098411624002
  0.50622402735933070  0.51655087746320949  0.52673518140135289  0.53698092238659856
  0.54714228078156069  0.55745392180997189  0.56779893909147949  0.57824754666572342
  0.58868199023014034  0.59916359868833535  0.60942845296489812  0.61984915961238329
  0.63028909847660386  0.64075382061382324  0.65100471429725371  0.66108461975699029
  0.67127696409298998  0.68155160613629806  0.69190693125756342  0.70244909050423954
  0.71304022014709167  0.72371600224911292  0.73440674515196769  0.74512257221486955
  0.75582927534054467  0.76646967767463836  0.77703868151097166  0.78762521594656576
  0.79821903236425651  0.80889672628115183  0.81958756814844902  0.83032331069121679
  0.84114968516301403  0.85190102238556675  0.86236936514420082  0.87267556476460095
  0.88318969763951427  0.89376989507452331  0.90441788301544146  0.91504661440301904
  0.92567872438394339  0.93635179802665547  0.94681616183290351  0.95742696403832350
  0.96811682544605959  0.97877861091084772  0.98941089487061262  1.00000000000000000
 -0.01661995891975470  0.09468725558002614  0.12894402531743654  0.15074431148271511
  0.16877479705785062  0.18425801440767228  0.19817306092295986  0.21088797782751328
  0.22268652305609510  0.23374383692351780  0.24417560667093849  0.25409272872675348
  0.26354486112586339  0.27264617071273639  0.28134654985228574  0.28980963299011314
  0.29797730359884800  0.30592609175186330  0.31369783113408090  0.32122278202073246
  0.32863398829805496  0.33585882882460566  0.34292848421175931  0.34990343122486933
  0.35674872749672509  0.36347020469235242  0.37011004637947331  0.37666590060344618
  0.38312782346068341  0.38951937818144977  0.39585869642557658  0.40210560341337193
  0.40830008507481880  0.41446944624196064  0.42055731761740522  0.42660134273256861
  0.43261963527940028  0.43860431073137990  0.44454123622460900  0.45045544797906090
  0.45635091326627508  0.46221841395712082  0.46806363294248693  0.47389773104870325
  0.47972018486422535  0.48553028181119656  0.49133112943695667  0.49712991644306126
  0.50292720090082177  0.50872601352585078  0.51452696016637733  0.52033718305610777
  0.52615956797154173  0.53199333749525024  0.53783832025030065  0.54370579887440107
  0.54960172277200214  0.55551674750619318  0.56145454257897176  0.56744054659076137
  0.57345887298092135  0.57950172022412982  0.58558978400741446  0.59175741211242239
  0.59795162175879080  0.60419991809397244  0.61054137015345233  0.61693554051440846
  0.62339977031512628  0.62995806781530861  0.63660057770432055  0.64332543793879193
  0.65017375264509980  0.65715020597717444  0.66421924781946851  0.67144120220267700
  0.67884594210281513  0.68636475515451489  0.69413139795517953  0.70207241001083398
  0.71023356393547954  0.71869198776690946  0.72738521284398638  0.73648803864469925
  0.74593460085471086  0.75583695063322220  0.76624013795591872  0.77726427411689192
  0.78903215433630214  0.80171867228346316  0.81561244874429606  0.83106656009182256
  0.84906686429872369  0.87085260918756657  0.90508994235482809  1.00000000000000000
   8.8546457842377253E-005  -1.0000000000000000     
 T F F T F F F F
  <DiscreteSampler_grid>
  grouped_processes
  1 # 1 for a reference and 2 for a running grid.
  10 # Attribute 'min_bin_probing_points' of the grid.
  1 # Attribute 'grid_mode' of the grid. 1=='default',2=='initialization'
  0.0000000000000000 # Attribute 'small_contrib_threshold' of the grid.
  0.5000000000000000 # Attribute 'damping_power' of the grid.
 # binID   n_entries weight   weight_sqr   abs_weight
    10   10   4.482794364313951E+006   2.009544531272491E+013   4.482794364313951E+006
  </DiscreteSampler_grid>
