 -0.00265487876429310  0.01044067455321284  0.02115112560423551  0.03180753179760779
  0.04259527863441922  0.05352819066603750  0.06445491054067708  0.07556348286800170
  0.08671596882062796  0.09798232734181310  0.10894240994806233  0.11970737357839312
  0.13014956075246598  0.14045732324343541  0.15070038964143673  0.16098274236923679
  0.17121699750932554  0.18140040648014236  0.19160319184192903  0.20197142630113091
  0.21231792679213340  0.22276758868042940  0.23333261993048535  0.24402484718470371
  0.25479830235148659  0.26559183600932912  0.27656516657551350  0.28750541067670982
  0.29840802003529060  0.30910838784456324  0.31973906869593122  0.33017115105855782
  0.34034966030001995  0.35057608980334770  0.36095148580559161  0.37139242745344192
  0.38183098040645419  0.39231503527036204  0.40288625479205264  0.41343133978014529
  0.42387414899009751  0.43427404363207811  0.44454976674038876  0.45473695463027963
  0.46498319461075399  0.47530345081033593  0.48576950278565750  0.49614082199824672
  0.50646123734477844  0.51677159839108033  0.52715553995266073  0.53755311713902765
  0.54791383404186289  0.55821546363541019  0.56854048612787167  0.57891998189540972
  0.58937864823872999  0.59991061140447166  0.61052224220264184  0.62119686800130469
  0.63176242289082463  0.64245975061167493  0.65314329921064029  0.66379349243373909
  0.67421145137741090  0.68457804685973622  0.69501329199883111  0.70553748380660997
  0.71606684354719752  0.72685147223669200  0.73764970012716069  0.74845199836981280
  0.75876304659604454  0.76898652156076264  0.77935434542417525  0.78978017573348835
  0.80033053120678133  0.81092300878096601  0.82155869991447317  0.83221152036492074
  0.84283894735747755  0.85340208409084473  0.86367953619481874  0.87402599049353513
  0.88458539184323726  0.89516518950609425  0.90550210658544861  0.91589350428999927
  0.92632616345695273  0.93677139344178506  0.94719575565100445  0.95764595897111460
  0.96820504163813537  0.97880829618826248  0.98940634395253280  1.00000000000000000
 -0.01688489713141479  0.09458740650633257  0.12911824752463463  0.15089218058572501
  0.16889146103307973  0.18436597631454935  0.19827558330384001  0.21097299894470864
  0.22274324778199286  0.23377271024272112  0.24417876075977085  0.25408206355250335
  0.26352180288707605  0.27262066358772569  0.28131329809828742  0.28977602414709153
  0.29793703602330068  0.30587784943756480  0.31364282235668201  0.32116417910653206
  0.32856975618486806  0.33579160092100446  0.34286019904785414  0.34983453956809302
  0.35668159227500318  0.36340508999423210  0.37004526645718877  0.37660088771598033
  0.38306210669791951  0.38945374974234254  0.39579418762575946  0.40203812650313298
  0.40822972163039012  0.41439528254090990  0.42048084862805551  0.42652123679371395
  0.43253681757761636  0.43851952647835801  0.44445456040545467  0.45036645894197752
  0.45625943616416420  0.46212438797863936  0.46796661283754271  0.47379736668174821
  0.47961669677878593  0.48542378324985402  0.49122142743775066  0.49701711554602768
  0.50281124003484190  0.50860675762566787  0.51440432083655496  0.52021083574644311
  0.52602940434010592  0.53185951530665332  0.53770065410725754  0.54356432557649603
  0.54945690931499169  0.55536826891958779  0.56130127303713107  0.56728215054592501
  0.57329683806229781  0.57933625635849195  0.58542070148871983  0.59158486294331059
  0.59777539120825063  0.60402041206440138  0.61035515251399663  0.61674258590301323
  0.62319921862216721  0.62975106652663537  0.63639021127212980  0.64311082774098782
  0.64995113200073529  0.65692090040996598  0.66398099724654758  0.67119059142779891
  0.67859021230203842  0.68609829303988767  0.69385532439528241  0.70178678556507990
  0.70993766337109387  0.71839179785434581  0.72707599464382766  0.73616841930143695
  0.74561202325710096  0.75551635473210110  0.76592554476613361  0.77695097505863042
  0.78870695647445488  0.80137925653128028  0.81523544410472937  0.83065901184320712
  0.84859196153584049  0.87022525824332564  0.90464870701348055  1.00000000000000000
   8.8877080346951107E-005  -1.0000000000000000     
 T F F T F F F F
  <DiscreteSampler_grid>
  grouped_processes
  1 # 1 for a reference and 2 for a running grid.
  10 # Attribute 'min_bin_probing_points' of the grid.
  1 # Attribute 'grid_mode' of the grid. 1=='default',2=='initialization'
  0.0000000000000000 # Attribute 'small_contrib_threshold' of the grid.
  0.5000000000000000 # Attribute 'damping_power' of the grid.
 # binID   n_entries weight   weight_sqr   abs_weight
    10   10   4.482794364313951E+006   2.009544531272491E+013   4.482794364313951E+006
  </DiscreteSampler_grid>
