 -0.00267068285584098  0.01076868389012220  0.02159731391787994  0.03266171998282291
  0.04363240972465113  0.05467845409339219  0.06543868396392932  0.07604397338635005
  0.08649269325608469  0.09671724044685426  0.10698883526552801  0.11730477754616699
  0.12783672725539039  0.13850436907308170  0.14927790575301370  0.16024808578459693
  0.17128938368504268  0.18236669149182028  0.19325996469325377  0.20398728986720946
  0.21450735025352433  0.22494680619982316  0.23558525459191620  0.24612864692698233
  0.25659429802813921  0.26699346259262502  0.27741421472618438  0.28761701873112733
  0.29754823337588709  0.30728117769352659  0.31719029407170557  0.32713928380927670
  0.33733767231106571  0.34770859559493539  0.35822206126951028  0.36889706919740611
  0.37947904454416365  0.38997964262118867  0.40044669325362231  0.41087777177113471
  0.42119878936353616  0.43149425069255165  0.44201471784302543  0.45277029252411877
  0.46357927923069692  0.47425819670440456  0.48474760497836161  0.49517470639489386
  0.50564088855078071  0.51628058661693610  0.52683550346236396  0.53727490245237952
  0.54762030867319689  0.55798745676695960  0.56828436363577939  0.57870137045883230
  0.58920776889915449  0.59987545964906686  0.61046820590445261  0.62118391586547594
  0.63201384241833347  0.64291118003785919  0.65358761077078031  0.66433394810041146
  0.67496853931457357  0.68551551519971643  0.69595802057366885  0.70658178172310415
  0.71710931352464968  0.72737156181178730  0.73740603546487959  0.74737133518011267
  0.75753937048164899  0.76780988717712462  0.77854706195219758  0.78942974513473307
  0.80028862895517483  0.81091170049911876  0.82130484905086765  0.83163148546048626
  0.84200706841830786  0.85241008070437363  0.86302028843817868  0.87364379586305008
  0.88459997249088695  0.89548363224143213  0.90627764800083910  0.91714944142997223
  0.92795155417311737  0.93858150966324128  0.94873144680669941  0.95896361203257208
  0.96933603936496060  0.97968938955726947  0.98989730597051717  1.00000000000000000
 -0.01674711621964555  0.09542185499392528  0.12964122145198914  0.15126264536799167
  0.16919064821444610  0.18465004826927223  0.19853766002147058  0.21121351747640515
  0.22296375846792579  0.23397916795760207  0.24437261197578461  0.25426262445854431
  0.26368889730710904  0.27277515192151153  0.28146204206581837  0.28992526590073064
  0.29808615172562536  0.30603200670761677  0.31379981933784440  0.32132018291814185
  0.32872742076532996  0.33594549816649005  0.34301214417972309  0.34998387891778687
  0.35682538823758975  0.36354458942256540  0.37018221621000286  0.37673545157003235
  0.38319370684659582  0.38958192815183312  0.39591745311415599  0.40215918998710942
  0.40834954825961656  0.41451271274105983  0.42059766704346885  0.42663750260099587
  0.43265296808802683  0.43863533223302414  0.44457015498282165  0.45048249065118534
  0.45637559028580793  0.46224024116168044  0.46808234120562725  0.47391313281923841
  0.47973259630932996  0.48554012412275810  0.49133864051033832  0.49713513451445224
  0.50292993988046630  0.50872621614993163  0.51452469323811567  0.52033238904907186
  0.52615216546544263  0.53198325060697338  0.53782525993705999  0.54368951651684339
  0.54958182903440755  0.55549281284089269  0.56142653149667754  0.56740869040982500
  0.57342436392947960  0.57946488074051694  0.58555073369592014  0.59171693164783545
  0.59790877955397215  0.60415495599196412  0.61049472997295173  0.61688762036697953
  0.62335005327208903  0.62990681105404134  0.63654856937817450  0.64327283005618496
  0.65011990371813755  0.65709580013480151  0.66416370492805699  0.67138124594037429
  0.67878237995737944  0.68629694324510770  0.69406097442478576  0.70199909647804659
  0.71015645333027133  0.71861326837124828  0.72729703175010219  0.73638692717930088
  0.74581787440905212  0.75571149057034015  0.76610710967910667  0.77712621853988850
  0.78888591602385716  0.80157761838574093  0.81548652249242415  0.83095178830188010
  0.84888636613077162  0.87048460726328269  0.90481307954580403  1.00000000000000000
   8.8633029644340954E-005  -1.0000000000000000     
 T F F T F F F F
  <DiscreteSampler_grid>
  grouped_processes
  1 # 1 for a reference and 2 for a running grid.
  10 # Attribute 'min_bin_probing_points' of the grid.
  1 # Attribute 'grid_mode' of the grid. 1=='default',2=='initialization'
  0.0000000000000000 # Attribute 'small_contrib_threshold' of the grid.
  0.5000000000000000 # Attribute 'damping_power' of the grid.
 # binID   n_entries weight   weight_sqr   abs_weight
    10   10   4.482794364313951E+006   2.009544531272492E+013   4.482794364313951E+006
  </DiscreteSampler_grid>
