  0.00863496049490034  0.01699572392995399  0.02797763781603609  0.03914630962445254
  0.04982683091253162  0.06041508441236001  0.07107637019545401  0.08179535096470839
  0.09257551141589951  0.10339642186480014  0.11426338988574893  0.12516902212156233
  0.13573237763353410  0.14635312234159925  0.15690834743083024  0.16768709221441599
  0.17816086911386070  0.18884667936386840  0.19963978735351356  0.21048290582948134
  0.22118520249688975  0.23184927234880354  0.24243450902276234  0.25307446426282609
  0.26370304744719092  0.27442690347134618  0.28504751314138083  0.29552230649774924
  0.30583662219988406  0.31609264071918297  0.32640311071893702  0.33700009929743807
  0.34761981038715828  0.35798735204823617  0.36811123679793406  0.37846953219559842
  0.38908313076055412  0.39979920289175708  0.41026358367865784  0.42091350585812931
  0.43169717334060442  0.44259481916044946  0.45340975550133511  0.46416890900199465
  0.47488123543228361  0.48543816896999314  0.49579920488587947  0.50623577069096171
  0.51678214933667099  0.52754998869410119  0.53847725643897892  0.54927170300289230
  0.55995989533860091  0.57035307908526578  0.58079328183360768  0.59115298176337994
  0.60152339108382369  0.61170409682136151  0.62203028487283329  0.63246237064464117
  0.64275367534574168  0.65276457502839691  0.66283759963088618  0.67333873162631719
  0.68413831555682303  0.69467767626172527  0.70499921866472071  0.71531833311164650
  0.72565182957212138  0.73574467971793867  0.74587676618006826  0.75593113568115389
  0.76606497191389722  0.77648892018637694  0.78691426516181895  0.79751973948573074
  0.80808965946654110  0.81874309394474898  0.82948068501905947  0.83998298035282404
  0.85054712159446588  0.86098362766412528  0.87121855003654036  0.88146581724926931
  0.89163816212492553  0.90178934117909837  0.91194062687973509  0.92210000692702909
  0.93221261320133397  0.94215894343339091  0.95220960481276906  0.96226839785599627
  0.97221874988724111  0.98219270302549688  0.99125500314689419  1.00000000000000000
  0.00001937205099582  0.00004533977426689  0.00007095520152233  0.00010218128576815
  0.00013107274671680  0.00015839212006954  0.00018495932752363  0.00021040825243776
  0.00023397609286302  0.00025730703761580  0.00028087687050767  0.00030452966204080
  0.00032842936100404  0.00035263674222481  0.00037730929549579  0.00040293232819345
  0.00042882420854317  0.00045489455247385  0.00048124286112934  0.00050771356223786
  0.00053465280875930  0.00056246342541541  0.00059111264143450  0.00062026072253800
  0.00064984587922981  0.00067996407016207  0.00071097209232979  0.00074320655974011
  0.00077699931697712  0.00081106617489271  0.00084506356552746  0.00088079864882315
  0.00091793576083635  0.00095649844942324  0.00099655136154062  0.00103705379631975
  0.00107961324398734  0.00112275321296303  0.00116728264871541  0.00121368904843935
  0.00126157607650179  0.00131101966085267  0.00136190695040016  0.00141418218930872
  0.00146908826544943  0.00152570724480829  0.00158501841256428  0.00164539132493752
  0.00170818375887193  0.00177395380414333  0.00184251864999500  0.00191484170478358
  0.00198912427576563  0.00206849775311243  0.00215152462448485  0.00223989575669072
  0.00233223616500319  0.00242819732486895  0.00252843316424927  0.00263222982139033
  0.00274045411877556  0.00285445321948571  0.00297410497892372  0.00310286407487775
  0.00323591930565428  0.00338489997866728  0.00354050092414970  0.00370679163947557
  0.00388392460097969  0.00407013503096214  0.00427207038292399  0.00448358780561265
  0.00471210496969305  0.00496309939553171  0.00523347008185049  0.00552732530086911
  0.00584973645432296  0.00620584936788341  0.00659233177629804  0.00702048631928024
  0.00749448712673743  0.00801968420441164  0.00862226694189633  0.00930830777096577
  0.01008964208436017  0.01096230004058971  0.01202736023151753  0.01333479049617969
  0.01494396870972023  0.01693924883033654  0.01954084227846992  0.02327359342314039
  0.02896845556478828  0.04254160502493118  0.46412845015368753  1.00000000000000000
 -0.00225376948147964  0.00947618716877132  0.01950825963906505  0.02985287192875336
  0.04007800989894040  0.05016523642597646  0.06049716921726492  0.07115237444984267
  0.08154740313971631  0.09220104044929917  0.10287273500586988  0.11385075599728765
  0.12487552162075995  0.13572953256942943  0.14656318957629563  0.15728216262706132
  0.16783928449758459  0.17836003441334641  0.18869684591184971  0.19909883335276732
  0.20952719863383018  0.22001800679230177  0.23058745902853039  0.24134594003972457
  0.25223951516345766  0.26305880814710203  0.27371458121184611  0.28394077006761759
  0.29416898968424648  0.30441721092791307  0.31471509874387471  0.32512117618588615
  0.33546919786644225  0.34591085969453395  0.35635290780560636  0.36689264883199751
  0.37756514407338088  0.38803966892545200  0.39845805197532708  0.40858267338797721
  0.41872055440131556  0.42881697723317702  0.43909255499730215  0.44952332783527676
  0.46013738664233406  0.47089098137737134  0.48176176952540212  0.49258983106244153
  0.50321341388495899  0.51373739377538008  0.52403080313904549  0.53423643530264142
  0.54447153360714295  0.55487813916426265  0.56553506693400235  0.57629108849874422
  0.58680685070668481  0.59749228484540551  0.60792656226953012  0.61871209465417021
  0.62935872237227042  0.64019743582428990  0.65051353404729362  0.66102624147447708
  0.67154749346268316  0.68221744056765232  0.69265922514913569  0.70282926935149714
  0.71297659538650082  0.72324367909417420  0.73358012078721702  0.74405467680474768
  0.75440600567784100  0.76464162973712901  0.77481985433433165  0.78517936275311628
  0.79586240646071915  0.80665295416871796  0.81741240538392079  0.82809356721270033
  0.83896200083402861  0.84988961596708634  0.86052223883556478  0.87101544347278170
  0.88146014668067396  0.89222416274887029  0.90293934667621500  0.91348456661727306
  0.92392493904883943  0.93443347221646877  0.94546306410092695  0.95635570485899246
  0.96723912161431291  0.97783802302469836  0.98893706033861872  1.00000000000000000
 -0.00238565156308652  0.00959302982609941  0.01960025537403459  0.03000532888260738
  0.04054673344373998  0.05107438879815906  0.06142820745569028  0.07187537539356102
  0.08213551472429216  0.09253840474518660  0.10285039846827645  0.11350154955505962
  0.12411553997327726  0.13488577902389931  0.14561545993317304  0.15649265005214272
  0.16743222097528523  0.17827914427680008  0.18886490540900280  0.19922293563710980
  0.20967125097199207  0.22014575348736926  0.23077223745449307  0.24131786350194334
  0.25180625079898744  0.26251998598599158  0.27328581985883299  0.28423302964230757
  0.29496753664255837  0.30548893518853115  0.31604978142041729  0.32651272058763053
  0.33702045752046172  0.34733790530795888  0.35766708774422884  0.36799435773322470
  0.37839711344914395  0.38888809080209424  0.39945314034065788  0.40985955805417290
  0.42014252333804458  0.43032393978137828  0.44053056981839250  0.45073485831366028
  0.46117133107751407  0.47188016977153174  0.48230570042678744  0.49284239788837741
  0.50331163049749394  0.51377527807446055  0.52409767707639210  0.53442089582988173
  0.54482617228012464  0.55529949190452077  0.56581572552661397  0.57671243060729782
  0.58758960149102080  0.59847716007765561  0.60944917721677050  0.62060008277451029
  0.63180443202980008  0.64296047561760994  0.65357911117437395  0.66404233998314088
  0.67459937424949989  0.68507429950537446  0.69537498499049577  0.70558890529919460
  0.71612257971293380  0.72680555476931785  0.73729604032975304  0.74772203049388730
  0.75823977654690455  0.76873279901595692  0.77923286278629966  0.78975531279977707
  0.80035389889561803  0.81087829426800817  0.82130751227069798  0.83187896359637470
  0.84233942775532522  0.85289746886284890  0.86315825638867105  0.87338616682564651
  0.88370171481156679  0.89397740369863532  0.90425756697850368  0.91469818069990894
  0.92507058751631521  0.93584451329813378  0.94651079359067336  0.95715338357062640
  0.96765545075471893  0.97806107552522847  0.98903157619867854  1.00000000000000000
 -0.00250811019334762  0.00944931410310498  0.01951006397501944  0.03031603976347734
  0.04127080066582409  0.05241085941105765  0.06322147039727025  0.07409842004922777
  0.08505967863677559  0.09580801989281174  0.10640637436969277  0.11668038911594816
  0.12711440183149716  0.13759700409800601  0.14798380490677093  0.15826284662105880
  0.16878895417980952  0.17951580639853024  0.19025168436742265  0.20074746532028795
  0.21135443473599985  0.22212657204976960  0.23306852722078711  0.24414066477983870
  0.25493858822728610  0.26575524440704590  0.27655002135495510  0.28723098998816793
  0.29777657756837128  0.30829671121236152  0.31892103078579237  0.32966659667464632
  0.34033618210405614  0.35097954771715167  0.36156300929574975  0.37216761271179266
  0.38271111028981192  0.39322245226023822  0.40375133680449726  0.41435714701124715
  0.42474418126865487  0.43497294149436944  0.44514432202195037  0.45532609212687203
  0.46566639204845844  0.47596885521103605  0.48637843467451558  0.49676828514592375
  0.50734372967260433  0.51792598778667387  0.52869047262114710  0.53962455006051901
  0.55027683933891780  0.56079851958556570  0.57106824771431519  0.58148167374976012
  0.59178564540012824  0.60198210585336542  0.61241736032480054  0.62267472986483552
  0.63306965580629482  0.64352589028472529  0.65425270126092838  0.66514031914917260
  0.67606647189868596  0.68694537841610748  0.69762062573279882  0.70820568948468920
  0.71878801643991430  0.72942170331971357  0.74011922183518497  0.75090431392009793
  0.76175379525033926  0.77247326987087284  0.78294204278027590  0.79316029447161140
  0.80314174945227479  0.81318233393820316  0.82336172862961332  0.83373004049469435
  0.84439969445913987  0.85499525090148232  0.86558685825367587  0.87611569538456391
  0.88670353530869228  0.89732590919989019  0.90779677355645283  0.91827813157483851
  0.92876581934885694  0.93918159742702401  0.94928596366622142  0.95923833678743009
  0.96923387435354225  0.97947044642556380  0.98970706087619020  1.00000000000000000
 -0.00302905196895438  0.05000388927866452  0.07173268010062678  0.08744253698734222
  0.10141979347618368  0.11427887677746060  0.12620265582831872  0.13739985902114338
  0.14800930920689176  0.15817171513006620  0.16800423889497421  0.17759011357453033
  0.18704781287185446  0.19631913111302154  0.20529750794568197  0.21403664862339530
  0.22266755307175645  0.23118546525542741  0.23957082141991087  0.24778576734460525
  0.25580565234166791  0.26367005002042498  0.27143354195068931  0.27912663588327891
  0.28680683226965115  0.29441345130757496  0.30187831492418787  0.30923518837441699
  0.31656297148892643  0.32395565324377573  0.33134451041403939  0.33859961415845696
  0.34574275296777390  0.35283691599034500  0.35991004712920815  0.36696486386513205
  0.37396677250496646  0.38096121868250876  0.38802006166762321  0.39504860170849243
  0.40219034912183110  0.40945673882576505  0.41676833067264518  0.42435346206048857
  0.43181600156856692  0.43908759306160733  0.44620111303859200  0.45325126938139176
  0.46038823878555335  0.46759452789922862  0.47486465746671269  0.48211532088443509
  0.48935562496087609  0.49663830484742189  0.50388190604193595  0.51110852678733809
  0.51834556216323868  0.52558497922854008  0.53283356093069800  0.54019144922413964
  0.54757545968163557  0.55496935776733669  0.56234926948996089  0.56986357464926518
  0.57743905431386267  0.58520448806536529  0.59306794204366131  0.60093724736893039
  0.60886550609142853  0.61687977807346128  0.62508422287873477  0.63354715546178852
  0.64213816665820522  0.65071973915786696  0.65930673765058545  0.66799354557267587
  0.67691127687793839  0.68609551497222943  0.69549752885029892  0.70509942822730332
  0.71500791818824194  0.72511345343895617  0.73520793059588851  0.74548925701905799
  0.75632770676371863  0.76778567342224857  0.77958047267391350  0.79182357139189685
  0.80460453565676149  0.81823541101221575  0.83295738419265919  0.84925944703267431
  0.86808282080563270  0.89199226936344311  0.92611729511397145  1.00000000000000000
 -0.02071935826416486  0.12061617831930976  0.15927531205499396  0.18223318157114729
  0.20016759769912346  0.21505508704305251  0.22826389028667562  0.24002688663405858
  0.25093806514818584  0.26090204121857313  0.27046317964918681  0.27919003957150429
  0.28757641890896407  0.29575990242634037  0.30378034866356224  0.31160295032804097
  0.31907742143265272  0.32625803709759976  0.33327874287276854  0.34011176129446719
  0.34687929530876827  0.35346628919316225  0.35979302317248441  0.36594091024676556
  0.37207082430732702  0.37803210602810511  0.38381071786701354  0.38956571037479881
  0.39520775702773608  0.40074003710903222  0.40623682060383826  0.41170264354626851
  0.41709500040490921  0.42247034272490191  0.42777553860780215  0.43315178812421085
  0.43845528983731025  0.44372089286006083  0.44892418316042643  0.45410489513787278
  0.45927237554774530  0.46446254157934852  0.46966225567871323  0.47484800244152220
  0.48004230310566914  0.48522985618070708  0.49041891055049552  0.49561391132318094
  0.50083004783034080  0.50607183523847388  0.51128527446346594  0.51647844829549194
  0.52166385042262808  0.52684614893397852  0.53209915407153319  0.53740479223592363
  0.54278063966621304  0.54829847363956086  0.55382563325719425  0.55934773702014240
  0.56488988171237664  0.57045149474871792  0.57599943209927018  0.58166662014041759
  0.58739118259638701  0.59316531628837899  0.59892038154753746  0.60466128904358285
  0.61043326927841124  0.61626749151205862  0.62217202324826060  0.62817970933836775
  0.63432408708418797  0.64051167213448479  0.64680986548927655  0.65327701837234298
  0.65985619192982226  0.66661000393836667  0.67359729042268757  0.68074662341454817
  0.68793415825215276  0.69552549810726205  0.70334174981491737  0.71158578254321636
  0.72021032650398564  0.72913545671603530  0.73884202841077307  0.74892201050763629
  0.75991513919279607  0.77175779362820274  0.78505139204642105  0.79998438237508440
  0.81757843656826412  0.84044082046077084  0.87862503863141306  1.00000000000000000
  5.01765459722235630E-007  -1.0000000000000000     
 F F T T F F T T F F T T F F T T F F F F F F F F F F F F F F F F
  <DiscreteSampler_grid>
  grouped_processes
  1 # 1 for a reference and 2 for a running grid.
  10 # Attribute 'min_bin_probing_points' of the grid.
  1 # Attribute 'grid_mode' of the grid. 1=='default',2=='initialization'
  0.0000000000000000 # Attribute 'small_contrib_threshold' of the grid.
  0.5000000000000000 # Attribute 'damping_power' of the grid.
 # binID   n_entries weight   weight_sqr   abs_weight
    10   10   3.289514486772658E+005   2.122812802319182E+011   3.289514486772658E+005
  </DiscreteSampler_grid>
