  0.00001453161416523  0.00005075461348969  0.00007495979055795  0.00010291536482985
  0.00013223601410739  0.00016025521724555  0.00018711666722980  0.00021356233558519
  0.00023883921991529  0.00026341106204034  0.00028771124486657  0.00031224135686234
  0.00033725482468508  0.00036174748792492  0.00038621913758293  0.00041135229044807
  0.00043702476650235  0.00046319918715319  0.00048999877603660  0.00051752972201141
  0.00054560371797916  0.00057453477477907  0.00060439098369988  0.00063506019761980
  0.00066652943511136  0.00069842343989465  0.00073083522077823  0.00076403844043946
  0.00079800071920387  0.00083268707351983  0.00086787526926330  0.00090286203535865
  0.00093868813653327  0.00097575470482414  0.00101384227559273  0.00105350080363367
  0.00109451468830892  0.00113704666352740  0.00118197671293873  0.00122796650229567
  0.00127678615272192  0.00132600834539672  0.00137645821360109  0.00142875861808821
  0.00148328546136987  0.00153963956994941  0.00159744140921800  0.00165549303847908
  0.00171876075529769  0.00178399093207166  0.00185421439109520  0.00192551957385038
  0.00200108223446634  0.00208063297053779  0.00216223986614496  0.00224955736027390
  0.00233963335188421  0.00243538720007639  0.00253419503924054  0.00263673785331607
  0.00274353253738993  0.00285418079740039  0.00297034839983866  0.00309353085351521
  0.00322293005442146  0.00335890381638127  0.00349971745801754  0.00365172846746235
  0.00381255280613314  0.00398959129202601  0.00418108774209134  0.00439331691559928
  0.00463123738848803  0.00488871244218205  0.00516363946777200  0.00545637259895759
  0.00576898086462301  0.00610974847223150  0.00649379715049937  0.00692497717445856
  0.00739728969323334  0.00791831361548096  0.00851905096686245  0.00918684572056789
  0.00991559793679631  0.01072232267993095  0.01173101429408554  0.01296745128371375
  0.01452742367654185  0.01642952046171898  0.01864779495036178  0.02158252359989031
  0.02585984537060924  0.03371897886725113  0.73179350879278104  1.00000000000000000
 -0.00257145680693750  0.00973133863443846  0.02003932923427363  0.03065129800581512
  0.04132363865842070  0.05219315257354940  0.06314875201673507  0.07398623870649675
  0.08476873744256228  0.09529617350183391  0.10604769765872882  0.11668710004377225
  0.12731386757018354  0.13781942045431680  0.14860847540556144  0.15941104351885857
  0.16994603492944635  0.18025462782382295  0.19069654841435221  0.20128725638335210
  0.21193601710839910  0.22232435268500633  0.23274484769351242  0.24301956303028860
  0.25335664376778960  0.26374415785799094  0.27430470756989150  0.28499034283513580
  0.29557926237386484  0.30596053801033035  0.31621206558358483  0.32655537375751781
  0.33708413711187440  0.34774449475567221  0.35833570132411280  0.36886329324577938
  0.37919908744630537  0.38919333101049008  0.39932324207325137  0.40957993222895661
  0.42009980436786276  0.43072489066989000  0.44129480466324972  0.45196583258399353
  0.46268641183388071  0.47325078704630436  0.48360432649503848  0.49394050679246831
  0.50450013477227551  0.51532428262066488  0.52593037596864567  0.53665655759306485
  0.54689682889546543  0.55688403464555891  0.56700987612265907  0.57727763145545563
  0.58742694713541943  0.59759366240796419  0.60813695299401049  0.61908352433588898
  0.62967699997225246  0.64002915603302757  0.65060217559133315  0.66114311565355355
  0.67159894708357593  0.68197022959629838  0.69249251360522590  0.70308704645376985
  0.71380213720070307  0.72432078888256768  0.73481561418922570  0.74537215932226841
  0.75598682023832686  0.76663893718637843  0.77740372416272885  0.78821619554620759
  0.79901481065068403  0.80979703206856302  0.82047411021040095  0.83110655378885079
  0.84151088324063372  0.85204213560027586  0.86252337555015268  0.87309882943034900
  0.88372397191376728  0.89430727003593768  0.90466660300571422  0.91504882329359694
  0.92562754612438736  0.93612814382900600  0.94676779651172782  0.95731472461369005
  0.96822986544670953  0.97890741177024276  0.98959181985004119  1.00000000000000000
  0.00045952000547919  0.02242673124883142  0.04069467334653386  0.05595418910621724
  0.06963646864177078  0.08233559539633130  0.09435510952052310  0.10571242254487163
  0.11655044617092745  0.12705036610617709  0.13724391062275523  0.14723423316680997
  0.15684841419858617  0.16639682430967162  0.17577727127490086  0.18506436302109405
  0.19414639223717151  0.20320785289725823  0.21208811068378691  0.22076598510030890
  0.22920480723856396  0.23738589932577953  0.24549617015898473  0.25348132572365600
  0.26133490040084362  0.26917689415053592  0.27700967228069440  0.28475247225461320
  0.29238247490005226  0.29992889222688990  0.30747182878270357  0.31514807881256462
  0.32292098117548584  0.33057768905913293  0.33812207865361160  0.34545765034535530
  0.35289476891455718  0.36031173625335844  0.36770741340125196  0.37497623172391165
  0.38219966554208296  0.38940944153439250  0.39657155148636447  0.40374292585605620
  0.41089258107476045  0.41815654166851313  0.42548655304425925  0.43289547077365353
  0.44038631243466453  0.44787120165386712  0.45529788302261676  0.46265947792733986
  0.46994388763194794  0.47725888125797472  0.48461563882123027  0.49207506213634278
  0.49973231416649011  0.50730328245466516  0.51482347832312514  0.52240148681695331
  0.52997333630155663  0.53757131511580081  0.54514952573024478  0.55273625648942759
  0.56050897990560389  0.56859107776725359  0.57695007657993180  0.58543674904538234
  0.59399542748158007  0.60260679093004843  0.61117101864930667  0.61970875069971432
  0.62831919429982019  0.63715992456755932  0.64611761825503222  0.65512401728991509
  0.66411299100326748  0.67317701262826346  0.68243040217300244  0.69197910689064157
  0.70192137333029303  0.71227910631864644  0.72296138235431739  0.73390708895061962
  0.74507509377773551  0.75693683045508142  0.76938659535062492  0.78221535768624906
  0.79563297791411669  0.81046957615443638  0.82645318340877660  0.84390055038033907
  0.86361238065299106  0.88780330369755689  0.92331916795089730  1.00000000000000000
 -0.02024008347273808  0.12147841546294744  0.15914590892736802  0.18271615411038561
  0.20117523309585073  0.21651733420876237  0.23001878428189867  0.24170182385876643
  0.25242394361890430  0.26213561310196359  0.27147713720798539  0.28006079861875161
  0.28851865444442315  0.29667183913085476  0.30442657834347886  0.31214643200900205
  0.31926736370340558  0.32631214175868561  0.33318655685736331  0.33990788584030185
  0.34650829848566567  0.35301223283685235  0.35934185706226524  0.36554904985163744
  0.37169023672730944  0.37769851333472659  0.38359255492481459  0.38942729017600075
  0.39519474886614353  0.40090372866272295  0.40659054710633352  0.41223851791913291
  0.41784087910799822  0.42344232764171680  0.42900485611976219  0.43450897492196944
  0.43988325245692333  0.44520563508355998  0.45053624735575448  0.45586158305018293
  0.46117703103440133  0.46650289728252781  0.47184435271712921  0.47715825358026354
  0.48240671199805835  0.48762878441741653  0.49289671211021485  0.49816000083233170
  0.50348595771438187  0.50875334900848401  0.51399648605033499  0.51917272726005237
  0.52428835136729057  0.52940010631486001  0.53454758566372707  0.53974626230755673
  0.54498354377966041  0.55021893933674004  0.55547311344951256  0.56076660986858884
  0.56609637273610436  0.57144277395303889  0.57679056416420127  0.58211666715909127
  0.58772371393239409  0.59338480733145327  0.59909091365224887  0.60489220478571815
  0.61078027875640206  0.61669477361153691  0.62262448960576722  0.62864326976541085
  0.63478813827227354  0.64099555772622774  0.64730356410500445  0.65378570195683972
  0.66036444671129624  0.66708463777456817  0.67400176810733681  0.68112808209364650
  0.68841485262969737  0.69617783987777959  0.70400609606545494  0.71223724790566567
  0.72075046696479439  0.72967196327787420  0.73917470316182832  0.74914222502043060
  0.75986140960398896  0.77124011899162159  0.78421546960516308  0.79903624383283389
  0.81709352949114744  0.84020757749940844  0.87863251947740062  1.00000000000000000
  2.69754324647050060E-005  -1.0000000000000000     
 T T T T T T T T T T T T T T T T F F F F F F F F F F F F F F F F
  <DiscreteSampler_grid>
  grouped_processes
  1 # 1 for a reference and 2 for a running grid.
  10 # Attribute 'min_bin_probing_points' of the grid.
  1 # Attribute 'grid_mode' of the grid. 1=='default',2=='initialization'
  0.0000000000000000 # Attribute 'small_contrib_threshold' of the grid.
  0.5000000000000000 # Attribute 'damping_power' of the grid.
 # binID   n_entries weight   weight_sqr   abs_weight
    10   10   2.427916758874297E+008   1.206011401737166E+017   2.427916758874297E+008
    16   10   2.427916758874297E+008   1.206011401737166E+017   2.427916758874297E+008
  </DiscreteSampler_grid>
