  0.00841703963801502  0.01713201413536674  0.02863917622391337  0.04007845964286710
  0.05087275163408902  0.06143678263216549  0.07182934121180691  0.08222797560460689
  0.09234817602167419  0.10248903037320070  0.11251165735775268  0.12251798126670638
  0.13260956630059023  0.14273483878545098  0.15289308407538590  0.16306260500140407
  0.17328318101702042  0.18357670036301380  0.19391230702145160  0.20431204043882756
  0.21483043367091739  0.22534222620324221  0.23585504444512481  0.24629880008154878
  0.25667152939309551  0.26708066063426400  0.27754172351574219  0.28811043376229933
  0.29861431281791717  0.30906184261208147  0.31942599538005412  0.32957465489553395
  0.33972257683905555  0.34986284273279294  0.36001818057346507  0.37014626818310775
  0.38034579672281837  0.39070613820422723  0.40105238767594864  0.41144216960948737
  0.42177973895395465  0.43203117940603203  0.44219510353967084  0.45237777384450550
  0.46269012872708648  0.47297336695424386  0.48323002728757919  0.49339457395110220
  0.50339168225902120  0.51321615497299988  0.52296442783597075  0.53253646605045690
  0.54213365466437169  0.55194620379068582  0.56187451370196895  0.57198875282135020
  0.58215513356011839  0.59254949204298435  0.60290736209364981  0.61300485825211282
  0.62310523352551073  0.63348361302519418  0.64392539521560987  0.65431641229702397
  0.66467895379614361  0.67536058227490714  0.68613927287721377  0.69676468507667466
  0.70734302683552785  0.71809656784633846  0.72888809080804795  0.73964878324682537
  0.75042936875128952  0.76118749375557460  0.77182829750976267  0.78221391701982901
  0.79254061568329182  0.80280461261899916  0.81298412623350014  0.82320397861027350
  0.83346173052548289  0.84388639958083644  0.85430171248767917  0.86499247229263354
  0.87571100444602434  0.88645715341116260  0.89724352378575845  0.90772576833827989
  0.91834736341264345  0.92880377049714247  0.93941760414701547  0.94973025089266117
  0.96007297449189188  0.97048898265708894  0.98090766068706881  1.00000000000000000
  0.00000279669813384  0.00003932598852591  0.00006956702366229  0.00010030006533027
  0.00012861233615384  0.00015558940692316  0.00018168796625162  0.00020699357638263
  0.00023028892095548  0.00025363284582795  0.00027738483697530  0.00030157946020869
  0.00032598129122301  0.00035040735106047  0.00037495486012104  0.00039951286578397
  0.00042441789759556  0.00044979009340575  0.00047561361370664  0.00050206380563152
  0.00052911177975984  0.00055679358322621  0.00058519685150300  0.00061432333947680
  0.00064405237867510  0.00067428382199831  0.00070508811472135  0.00073668051652011
  0.00076911022663619  0.00080222421128306  0.00083618127038812  0.00087058331438937
  0.00090738517457496  0.00094562425953261  0.00098547559489673  0.00102656683060645
  0.00106852559952327  0.00111103474148822  0.00115566337925349  0.00120088423723545
  0.00124751316826312  0.00129564441628250  0.00134533951822549  0.00139672645918711
  0.00144978360729554  0.00150500533938174  0.00156319378235498  0.00162403247753265
  0.00168699252502093  0.00175193842370225  0.00181874910563524  0.00188805049746541
  0.00195970028244439  0.00203471419913625  0.00211460671529674  0.00219793400012878
  0.00228637651009212  0.00237875560912471  0.00247553508662722  0.00257767986339887
  0.00268431842601023  0.00279524737429298  0.00291306094160837  0.00303723711171608
  0.00317271920081889  0.00331531775927987  0.00346542726923109  0.00362464403220460
  0.00379144025540669  0.00396941181084143  0.00415980785679616  0.00436163554398592
  0.00458310510271905  0.00482496865484598  0.00508368294108200  0.00536078506005414
  0.00565692890137844  0.00597921267983224  0.00632750852918529  0.00671125429996786
  0.00716228171051656  0.00766604061167613  0.00822521529627763  0.00887082559098008
  0.00962919997079023  0.01051578627344271  0.01155223153271542  0.01280546386626182
  0.01448888214308859  0.01668616675407193  0.01911108255468660  0.02216345261190404
  0.02644052030044870  0.03357571700998048  0.31663124889770611  1.00000000000000000
 -0.00253125105124644  0.00968460230490203  0.02008425679244649  0.03053272896977633
  0.04116403833319252  0.05179563844959662  0.06238670347542033  0.07305487324806255
  0.08357859298501570  0.09411331213301771  0.10448034488114258  0.11474274268558798
  0.12485915761807212  0.13516647319136510  0.14548431403840417  0.15617498293100587
  0.16684203321016597  0.17763763156345655  0.18850643197288408  0.19902891767307823
  0.20955517016930750  0.21979712161961160  0.23030753113258307  0.24098513626302528
  0.25162371645681886  0.26208395172560700  0.27247333615678482  0.28319403584557534
  0.29399011244706341  0.30479233411743262  0.31545937198364160  0.32604014363615497
  0.33647855837801405  0.34694057152063162  0.35758436063412397  0.36834355418195347
  0.37891939918256962  0.38929229712232477  0.39963950901926354  0.41034132116754957
  0.42092460674283949  0.43151232151217445  0.44212340963991525  0.45292948040271352
  0.46336265711153829  0.47364673157929371  0.48395322122137929  0.49447706131203378
  0.50499023611735039  0.51551085672863928  0.52623739366527877  0.53689103505873237
  0.54744805859972878  0.55764783235513593  0.56795576358130784  0.57840433717697637
  0.58901094477429616  0.59983191173944361  0.61063773823101553  0.62162596856969565
  0.63251205226168250  0.64352247093792703  0.65415368532765117  0.66479189383051884
  0.67533939582962954  0.68606997562329264  0.69660632416315360  0.70706867947572671
  0.71756205173640764  0.72802469943184100  0.73826037183146265  0.74847506288716126
  0.75864818260904332  0.76894574934351301  0.77928178379347779  0.78962413582064339
  0.80033208943140066  0.81099673834065900  0.82187129461561781  0.83238834719917065
  0.84264978293026693  0.85292863348710879  0.86329486063083560  0.87370431592027564
  0.88404156696845815  0.89433910281745566  0.90486553637568845  0.91537993468893319
  0.92617044083535072  0.93692791437898570  0.94769109090656511  0.95841604758295174
  0.96885595564942273  0.97928714425704921  0.98957581880549461  1.00000000000000000
 -0.00258389594427472  0.00989523473184935  0.02035923448862113  0.03151397388990134
  0.04247508877252338  0.05293864819452611  0.06347688655225311  0.07396985902999226
  0.08445745582065259  0.09461534379956153  0.10485119371676657  0.11560302474113847
  0.12623331226829781  0.13650010312573285  0.14667065235298782  0.15702672896442177
  0.16749441388351899  0.17781767987303559  0.18822545595113724  0.19878128767050837
  0.20922466619640945  0.21961626545673868  0.22999990478132235  0.24061352453348928
  0.25111663453727495  0.26165367644304460  0.27224272691470902  0.28308082065080170
  0.29392576432489143  0.30438142719202316  0.31484437739221049  0.32532863107474147
  0.33618745984149900  0.34684650099737480  0.35724427078905513  0.36743593047894207
  0.37785772822941333  0.38858063389448477  0.39924221977256302  0.40971711389811560
  0.42020249379039770  0.43081768049380398  0.44137996730500084  0.45191662913831526
  0.46264408371347610  0.47346822480468842  0.48446177474037150  0.49537749657015112
  0.50603751760668214  0.51653230180150322  0.52692759205279316  0.53752311381407347
  0.54810614966658411  0.55878855508883696  0.56952637722951138  0.58016790791741890
  0.59060984474556866  0.60091170188542375  0.61118023711014413  0.62157715349306908
  0.63220345842412629  0.64298110060896718  0.65390545478671269  0.66481897258996681
  0.67549290367561932  0.68621991797159920  0.69694320673269250  0.70775222264455562
  0.71832144064645242  0.72879277668058384  0.73940879117277925  0.74983710774644763
  0.76011845360794494  0.77036210669666028  0.78085496926085496  0.79150947404760663
  0.80205047415608366  0.81231309877623481  0.82262666522249062  0.83309671132558605
  0.84373669294902320  0.85415769493952598  0.86458510332745553  0.87511493301386201
  0.88564464482255334  0.89592302956660919  0.90643108927978211  0.91677034556269477
  0.92702843938673185  0.93693162137728148  0.94707381607073327  0.95723635690809361
  0.96772317648500117  0.97834176137627926  0.98926138151711729  1.00000000000000000
 -0.00245500703782067  0.00923368011581849  0.01921314780081787  0.02920708134384616
  0.03915469168115009  0.04930179484005612  0.05961404150146296  0.06979887412055670
  0.08000048859862931  0.09050688208496420  0.10106803931022271  0.11136064970857418
  0.12129323224773761  0.13129781383903749  0.14156704402421463  0.15202879450076698
  0.16268067185804966  0.17335052716928367  0.18435162292617757  0.19532740838290874
  0.20638187264718394  0.21723371457882407  0.22784224047060159  0.23794671890481128
  0.24825999259420212  0.25899889846357149  0.26987789334629730  0.28080543744448466
  0.29167702286243113  0.30288139504178468  0.31403492835752711  0.32489478308669073
  0.33586718271773819  0.34649610674381415  0.35729915508541021  0.36787759587504321
  0.37860974173291995  0.38927162451756359  0.39978711915587034  0.41016309176429216
  0.42051391890861678  0.43101733966240252  0.44145828332418446  0.45181090339780650
  0.46220868611211996  0.47272513933290178  0.48332319161664694  0.49382667825656557
  0.50407257941055750  0.51414947991457882  0.52423931390261058  0.53472124008757638
  0.54524089431708944  0.55575348810824599  0.56612031286455700  0.57656289167925112
  0.58698541284213068  0.59723948217984080  0.60734486793672871  0.61743440182507103
  0.62755408587134021  0.63766061721584044  0.64772945316371044  0.65808172126414111
  0.66855753331993983  0.67941568548643105  0.69024320487417956  0.70099504840306437
  0.71168557180538738  0.72238731578679949  0.73321218193208604  0.74373530755107164
  0.75446112772565654  0.76509616504476397  0.77579621511876318  0.78641596995383167
  0.79716507971564754  0.80793049452235943  0.81850832193209189  0.82898517568763030
  0.83952310524000362  0.85027062249134644  0.86107182498075963  0.87169831187103486
  0.88223596478091271  0.89254498010200634  0.90301726047766273  0.91355631664467241
  0.92442708747986191  0.93522620412753399  0.94609320576694866  0.95670249328419465
  0.96736149525583337  0.97806275317375990  0.98905125881085143  1.00000000000000000
 -0.00045205508080215  0.05049994288035586  0.07216784202053234  0.08799393659811125
  0.10207245845704747  0.11505062043663987  0.12708292452324949  0.13842759296694510
  0.14916282748434570  0.15952724615831748  0.16943910929399766  0.17910777247428064
  0.18859111817755711  0.19787173269945504  0.20700896698575508  0.21589838265653463
  0.22457273667886329  0.23301918057915189  0.24129831800181648  0.24952066670424952
  0.25769481134984157  0.26583344201528392  0.27387761251246229  0.28175851210913466
  0.28950278231774368  0.29717924766136172  0.30475561806413326  0.31224694656368862
  0.31973751593183308  0.32722653005055652  0.33468858788213129  0.34215144528453906
  0.34962901001741609  0.35709272921282598  0.36447651093880917  0.37175207592981657
  0.37890472663256275  0.38608997373718135  0.39314900606397229  0.40033649758094342
  0.40749505472179953  0.41472679404358270  0.42196837614647120  0.42921581769211598
  0.43648709070295288  0.44375561192050583  0.45094493800579599  0.45805400846227162
  0.46515202488833529  0.47232776728061832  0.47960734578709097  0.48687584503422388
  0.49409393673078927  0.50123532584315278  0.50835797399781180  0.51561989174809841
  0.52298109106762913  0.53023796811089396  0.53752100126998492  0.54472599661301935
  0.55192452362177979  0.55912301603737058  0.56641648194797634  0.57381540567966249
  0.58128121266445876  0.58877781628432402  0.59629301578583449  0.60388997176600911
  0.61175381583200816  0.61990128115097254  0.62805653786467319  0.63618089095391173
  0.64442809289343239  0.65281212516677778  0.66136158339521900  0.66990107247797404
  0.67851062207363888  0.68725026899783570  0.69626851975485038  0.70551108494675974
  0.71491862508028892  0.72448131514700120  0.73447642700476556  0.74484790336379036
  0.75548350304707834  0.76637834218437517  0.77800362164530612  0.79054972335154794
  0.80390775862045161  0.81819734520648113  0.83351407629329177  0.85032015230195179
  0.86949515374243203  0.89322583226559915  0.92723938458543520  1.00000000000000000
 -0.02050641414016122  0.12148550620080155  0.15967367617650585  0.18242337819266857
  0.20045313999077666  0.21574903488209832  0.22902089550915777  0.24072620175942572
  0.25150476969388885  0.26141885657137870  0.27097879955989695  0.27985126347784250
  0.28845518273209464  0.29649367541516208  0.30421116220984046  0.31179560927673505
  0.31908997345980611  0.32620245621930077  0.33311400306112338  0.33984884435067864
  0.34638370895456405  0.35285740376996638  0.35916454378902141  0.36550453642201736
  0.37180996532091282  0.37792301302484832  0.38387363106309635  0.38975840196022532
  0.39557266847089423  0.40125284397483663  0.40681962388326665  0.41235739694561546
  0.41781392075226759  0.42320026817879819  0.42852223973576170  0.43381911924324729
  0.43912319901161734  0.44445910461837917  0.44979426440045994  0.45513598034474273
  0.46038599817437142  0.46560177462924429  0.47084511774989285  0.47612572167154449
  0.48142429005638826  0.48670109774393694  0.49193392421341703  0.49715553983889860
  0.50244211104804692  0.50766116748454959  0.51283056130860227  0.51794974895842316
  0.52309808843530081  0.52831350039379132  0.53357224552811455  0.53887681861878234
  0.54422326095781537  0.54957758289645553  0.55491656870579331  0.56025655399232399
  0.56571073065805277  0.57130869854539135  0.57692295325974263  0.58261645231085912
  0.58831084958905744  0.59400559051389412  0.59973065970582462  0.60550306782465879
  0.61132863928029757  0.61721852651878595  0.62317381176740838  0.62919723589393539
  0.63533501730770492  0.64151074130168606  0.64780702562285641  0.65422124403930237
  0.66072491981923387  0.66736352700405366  0.67426885803890435  0.68135145181769929
  0.68860989375242732  0.69628722474711191  0.70409220090105495  0.71224014443506012
  0.72070139592943383  0.72954502687476752  0.73908228014053801  0.74895543684502708
  0.75948685185064446  0.77076464794547128  0.78383512687038426  0.79870499612567114
  0.81638817459228108  0.83899659310081753  0.87664744929779770  1.00000000000000000
  5.06311531736395337E-007  -1.0000000000000000     
 F F T T F F T T F F T T F F T T F F F F F F F F F F F F F F F F
  <DiscreteSampler_grid>
  grouped_processes
  1 # 1 for a reference and 2 for a running grid.
  10 # Attribute 'min_bin_probing_points' of the grid.
  1 # Attribute 'grid_mode' of the grid. 1=='default',2=='initialization'
  0.0000000000000000 # Attribute 'small_contrib_threshold' of the grid.
  0.5000000000000000 # Attribute 'damping_power' of the grid.
 # binID   n_entries weight   weight_sqr   abs_weight
    10   10   7.582076702272788E+005   2.396935232503605E+012   7.582076702272788E+005
  </DiscreteSampler_grid>
