  0.00956359883092461  0.01612605301203615  0.02526825485694711  0.03607367330426039
  0.04639274537736944  0.05671232742925988  0.06701968694896006  0.07730585731565780
  0.08761083138928287  0.09798922928683171  0.10837855425359533  0.11880291987381870
  0.12924636169138012  0.13965838536527525  0.15003323023111315  0.16037504565567332
  0.17072351015998535  0.18110082192520705  0.19149241409119219  0.20193165984697092
  0.21236787131452020  0.22278448596303896  0.23320680330608146  0.24357042657679961
  0.25391785097168096  0.26424682647587855  0.27459069991314961  0.28490688191966640
  0.29521300022807645  0.30554816245070354  0.31594519137716381  0.32637203893544964
  0.33676238604801728  0.34712519639682998  0.35749048619102275  0.36786307420155273
  0.37823029149632958  0.38857826961782665  0.39893369635594317  0.40932301557770417
  0.41969407374672102  0.43006872310934013  0.44041913948076894  0.45079825442278804
  0.46117140253248318  0.47157596763487236  0.48199325901496454  0.49242650386524778
  0.50281468724429035  0.51319659922328009  0.52358043306944424  0.53398454345254420
  0.54438854924190616  0.55478809032893273  0.56517690352516681  0.57555972660958055
  0.58594976969324275  0.59634329226207017  0.60672682662444832  0.61708282642898404
  0.62743082461927768  0.63777360737693523  0.64811567688796623  0.65845863608273336
  0.66879967815080021  0.67914885917261592  0.68949857634334422  0.69983980402694934
  0.71015456955018641  0.72047287952576400  0.73085502914681588  0.74128597476479008
  0.75172997185551504  0.76215116258800164  0.77256524060314624  0.78300915542751282
  0.79346859482837329  0.80394650314332217  0.81440995834422358  0.82481092793409083
  0.83513909207207293  0.84544201852861389  0.85572530813357217  0.86603077174262133
  0.87633650560597753  0.88670624033260237  0.89715049907307098  0.90761120144283414
  0.91802008584039552  0.92845351988240887  0.93888062073805401  0.94933412710634313
  0.95980603299979750  0.97022170107937844  0.98065018409122084  1.00000000000000000
  0.00952083822168511  0.01569141757844982  0.02511193256867241  0.03596639101391908
  0.04637207668521902  0.05672276680300861  0.06709135485964732  0.07749714995627981
  0.08791419829590814  0.09834417883454237  0.10878046301499653  0.11920294927359437
  0.12961332724759417  0.13996458274433390  0.15031662489248951  0.16066479073789253
  0.17105401361608844  0.18149131676533709  0.19193035405340517  0.20234275159454335
  0.21277055398317160  0.22317198924391446  0.23359017327715054  0.24399727685580899
  0.25438400798209204  0.26477713209564013  0.27516830272989595  0.28559329603174555
  0.29599411408840193  0.30637604489947878  0.31673283123696050  0.32713882491911628
  0.33754207706932365  0.34793945580768348  0.35829119254325703  0.36862051216640168
  0.37897515737494208  0.38934795609500467  0.39972471350077421  0.41012746561520041
  0.42051837430304695  0.43092395057082566  0.44132032212381422  0.45173118963949604
  0.46217918548446618  0.47260783783583515  0.48298982994912371  0.49332640086155505
  0.50363521244312903  0.51395719644237570  0.52431100206011816  0.53464900920222080
  0.54495780445255626  0.55524208877743930  0.56557314329428898  0.57593590344673995
  0.58628770650536244  0.59663639609088825  0.60700180239398516  0.61738723266054585
  0.62776908926792241  0.63815857708329238  0.64854617727139086  0.65892521354981004
  0.66931608904620843  0.67972157243545628  0.69011425788917846  0.70046082909017227
  0.71080947168554709  0.72120391331186517  0.73165786719387305  0.74211264991508963
  0.75252087113875743  0.76285604243747263  0.77315150246136177  0.78342094596410095
  0.79371514007798416  0.80405209795258192  0.81446492554803507  0.82490539531003881
  0.83536116443177699  0.84578786179363408  0.85621126995412422  0.86659284210518506
  0.87696720332806166  0.88736329198908637  0.89775515657080651  0.90811617111508913
  0.91851182999828651  0.92891532941508559  0.93936035726077582  0.94968161342189883
  0.95995384825715857  0.97021831773083167  0.98054273430310201  1.00000000000000000
  0.00948150716127296  0.01615913834102738  0.02514976124219795  0.03588394634103892
  0.04616738426737222  0.05654069025095458  0.06689747828442814  0.07727348319485526
  0.08766782953468620  0.09808145028639817  0.10851008529091588  0.11893105670148127
  0.12937183613110004  0.13973506479256564  0.15007827570670854  0.16043679821570012
  0.17083722076739088  0.18124185018538072  0.19162819349917182  0.20201014668930864
  0.21233717986418094  0.22272799350819236  0.23312410795334301  0.24363267710166286
  0.25405678756208444  0.26447865360241440  0.27488988149745641  0.28528508039852962
  0.29568503643632071  0.30602625038945169  0.31645392640263531  0.32692084062869842
  0.33741763419088372  0.34787028840702577  0.35830478065379445  0.36873681207087605
  0.37913603416177949  0.38948647565531702  0.39978209690531158  0.41010548679502529
  0.42044709973231859  0.43085066664723315  0.44126048715504379  0.45168276539730445
  0.46208993770512979  0.47250553380540877  0.48291391207677509  0.49332007272250233
  0.50373773059190963  0.51419576923939636  0.52467377712049357  0.53512366060808347
  0.54549108724073125  0.55585283121626683  0.56625096069736791  0.57668136367313461
  0.58710363020351441  0.59747893514890005  0.60783742541761954  0.61819504537016834
  0.62854853008206835  0.63889030139533065  0.64921652427223009  0.65953657574706670
  0.66988538483008297  0.68027408451565408  0.69066477381076730  0.70104609601691048
  0.71139012056721229  0.72172488565268156  0.73210095315149271  0.74248332337540857
  0.75285869108356818  0.76319167365208362  0.77350667154006514  0.78382303387778063
  0.79411942714962447  0.80444014113528894  0.81476653737589866  0.82512184815361400
  0.83546459190627453  0.84578853464843817  0.85610492524322501  0.86645909589813142
  0.87685981122890388  0.88730740319846313  0.89775479293592464  0.90815502023536110
  0.91850035646842132  0.92885915039237632  0.93920839568410841  0.94956513742379001
  0.95983724409509108  0.97010983120063365  0.98047275481739105  1.00000000000000000
  0.00950318296246724  0.01575834329831938  0.02496249706441146  0.03575598708907947
  0.04613559027578828  0.05651982871495319  0.06694631654749020  0.07734346661511790
  0.08771889640647582  0.09814493328238751  0.10858162356059439  0.11902074185146846
  0.12940415775971509  0.13978537462080476  0.15020610307612001  0.16059964219735748
  0.17096385335213174  0.18134215366424250  0.19167777261780924  0.20205966701954436
  0.21243662606262920  0.22288488494228517  0.23335933178104379  0.24382642069989943
  0.25433378624940967  0.26490445227863268  0.27541251466569805  0.28590019936461264
  0.29627035449531308  0.30660824590046987  0.31695316238048321  0.32727080436672318
  0.33760165407194398  0.34792285180057486  0.35828714742011408  0.36867904268435187
  0.37908129086626002  0.38949302435934463  0.39990132969150843  0.41027731293172964
  0.42064092966769412  0.43097570202532026  0.44128667250779374  0.45163689508890376
  0.46202838541513341  0.47244342468403083  0.48285251100300497  0.49325473194288255
  0.50364687791667195  0.51401060839031398  0.52436574128845637  0.53472827676528156
  0.54510698593085338  0.55546650617850757  0.56582727869642657  0.57618021202890224
  0.58653968704862536  0.59688711649640802  0.60722619922291377  0.61760249468823847
  0.62802264255201568  0.63844573944701621  0.64882263294410081  0.65914064816731577
  0.66943463644940548  0.67975675376262557  0.69015115486009404  0.70056986121931397
  0.71096237840692478  0.72135903734551599  0.73178285605426163  0.74223115826130359
  0.75265054731874859  0.76306352641111419  0.77348584042405333  0.78390201743048704
  0.79428235365147670  0.80463446591539556  0.81495175848442736  0.82524954936756767
  0.83553904807643986  0.84588069853377079  0.85623517059967202  0.86657357656772782
  0.87692597623628477  0.88733865301115922  0.89777110344795186  0.90813327545361389
  0.91843198565302508  0.92873267615751987  0.93905380300654784  0.94938641062283224
  0.95973803004969216  0.97011962536051977  0.98048294424129812  1.00000000000000000
 -0.00235265587343034  0.00947858281861301  0.01961949949635475  0.03009328357793270
  0.04060864726300608  0.05113830970994770  0.06164793359361295  0.07216549497812548
  0.08263888609321361  0.09316048839410410  0.10365446231102445  0.11415316216605809
  0.12459943184032075  0.13511109983321098  0.14563121352930142  0.15612795694919487
  0.16663531215502667  0.17714668826755858  0.18768259932771963  0.19817901594579596
  0.20870649027980001  0.21926689022158974  0.22985470560430110  0.24045747596107023
  0.25102352957631480  0.26157653651319746  0.27210769270946805  0.28267805146012420
  0.29327259586478049  0.30385130260530319  0.31445424186298448  0.32498048581254069
  0.33548461908192784  0.34599263609216546  0.35650553663602425  0.36709415395026351
  0.37768181658203204  0.38823877381436062  0.39875533443271277  0.40921671949943378
  0.41977390944839094  0.43032721364506904  0.44092260229125407  0.45150240519022139
  0.46206482139895150  0.47259703523874119  0.48311677564196742  0.49364853354799204
  0.50425927437306561  0.51489937897842009  0.52548706720566585  0.53606891681326096
  0.54663302812309944  0.55723756774489275  0.56777498879963928  0.57832914033808291
  0.58887031222058350  0.59950301691227470  0.61008129323774352  0.62068316536110379
  0.63118484997604762  0.64170021982581493  0.65225228007469083  0.66279311359394055
  0.67332808026637014  0.68383402608859534  0.69434443914566690  0.70484505543861853
  0.71534912397355888  0.72583000269583486  0.73633030843980152  0.74680671234165719
  0.75731412947611509  0.76783536017962495  0.77832476877359358  0.78878044436283445
  0.79918956807263053  0.80965071828458401  0.82018840118164982  0.83078175962942891
  0.84140018366459868  0.85196798116315908  0.86249009735202475  0.87300389500762166
  0.88357120426816504  0.89421409430146115  0.90484172763426540  0.91546930326282361
  0.92604149210935438  0.93660495340555694  0.94714680448657051  0.95771575047416613
  0.96828057046417171  0.97884920828244326  0.98941843225743353  1.00000000000000000
 -0.00239396295006679  0.00966100866998636  0.01988974856779473  0.03054972568906009
  0.04118510204663348  0.05177533579676317  0.06221996608455046  0.07261474618037625
  0.08310738230265137  0.09369524351023358  0.10435478299993475  0.11491623893014018
  0.12546567739218006  0.13595930341073686  0.14645704044305266  0.15691622863642363
  0.16740223474725424  0.17792632116123835  0.18848259302857015  0.19898960196351884
  0.20950085377858960  0.22002329305253632  0.23059169857947573  0.24109975414712823
  0.25165768398896543  0.26220054381166003  0.27273319042298289  0.28319328764618662
  0.29368609576965898  0.30423208822063219  0.31478136396168854  0.32528590818841852
  0.33576488729993831  0.34622306643004797  0.35673673412576151  0.36730898940062473
  0.37787101179021249  0.38838907628522107  0.39883388556110949  0.40931912766147122
  0.41983168883673389  0.43037277479403707  0.44091159983415235  0.45142529836040818
  0.46192058839995437  0.47245198400027655  0.48304356106415036  0.49364944122073229
  0.50426457767976107  0.51481074171704910  0.52537716764318232  0.53593622408088815
  0.54650631230569924  0.55710368931614829  0.56766863194638162  0.57830295184933334
  0.58892191835144769  0.59955736529729664  0.61012995470224995  0.62066762459519964
  0.63119719597457169  0.64174927252582270  0.65233427081052986  0.66289220848174923
  0.67337748840845280  0.68381967322737447  0.69429041779256551  0.70485983542960728
  0.71543872253001117  0.72597975629291511  0.73645991840625746  0.74691847703383685
  0.75743165526338152  0.76792867928292352  0.77841890367099276  0.78890172212757048
  0.79941634651431781  0.80997068489111845  0.82049375037876127  0.83098713426991100
  0.84150849588450183  0.85205228690894652  0.86258765986510200  0.87314982546277053
  0.88368313074697191  0.89427741237990765  0.90481746454135392  0.91536674108232852
  0.92588350603036695  0.93641458750797035  0.94696369864120222  0.95753081952323027
  0.96810129749248441  0.97867496460640202  0.98931616263112143  1.00000000000000000
 -0.00253186463621153  0.00960137043728183  0.01989690584000026  0.03042410603451301
  0.04097476131195145  0.05147781314815707  0.06198686494726580  0.07244750944028019
  0.08290100296337355  0.09344549462856319  0.10397205269496021  0.11452421312200192
  0.12501032382698626  0.13551023858954528  0.14593798137914316  0.15640200108389277
  0.16693556553056615  0.17748439616116471  0.18812081086793561  0.19872043291247951
  0.20934367953037472  0.21990868507749026  0.23044564820260588  0.24097430589453878
  0.25146255913152971  0.26199184488902905  0.27251187053389675  0.28309288964642199
  0.29370338371865934  0.30429107449366477  0.31486902755730017  0.32537115075547907
  0.33594568566101524  0.34652114889918856  0.35705938939449616  0.36757075618755636
  0.37804813983566138  0.38859900465783798  0.39914334210633906  0.40969473622840547
  0.42022869605563001  0.43075950269691821  0.44129608556386529  0.45185105638865714
  0.46238065218130248  0.47287361498891695  0.48330904359941251  0.49377726111869674
  0.50426205269171498  0.51475430028038593  0.52523917203484072  0.53573610747553291
  0.54622397854975435  0.55674351549783729  0.56723934506998075  0.57776246692627231
  0.58826884825429560  0.59877383751130564  0.60924147184551825  0.61966763399199098
  0.63014666669898656  0.64067425984365378  0.65129604092456916  0.66191724931416862
  0.67256395576409334  0.68310821834868263  0.69366586155722243  0.70416825986627218
  0.71471244876011408  0.72523021325062376  0.73579886856067067  0.74635369310413235
  0.75691217818169365  0.76742365002838431  0.77804545780963230  0.78864726137621488
  0.79933428411957708  0.80998282366702434  0.82063451947126609  0.83129224518318168
  0.84185174624249215  0.85243752532257588  0.86293940108836131  0.87346563081962403
  0.88404026533862556  0.89466146229343979  0.90528854726715058  0.91586347756613173
  0.92641391998099543  0.93696668077774525  0.94746038047912728  0.95793107484987405
  0.96838024704569348  0.97890708053713738  0.98943978714565151  1.00000000000000000
 -0.00246158278433384  0.00948391784714678  0.01965043716762656  0.03012550083307326
  0.04064643083076686  0.05114256112632501  0.06169908995164996  0.07221707256495806
  0.08273276117993709  0.09325231932793103  0.10375890946918237  0.11425935532040113
  0.12477063609494436  0.13529051491147445  0.14585104979167804  0.15635307166485324
  0.16686926560487128  0.17738734751211757  0.18796960405245111  0.19857880588075252
  0.20914166407781462  0.21972105966909500  0.23028799622911914  0.24089103113929058
  0.25142907122019398  0.26199435765416879  0.27258839608639857  0.28322414377302368
  0.29385302070217939  0.30441091089577538  0.31495089388743325  0.32546958621683103
  0.33603598063232759  0.34657923070993152  0.35707347187584121  0.36758062126225405
  0.37812593627815094  0.38867432800952600  0.39923217532504351  0.40984450882652951
  0.42040630927963202  0.43094050227494013  0.44140748885596232  0.45196090011174073
  0.46253943714515577  0.47313371913706903  0.48371185919990112  0.49419123964612266
  0.50466977114772182  0.51518172553273234  0.52574855230737794  0.53629304648205400
  0.54675440586776658  0.55717425168945400  0.56758628455966420  0.57806297649154625
  0.58865397477723769  0.59925238626357036  0.60982792646424044  0.62030449494060891
  0.63076383191927476  0.64121360084999590  0.65169633464378562  0.66220988636371259
  0.67280189135114699  0.68343671499592629  0.69405338076033263  0.70457683158369910
  0.71512127821916749  0.72563480511132250  0.73621359506264250  0.74676133266261602
  0.75735399913619506  0.76794537970094079  0.77853910905350787  0.78915115902962440
  0.79965008017036832  0.81014643609802117  0.82062997372324364  0.83115375446640050
  0.84169192667873038  0.85219694255062750  0.86270752272282580  0.87318606110161712
  0.88371848946512455  0.89427057102651064  0.90480313384494171  0.91531195053103698
  0.92585847760031992  0.93645443335997924  0.94705713171999162  0.95766431496893012
  0.96827057362509772  0.97886604331369365  0.98945371042938635  1.00000000000000000
 -0.00240166565872791  0.00971495379011458  0.01988721752442129  0.03038911129158674
  0.04094081528006881  0.05153536920518124  0.06211665507896505  0.07259845101596540
  0.08307928959120421  0.09358127284342510  0.10411686705301090  0.11472403392186729
  0.12529886661314232  0.13591648140822954  0.14656124836186829  0.15724093466632927
  0.16787865636359220  0.17838016367976586  0.18888023578119539  0.19936163497107248
  0.20989663468383407  0.22041874368856701  0.23099203097475149  0.24161158433799740
  0.25216374441837225  0.26273363277159517  0.27327445014928864  0.28387170800732103
  0.29443301906248792  0.30500725056897476  0.31559356405085376  0.32616313598901969
  0.33667159355644122  0.34722044657440104  0.35773550712769048  0.36829610956252518
  0.37880271614780686  0.38936327035772955  0.39987833450803478  0.41036733537410397
  0.42082891489000468  0.43135634956298413  0.44196508733925022  0.45258604589098023
  0.46313831057528621  0.47360511836658303  0.48409682283097899  0.49456324473169710
  0.50504551876510917  0.51552078334841633  0.52606297278847591  0.53663304883777319
  0.54715358149591509  0.55764554007085942  0.56811435942072441  0.57868834501653765
  0.58925128870324928  0.59986167167978399  0.61042205888818435  0.62105892770278370
  0.63167767690231591  0.64227313773155581  0.65282642542539260  0.66337395697143109
  0.67389613748178845  0.68437383372734384  0.69482121500408389  0.70532930217774947
  0.71586785833227440  0.72641479421324517  0.73693772600923679  0.74747314010494881
  0.75799869802442232  0.76853170241100555  0.77906055037175292  0.78958383567380408
  0.80014985516312787  0.81067184632966982  0.82126257927002988  0.83179999495992651
  0.84234995936898638  0.85288168151390165  0.86341138540319184  0.87399966521808015
  0.88447659171379889  0.89499295494536069  0.90544765022196860  0.91601168644602604
  0.92654813734217212  0.93702523239063973  0.94751423567404469  0.95800743495495611
  0.96853612416396706  0.97904805681982043  0.98951896188747890  1.00000000000000000
 -0.00256282909790060  0.00952203231381996  0.01972585348161031  0.03027556086641838
  0.04085965299444680  0.05142251675906360  0.06197732969099235  0.07252806027856989
  0.08310326707450270  0.09371094065497032  0.10424399403181334  0.11476985377673440
  0.12521482441555432  0.13578797223911110  0.14638679945541289  0.15706207754838492
  0.16762655908962068  0.17819869104931477  0.18872137553412391  0.19928287623616323
  0.20979762227115273  0.22037596193775313  0.23095562783341347  0.24148594028726006
  0.25193411759237072  0.26237275445151559  0.27281122009590680  0.28333217048741577
  0.29380217250144797  0.30433251936154943  0.31485692207002441  0.32544556193584906
  0.33604154928614677  0.34659006896439903  0.35713279131580578  0.36766155460139172
  0.37815478538255159  0.38860714327323903  0.39913951292813754  0.40981362916609587
  0.42054057639891640  0.43121092917930431  0.44182849104813782  0.45240261342292304
  0.46295331051638616  0.47346569115917708  0.48396995459175357  0.49446775865597092
  0.50491620235579293  0.51542423140421700  0.52590851345700862  0.53644757067303062
  0.54693562291541276  0.55743948324734149  0.56795568030637711  0.57850587823434119
  0.58907099208626346  0.59966567487148459  0.61025866920793748  0.62084977719425671
  0.63137889344524734  0.64187390658872567  0.65236015406049574  0.66287174653095227
  0.67344043011605326  0.68400359127795829  0.69462528376403643  0.70519153194943085
  0.71573965688205254  0.72629061174782783  0.73685472792265860  0.74744087060949649
  0.75793464044909375  0.76841889483412074  0.77882435962667751  0.78922574493059650
  0.79964425759096780  0.81018217575527651  0.82072961750203677  0.83124395495885584
  0.84176182512307329  0.85230733698598027  0.86284776210517167  0.87336524507729119
  0.88386658826051678  0.89441978845228920  0.90497644189376691  0.91556184169442323
  0.92612081548591174  0.93673790352410835  0.94736400983987779  0.95798889853262792
  0.96846134429458286  0.97892904837768435  0.98943199713664420  1.00000000000000000
 -0.00252619204914956  0.00940826807863402  0.01953556632467856  0.02999102125677854
  0.04056552223056725  0.05117290724382848  0.06174574064064344  0.07230106896313349
  0.08285010382916536  0.09340449959815582  0.10397904202290391  0.11448895002286623
  0.12503733044031387  0.13551156935377076  0.14600863723669263  0.15651352186769693
  0.16706362443941136  0.17761908994228282  0.18818267613701095  0.19874770710286585
  0.20934713378131622  0.21992746675016603  0.23048432562421259  0.24107159389625440
  0.25163154294699397  0.26223770704342281  0.27284856173981958  0.28349635718542460
  0.29408743836516354  0.30464599692387456  0.31520987951818702  0.32584526491872623
  0.33638446419413248  0.34691919102935348  0.35740590016853196  0.36792372055586087
  0.37848507862743280  0.38919239259895527  0.39987657320814923  0.41047651026536042
  0.42099340889084413  0.43156980921396743  0.44211564180849589  0.45259547133981315
  0.46312528628548089  0.47366517187789514  0.48419340151893497  0.49468887201279493
  0.50523235524100107  0.51571491288477134  0.52617553753658308  0.53662644501100820
  0.54708791977557247  0.55756983001871274  0.56801576749278693  0.57859841433111103
  0.58918651246439424  0.59979886576387054  0.61036884517212286  0.62091967658268954
  0.63143443026876434  0.64190142650206716  0.65241240419201507  0.66292348370622678
  0.67348505548869242  0.68402817183976294  0.69459537688509077  0.70511945257296516
  0.71557386047262106  0.72605815933300322  0.73652261041385936  0.74703634297235821
  0.75753380627175904  0.76809614726213093  0.77869379053308985  0.78929057932420210
  0.79985230481820802  0.81035122496172540  0.82081558840673119  0.83134667341602608
  0.84185651504974490  0.85247855089613833  0.86309671301094937  0.87378816984192575
  0.88439477356162055  0.89496691580995458  0.90549158366806892  0.91601449420784786
  0.92650061891993918  0.93698544688304053  0.94749613544021072  0.95803449133776208
  0.96853157978780446  0.97902935700140881  0.98948926452085983  1.00000000000000000
 -0.00253836322226094  0.00949184587601118  0.01968284976884484  0.03022984773297060
  0.04073735746484577  0.05121559728252969  0.06167745271652440  0.07215576599202636
  0.08258363471871405  0.09309586816501794  0.10363964459148306  0.11419016668284178
  0.12471595791751731  0.13528205894155476  0.14583661533315975  0.15637762074525405
  0.16692877657614039  0.17755974168441696  0.18816202227140963  0.19876998533964041
  0.20933605431408991  0.21992023218127857  0.23049013969100446  0.24105096816681373
  0.25159939179697038  0.26215919916963804  0.27271229050944290  0.28327121388870641
  0.29379088256614166  0.30432502419521074  0.31488489148831805  0.32550046627995061
  0.33611229123133418  0.34666423241116862  0.35722563152366937  0.36784095626872093
  0.37845960262636402  0.38902651977077840  0.39959440870215029  0.41020075171402909
  0.42081610171655853  0.43139585467111319  0.44193702340110452  0.45245256624777119
  0.46289957009886412  0.47335113758946945  0.48383663379542036  0.49438506057688880
  0.50495587070367587  0.51552781863715158  0.52613433217395911  0.53673705171958508
  0.54735184937837755  0.55793888101413525  0.56850785582182473  0.57897862960912627
  0.58941800773555519  0.59985325293100189  0.61034993381917524  0.62091127700193727
  0.63149163035842415  0.64203247054234724  0.65252077460699087  0.66299926135562159
  0.67349343878093726  0.68398085023548438  0.69439938144430757  0.70493509349984784
  0.71546809704303926  0.72605625318558620  0.73654653210899668  0.74708668192366090
  0.75764354764391206  0.76824159270122450  0.77875914199157181  0.78929824313330366
  0.79980744333564857  0.81036564982984638  0.82091802576740169  0.83147646484571613
  0.84199546763822308  0.85252874614383178  0.86306282175217808  0.87363920083571323
  0.88420255299899031  0.89473902292670560  0.90529928544583860  0.91584995996727858
  0.92640229896544612  0.93697421851331286  0.94755710599571441  0.95811064592726436
  0.96857924496319869  0.97900833328998871  0.98949253967539263  1.00000000000000000
 -0.00225330248057805  0.00983309533369646  0.02003988354419502  0.03060429554437504
  0.04115913815193131  0.05176451100574252  0.06234704744371892  0.07296904722720270
  0.08363103129952568  0.09423847333083542  0.10479238609237491  0.11533311265414373
  0.12589852066615975  0.13642584522898313  0.14689173291197652  0.15734485980460033
  0.16780308949359657  0.17828469685787268  0.18875554425517871  0.19927739020494462
  0.20978760649876377  0.22033649178595185  0.23088007330199528  0.24144550314631913
  0.25202385804341648  0.26260009359184611  0.27322016817468520  0.28382629883364091
  0.29440242633555763  0.30494497876658855  0.31543645154210048  0.32594417983899965
  0.33643295353642771  0.34696806560592020  0.35748112647068397  0.36799019035342750
  0.37856813690962021  0.38914951910833989  0.39965320119395809  0.41010831358139582
  0.42065068897089397  0.43133584994514451  0.44193099199556440  0.45247121867368906
  0.46295834111511014  0.47346198868494599  0.48394795311635447  0.49448419969160051
  0.50505567864368617  0.51564591707374530  0.52617589697598111  0.53667999093734398
  0.54717581567051587  0.55767667807503074  0.56818179689081594  0.57870641903648690
  0.58926118495004565  0.59986916183261152  0.61043781873720182  0.62097549099446481
  0.63144751528779608  0.64194061280869941  0.65245633071269027  0.66304594281395046
  0.67367436698003746  0.68436676693445675  0.69498711922191170  0.70557459168142045
  0.71612949426840389  0.72670956285254373  0.73723098338828552  0.74778920279773642
  0.75832491694922155  0.76890802946639225  0.77941139004476945  0.78986273766834092
  0.80029677909793384  0.81073467468010973  0.82124792267907021  0.83175726879681777
  0.84224639901524667  0.85272323054314447  0.86319656191362082  0.87369358321179114
  0.88418783558549363  0.89474049817933998  0.90527752976987863  0.91584406870037449
  0.92635931264365556  0.93692950982536427  0.94741335890726774  0.95787473330004036
  0.96837017061323172  0.97893403709222981  0.98949262606080046  1.00000000000000000
 -0.00236719846159870  0.00959836811468840  0.01976723884827223  0.03028530643054605
  0.04078336354678580  0.05130705931199384  0.06184349417400092  0.07234468584504440
  0.08288588107272388  0.09346616425135333  0.10401819502044941  0.11452194259352932
  0.12494443253407393  0.13539922897936407  0.14584157889465568  0.15638963587379157
  0.16694396461900646  0.17749008823275658  0.18805650597709525  0.19862916303306752
  0.20920567817983993  0.21971055890030869  0.23021823990795470  0.24070247295036551
  0.25114296167337147  0.26164640436010356  0.27218396842407150  0.28278626374633836
  0.29335260444842037  0.30387328150076243  0.31435402568554971  0.32482141707156315
  0.33528427683957757  0.34585978234399867  0.35642771379532145  0.36698980567085887
  0.37746532594411775  0.38788517172599069  0.39842571221280382  0.40898049934994718
  0.41960482123541015  0.43015515068058169  0.44073905674426406  0.45126235232986350
  0.46174416997190609  0.47221082865583408  0.48276317194566282  0.49334972375924835
  0.50394100419520094  0.51454991546762086  0.52519733466519269  0.53581445310075781
  0.54639052782116404  0.55700443752170803  0.56763902241901676  0.57828854870099977
  0.58883142568308244  0.59932385027199375  0.60983429979223069  0.62040747841163568
  0.63102161390331235  0.64158271474423079  0.65215892255670693  0.66268568293422803
  0.67324887680278778  0.68380470653415248  0.69435788209536753  0.70487156073426072
  0.71537685676111640  0.72591013992166376  0.73649738424983568  0.74704622248030728
  0.75757300815890039  0.76807842813868032  0.77861679522277727  0.78914766818686033
  0.79967205992768942  0.81018639330580311  0.82074682398715282  0.83134863400801751
  0.84194330492261626  0.85252416371580964  0.86303173507575981  0.87350400014890939
  0.88405861352506321  0.89455321283755929  0.90509524680895403  0.91562549246593528
  0.92622315781593978  0.93684110559668676  0.94743842675478362  0.95803744662632440
  0.96861727577011281  0.97910887271740832  0.98958325894577737  1.00000000000000000
   2.0375441809469849E-012  -1.0000000000000000     
 T T T T T T T T T T T T T T T T T T T T T T T T T T T T T T T T T T T T T T T T T T T T T T T T T T T T T T T T T T T T T T T T F F F F F F F F F F F F F F F F F F F F F F F F F F F F F F F F F F F F F F F F F F F F F F F F F F F F F F F F F F F F F F F F
  <DiscreteSampler_grid>
  grouped_processes
  1 # 1 for a reference and 2 for a running grid.
  10 # Attribute 'min_bin_probing_points' of the grid.
  1 # Attribute 'grid_mode' of the grid. 1=='default',2=='initialization'
  0.0000000000000000 # Attribute 'small_contrib_threshold' of the grid.
  0.5000000000000000 # Attribute 'damping_power' of the grid.
 # binID   n_entries weight   weight_sqr   abs_weight
    10   10   5.040130075715879E+030   5.190872235434809E+061   5.040130075715879E+030
  </DiscreteSampler_grid>
