 -0.00258364706271753  0.01025298243594571  0.02050251852904687  0.03072013126442007
  0.04098529413755697  0.05116628436821193  0.06136383964181676  0.07160619735693391
  0.08167278489661113  0.09190883229931052  0.10213180366228822  0.11265744072591267
  0.12319063164931825  0.13409402983576560  0.14514029889761224  0.15611913214023199
  0.16706254370490656  0.17772329098415549  0.18832347844908304  0.19869510054656697
  0.20901951535567725  0.21935157141251330  0.22943491990743142  0.23973386998754270
  0.25004740502084238  0.26048513463056105  0.27090710483233121  0.28127879985472043
  0.29172152525335077  0.30188341279356590  0.31203836922085743  0.32246209590521741
  0.33300747541462028  0.34373718768065631  0.35441333936778480  0.36517182549758170
  0.37568054723365218  0.38606169290218662  0.39664628518435302  0.40723347196601584
  0.41771538304998546  0.42781715971628825  0.43798329676356618  0.44823870329279825
  0.45848577096691795  0.46855034107317639  0.47861561268642716  0.48880615857809512
  0.49909592979811407  0.50944574312177138  0.51979360964144472  0.53038991032629523
  0.54109640857527330  0.55177736182450865  0.56242014769845805  0.57312928842671862
  0.58379686718988189  0.59441886029460766  0.60493631228195643  0.61571406381849991
  0.62666083395336492  0.63768530060000506  0.64864880466194552  0.65944928240512724
  0.67020075191422168  0.68115359075471094  0.69203994550784687  0.70289633896336856
  0.71372467877585510  0.72483938941304116  0.73588258022075936  0.74688205082224268
  0.75759450729971667  0.76818903187626186  0.77841190501995117  0.78859221039461347
  0.79871409312832842  0.80903245023919290  0.81945151499813951  0.83002683542718669
  0.84042802047580645  0.85093950217985814  0.86149131872095941  0.87219883629150308
  0.88282918346489114  0.89343781896986030  0.90412520725181877  0.91477277358587694
  0.92534146338586076  0.93585574079353551  0.94632911356838711  0.95691743811488117
  0.96750274337883146  0.97822758851324432  0.98901706928677813  1.00000000000000000
 -0.01704242022088765  0.09559679301638600  0.12969517067260788  0.15130504222352489
  0.16923190108726724  0.18463509804629105  0.19848722188652934  0.21114344314117495
  0.22289161880309219  0.23390589698822434  0.24430621401074043  0.25420660557171665
  0.26364901687020942  0.27274210802682425  0.28142768298474774  0.28988451586549385
  0.29804238786228998  0.30598450719816922  0.31374675875412722  0.32126070381264515
  0.32865963027541728  0.33587513928928842  0.34294136339194997  0.34991468567568929
  0.35675975798923981  0.36348201518266554  0.37012130077794264  0.37667562908752439
  0.38313631962610539  0.38952751078260561  0.39586646121206243  0.40210943189534232
  0.40829978172503945  0.41446465103772451  0.42054903069465677  0.42658957770911199
  0.43260513377278942  0.43858744026696422  0.44452211127727631  0.45043383259797926
  0.45632670148499904  0.46219187881543228  0.46803477036321289  0.47386631480309233
  0.47968634940566268  0.48549415358055137  0.49129276008331452  0.49708928343895703
  0.50288400904544650  0.50867991500467036  0.51447796719330952  0.52028512115951242
  0.52610441635628924  0.53193521127332699  0.53777721762111030  0.54364147321668677
  0.54953385287453749  0.55544465794443409  0.56137781569959833  0.56736047046318083
  0.57337705321093679  0.57941842676230015  0.58550536364992434  0.59166954910869785
  0.59786024663571646  0.60410496551188475  0.61044194716238986  0.61683294633780561
  0.62329381267817552  0.62984960014119340  0.63649098594178244  0.64321396073273096
  0.65005817822026712  0.65703306492617009  0.66410088995417882  0.67132123811601729
  0.67873085798379418  0.68624690887507489  0.69401400605905117  0.70195124658719987
  0.71010556337096309  0.71855684582359081  0.72723586906839932  0.73632510002002971
  0.74575262200730874  0.75564555144294587  0.76603712815733394  0.77705253895988979
  0.78880081536525737  0.80147233595628153  0.81533124993052042  0.83075761018404759
  0.84865872709261503  0.87014922403103889  0.90455937927845464  1.00000000000000000
   8.8833364446222097E-005  -1.0000000000000000     
 T F F T F F F F
  <DiscreteSampler_grid>
  grouped_processes
  1 # 1 for a reference and 2 for a running grid.
  10 # Attribute 'min_bin_probing_points' of the grid.
  1 # Attribute 'grid_mode' of the grid. 1=='default',2=='initialization'
  0.0000000000000000 # Attribute 'small_contrib_threshold' of the grid.
  0.5000000000000000 # Attribute 'damping_power' of the grid.
 # binID   n_entries weight   weight_sqr   abs_weight
    10   10   4.482794364313951E+006   2.009544531272491E+013   4.482794364313951E+006
  </DiscreteSampler_grid>
