  0.00003114778608409  0.00006349361423260  0.00008799391969526  0.00011494746817652
  0.00014169542716345  0.00016751230885528  0.00019236685753524  0.00021677049301177
  0.00024083720426333  0.00026408870289306  0.00028748721669160  0.00031130719229028
  0.00033543591136277  0.00035992300462459  0.00038483809461287  0.00041007210740526
  0.00043550335087508  0.00046158614604674  0.00048843485395211  0.00051606397655065
  0.00054447089627947  0.00057347064207709  0.00060345599166844  0.00063383464842595
  0.00066500512750046  0.00069705711789802  0.00073019228534873  0.00076413198203224
  0.00079865155179842  0.00083369500296762  0.00086924104732658  0.00090526539273539
  0.00094245583521923  0.00098119848314098  0.00102127656409493  0.00106264149332456
  0.00110475668777122  0.00114794453901062  0.00119245667271091  0.00123819574252465
  0.00128582415865776  0.00133527383978763  0.00138651723505866  0.00144001850587408
  0.00149581826325861  0.00155388318878751  0.00161569944724966  0.00167888267705883
  0.00174400643356111  0.00181178275553223  0.00188239415236920  0.00195627230432786
  0.00203360072794100  0.00211319983121277  0.00219716700433077  0.00228396145791869
  0.00237554457636740  0.00247255713810802  0.00257470086031643  0.00268267333029069
  0.00279441704506419  0.00291401764227534  0.00304214307076802  0.00317894421477879
  0.00332483761200968  0.00347663119246347  0.00363654231702467  0.00380945430972534
  0.00399466557473347  0.00419564773325284  0.00440949802236215  0.00463437712580096
  0.00487427213768265  0.00513300444666903  0.00541495172480658  0.00572631940294794
  0.00606663166525793  0.00644208927037734  0.00685772934051838  0.00734299365654339
  0.00788752227106558  0.00849933353833412  0.00917532785117326  0.00991534468492269
  0.01073860043722271  0.01171651448962814  0.01296267836714054  0.01455812530751463
  0.01636777305837604  0.01851648997802106  0.02123306423081718  0.02514404700478844
  0.03107020519692123  0.04264697159100684  0.72821385324497623  1.00000000000000000
 -0.00267655272016666  0.01015794767129417  0.02083956112862771  0.03158791984437039
  0.04230725057300509  0.05317722871630024  0.06421445647299696  0.07539708596441957
  0.08641362230412092  0.09726456797044063  0.10805615956193060  0.11875710812223664
  0.12938492487068312  0.13997258681900371  0.15054884904870722  0.16113311766025981
  0.17154062972036777  0.18183093381687399  0.19199066285112404  0.20213423671862957
  0.21230315524435020  0.22248915583924045  0.23264162364678556  0.24288668836134375
  0.25312863608005487  0.26331531206961239  0.27360485622654263  0.28401536962040347
  0.29451285078385236  0.30500584146551935  0.31554421335397487  0.32598652024407698
  0.33644013984711463  0.34672326264278058  0.35707741885381400  0.36738482060278849
  0.37801689562262208  0.38888321776077556  0.39978352993416150  0.41056395816705177
  0.42130121633454243  0.43209524967204532  0.44292810380572306  0.45378380729283002
  0.46446711018136588  0.47492047167319335  0.48533506822773353  0.49580151584958149
  0.50637720589083823  0.51705779102009908  0.52776489555004658  0.53845930827773569
  0.54913171684087247  0.55977257219039678  0.57026529594509345  0.58067653139267850
  0.59111413753739062  0.60176872240197776  0.61240003527441589  0.62302786041036051
  0.63353908252324431  0.64405111995098840  0.65446134945008538  0.66485124478532498
  0.67516984838813265  0.68551662940556979  0.69576684240013498  0.70601626087507607
  0.71646118521528646  0.72690288605952058  0.73741083092235049  0.74774779104916067
  0.75848722063893714  0.76925878859332042  0.77997127059338744  0.79087720775579173
  0.80123597390775236  0.81156576568665917  0.82168483848989737  0.83205256990978727
  0.84205903628462164  0.85198039606503573  0.86196426874790155  0.87202627588395554
  0.88217359089814418  0.89234686695498888  0.90276196216540816  0.91332292945406135
  0.92393428303139458  0.93490967341985021  0.94585133724243509  0.95667887892666781
  0.96738714708510254  0.97807088138639331  0.98898267196703726  1.00000000000000000
  0.00029561014107056  0.02256258937272113  0.04120108208034014  0.05649842828274274
  0.07004459399308703  0.08264810972987371  0.09475252607961551  0.10641159671037342
  0.11757175734067744  0.12823773696636895  0.13856980132171334  0.14854056659058942
  0.15814451957429307  0.16763698453627063  0.17702214440805869  0.18628051230875836
  0.19537940656163977  0.20435964433864051  0.21320215955987393  0.22193342613054615
  0.23041699310063385  0.23859372422613395  0.24662597881181320  0.25462779126027157
  0.26261307037229176  0.27057413280647769  0.27848564068798642  0.28634753033821125
  0.29418274721574933  0.30201338460201865  0.30981763396226858  0.31748082774069891
  0.32497258024666476  0.33240183335715195  0.33981265984006098  0.34732207122481074
  0.35484005184770645  0.36229374385433588  0.36969103205720083  0.37697073373950118
  0.38417102050399904  0.39138556216200521  0.39855775273592653  0.40564069954443654
  0.41264078961784634  0.41971350610841290  0.42688574194271978  0.43409647087702780
  0.44145256963554125  0.44897963250017564  0.45655550572336762  0.46413612275192567
  0.47180033873804345  0.47947303342535352  0.48696098603327576  0.49427024427097838
  0.50160650727926737  0.50909111195294987  0.51664477369642781  0.52427405089246581
  0.53191126444850700  0.53958304546539571  0.54735527075180801  0.55519607364527213
  0.56314060929234255  0.57114697369080447  0.57914942455806651  0.58711988148268124
  0.59502348621310608  0.60307666190647968  0.61127593511919964  0.61951324298485222
  0.62787279947154084  0.63631354757140501  0.64488199615171637  0.65372358657133567
  0.66272611995357622  0.67202026210959853  0.68160378212532657  0.69141874250729130
  0.70139360250822103  0.71169477979862639  0.72235095694744655  0.73326186831863249
  0.74439114672855833  0.75581244372792489  0.76762950776264216  0.78017012791247897
  0.79360201906351924  0.80814307241220318  0.82417963729491706  0.84205223553824216
  0.86238477421494031  0.88735733468651512  0.92284587801566276  1.00000000000000000
 -0.02016176859630366  0.12211523075048580  0.16045639063211134  0.18304244188903340
  0.20073452771634842  0.21570551343604419  0.22887720356819036  0.24088545254846905
  0.25195860274429893  0.26186483697906060  0.27142971432139157  0.28029246539219799
  0.28891165106531835  0.29688452810539356  0.30456018822024339  0.31210415563160138
  0.31935788537386928  0.32644748738462664  0.33330328869337322  0.33980082765198599
  0.34612899707864608  0.35235583879377158  0.35844703717747695  0.36448667367425264
  0.37050585324028640  0.37652073833196070  0.38238432925079457  0.38814973133947933
  0.39387589787220523  0.39960814878905448  0.40534638049414112  0.41101125875552269
  0.41657999430009079  0.42211583153293336  0.42760735986889459  0.43311491178903061
  0.43858528134917468  0.44401803399385020  0.44941839588128601  0.45482041611946905
  0.46021285797183575  0.46560220073098429  0.47100020919214963  0.47638468355159796
  0.48173756385649286  0.48705293183931125  0.49232327176123536  0.49756036951245070
  0.50281145530553495  0.50806276346134338  0.51334593954564978  0.51864705237259945
  0.52393712792853298  0.52926615264723809  0.53464927883493374  0.54004870297489715
  0.54542856887574276  0.55077243668616516  0.55607892220174837  0.56139448602470565
  0.56673713367690648  0.57218264972280719  0.57772602066987599  0.58327898366663611
  0.58880654821306755  0.59430329543182381  0.59982315245342288  0.60545866352397215
  0.61126167358294736  0.61720040033483325  0.62322734179477446  0.62933073941204964
  0.63548099022734283  0.64164558675853445  0.64789429571361334  0.65435119192599178
  0.66089375933217487  0.66754557710660611  0.67435109417041317  0.68128678137848497
  0.68843080659054112  0.69589088286502443  0.70355418605538700  0.71153724776954641
  0.72001492774598785  0.72864386172917794  0.73797516170521615  0.74775684969610989
  0.75857855947848973  0.77028874035264527  0.78336515867591328  0.79830632084542730
  0.81619700117886251  0.83936282833664766  0.87719448881366624  1.00000000000000000
  2.66339600115258620E-005  -1.0000000000000000     
 T T T T T T T T T T T T T T T T F F F F F F F F F F F F F F F F
  <DiscreteSampler_grid>
  grouped_processes
  1 # 1 for a reference and 2 for a running grid.
  10 # Attribute 'min_bin_probing_points' of the grid.
  1 # Attribute 'grid_mode' of the grid. 1=='default',2=='initialization'
  0.0000000000000000 # Attribute 'small_contrib_threshold' of the grid.
  0.5000000000000000 # Attribute 'damping_power' of the grid.
 # binID   n_entries weight   weight_sqr   abs_weight
    10   10   2.327696689586526E+008   1.353204163658279E+017   2.327696689586526E+008
    16   10   2.327696689586526E+008   1.353204163658279E+017   2.327696689586526E+008
  </DiscreteSampler_grid>
