 -0.00041629573794724  0.00249965506222019  0.00421865531873039  0.00610875463268936
  0.00840597260652136  0.01100397492100642  0.01390198299518805  0.01714525691111380
  0.02076376120723314  0.02464118814557741  0.02884099094256241  0.03328142954399665
  0.03797471132826218  0.04310067904120431  0.04854049219614940  0.05407715402541489
  0.05992922441795981  0.06613891590526856  0.07251262948103995  0.07902938688610034
  0.08572959920114578  0.09259945148554764  0.09973387840806504  0.10717089266085669
  0.11501935979656773  0.12291597662908665  0.13084801294880996  0.13907250608366029
  0.14765085749571133  0.15664396659099705  0.16583277092190593  0.17514805635067879
  0.18453079448922824  0.19397734618213411  0.20354377013380912  0.21325651077084370
  0.22331704293461166  0.23379777833595999  0.24445761898994833  0.25500746471393732
  0.26546477964128140  0.27594204220376822  0.28688956402638699  0.29799061908182306
  0.30946984638504393  0.32139185017908611  0.33353551790253699  0.34575303158437515
  0.35803354193373776  0.37054230216842454  0.38338465544087208  0.39639335807661186
  0.40936075031717090  0.42225877693917607  0.43530720121021549  0.44872937793203144
  0.46197449878243441  0.47520528413952795  0.48853471129412368  0.50203267750572989
  0.51590495914646040  0.52973615299197252  0.54336395882316768  0.55710386485483443
  0.57112581950390251  0.58510545009094728  0.59950315136336030  0.61379386981650219
  0.62832448721606948  0.64301977893860951  0.65769018554465297  0.67231288650178267
  0.68719211863685670  0.70219980908998358  0.71714030253153593  0.73191281199727209
  0.74655309087238408  0.76119433895691702  0.77604502160196132  0.79032088262578337
  0.80474441669037222  0.81903521872993790  0.83297433374326091  0.84653657962171225
  0.86011959287685169  0.87359321050218608  0.88694218361178001  0.90015153341108489
  0.91316131685574808  0.92592482008204324  0.93852797619299411  0.95109817897560489
  0.96343464504297038  0.97566223489442627  0.98786214117632076  1.00000000000000000
 -0.00251974116349208  0.00993228950892320  0.02038030767627484  0.03072635519769867
  0.04142700580708603  0.05187051736870176  0.06206283571446372  0.07182120815748440
  0.08163347808445837  0.09206972044137360  0.10268053949190858  0.11331739516005360
  0.12364247848032855  0.13461228147245935  0.14550329915075655  0.15670568975553073
  0.16779914526915105  0.17889683690333644  0.19002170474488758  0.20082854996366314
  0.21139733046071904  0.22211032678041090  0.23302605828305931  0.24437274964451994
  0.25537482139011725  0.26599284968838827  0.27647388816269819  0.28698971415266000
  0.29687913559591567  0.30644216524735329  0.31632615361207134  0.32618652910392554
  0.33592805198719955  0.34549681944317467  0.35542431383667428  0.36613433227860936
  0.37680363480419177  0.38724339380113199  0.39766302881501009  0.40793890671611022
  0.41802537655168459  0.42791438789460395  0.43814158936664699  0.44883796739197435
  0.45959320349602661  0.47035758583489307  0.48142077656329862  0.49265357372227297
  0.50367124151493670  0.51435330175196925  0.52487033922239024  0.53509602248038224
  0.54505199400206383  0.55497107563629100  0.56526051476985018  0.57611791781050581
  0.58689458419562079  0.59721745478201149  0.60711482282530516  0.61678512201042091
  0.62653925964523438  0.63646805172959997  0.64659599780987131  0.65707921524576851
  0.66770524628037664  0.67821713485192803  0.68857701177060404  0.69879870211417328
  0.70917524463025239  0.71995733968460252  0.73104295868054225  0.74222302921097960
  0.75295955610945842  0.76340322258802018  0.77386832156443242  0.78456434731742697
  0.79556869968109045  0.80666692120378924  0.81759099578694472  0.82839926052477575
  0.83879837076260177  0.84884704460017812  0.85905013792769302  0.86926857716042172
  0.87977461532215284  0.89087850199450280  0.90198711213734528  0.91339626527710849
  0.92446768288102410  0.93556336034183185  0.94661151103373131  0.95815846982414477
  0.96890683185301163  0.97995915955007973  0.98995694014458868  1.00000000000000000
  0.00127488312089393  0.01646098445870285  0.03029400739287245  0.04198731826117814
  0.05265141089297289  0.06253788388900261  0.07191444796882446  0.08093959027234393
  0.08987640134031905  0.09853180222495475  0.10701559298959903  0.11538767355502758
  0.12375638481398346  0.13207706541791700  0.14015294267131453  0.14812192517795131
  0.15576279815153557  0.16344429505337510  0.17084454905710611  0.17809915049311312
  0.18541049259139109  0.19269408134246580  0.20004798376765409  0.20756892976654032
  0.21499226219230416  0.22229640981087240  0.22946096987493908  0.23630089308984598
  0.24314983626846187  0.25007065104992582  0.25696681373674801  0.26399691793211028
  0.27107584211198432  0.27844893304711205  0.28579854908429991  0.29299823176249495
  0.30000380381009856  0.30707219624905080  0.31421456080327764  0.32155925781522215
  0.32888388531350821  0.33595150967629112  0.34287776435465694  0.34980147059274297
  0.35686152279052202  0.36416929650077934  0.37170758560233080  0.37926629792143951
  0.38665204602463588  0.39393632938297890  0.40121164673799237  0.40842285943831913
  0.41572943755766606  0.42326440262950515  0.43133738666080190  0.43927590634982222
  0.44702805855003758  0.45472092691113991  0.46250683564453188  0.47043854951344283
  0.47843129210716817  0.48643207982173753  0.49459054889862497  0.50292848851658445
  0.51147226116234912  0.52003726478602696  0.52883116210419923  0.53770083438928407
  0.54669965521987451  0.55576442105228530  0.56482998507953985  0.57396989294279832
  0.58325385720398759  0.59313259631042492  0.60327740319194467  0.61320473977359879
  0.62326109204290148  0.63316724652637957  0.64309725041743460  0.65389661365115392
  0.66553128763664293  0.67747056233043301  0.68912005060332360  0.70160486217586915
  0.71439849541663303  0.72796521086967159  0.74250763831159472  0.75828323362813044
  0.77445315178364427  0.79166757171392510  0.80970072527811321  0.82946300923340688
  0.85234105133424087  0.87989843974304749  0.91936817139059612  1.00000000000000000
 -0.02081374134325466  0.14598293574663518  0.19758837268161902  0.23013218258179982
  0.25560556474583951  0.27703451077541918  0.29545160747330207  0.31186028553078032
  0.32702983022154958  0.34149941590433758  0.35496626761042327  0.36721159837986311
  0.37847544795341309  0.38903163083719400  0.39921460266434167  0.40899122217388711
  0.41851613568153578  0.42779801062918776  0.43683250654928851  0.44549992065356719
  0.45395529786891659  0.46206550502673766  0.46978716413425159  0.47726587670000170
  0.48443871845046405  0.49128514963579595  0.49811776599511626  0.50462702257145176
  0.51112120784251125  0.51754243616122875  0.52384409716066460  0.53006216967282371
  0.53618710798698466  0.54216075531940100  0.54795373929586833  0.55359421354678795
  0.55917391544548922  0.56469564378281323  0.57017162370662799  0.57563454696719696
  0.58114714440928372  0.58647093305544640  0.59158222948684125  0.59663477987335256
  0.60161453275045207  0.60649063316496332  0.61129456259010928  0.61603137976957967
  0.62074101168648377  0.62548564322698197  0.63021257935835095  0.63498956063766410
  0.63987669538293512  0.64473676944739433  0.64953767120723016  0.65427301856275955
  0.65902726602019268  0.66382871551565603  0.66872925104625769  0.67372541458008894
  0.67869462485705601  0.68357229988673529  0.68842817232514264  0.69333500389638791
  0.69834796711086300  0.70345620259216601  0.70852452939593569  0.71363425875322462
  0.71864797745451936  0.72370859266973186  0.72885053419864598  0.73409220569911782
  0.73940657725950132  0.74469393397615591  0.74995747659502832  0.75531992815146509
  0.76080332992182254  0.76656678863123240  0.77256568434939754  0.77877586575334001
  0.78496674286690882  0.79113722990955615  0.79750288993520957  0.80409680024263119
  0.81100788963140402  0.81836482757325135  0.82603063716705760  0.83414510567417943
  0.84281407136913999  0.85212303590812155  0.86254464716438661  0.87435911857452842
  0.88836226975174470  0.90586751019000045  0.93300880878871462  1.00000000000000000
  1.34040618989185799E-005  -1.0000000000000000     
 T T T T F F F F F F F F T T T T T T T T F F F F F F F F T T T T
  <DiscreteSampler_grid>
  grouped_processes
  1 # 1 for a reference and 2 for a running grid.
  10 # Attribute 'min_bin_probing_points' of the grid.
  1 # Attribute 'grid_mode' of the grid. 1=='default',2=='initialization'
  0.0000000000000000 # Attribute 'small_contrib_threshold' of the grid.
  0.5000000000000000 # Attribute 'damping_power' of the grid.
 # binID   n_entries weight   weight_sqr   abs_weight
    10   10   2.486890243148549E+008   6.476382742268382E+016   2.486890243148549E+008
    11   10   2.486890243148549E+008   6.476382742268380E+016   2.486890243148549E+008
  </DiscreteSampler_grid>
