  0.00003462025971165  0.00004809231561025  0.00006891218169124  0.00008713058282570
  0.00010944084654324  0.00013307844373277  0.00015568226802407  0.00017861450336861
  0.00020215750498434  0.00022628890711231  0.00025072397753128  0.00027481955496122
  0.00030023370604274  0.00032636131139889  0.00035324122587669  0.00038145802693782
  0.00041068593464549  0.00044125137570883  0.00047370939701185  0.00050844239482673
  0.00054535550621952  0.00058338344127806  0.00062302815377208  0.00066441216232693
  0.00070665399243835  0.00074931905340017  0.00079320458482995  0.00083824151433254
  0.00088492005617395  0.00093328388815859  0.00098297871485306  0.00103508688505938
  0.00109049505494323  0.00114842618153847  0.00120800365773751  0.00126897682908066
  0.00133204931121163  0.00139832845357957  0.00146988859915254  0.00154482037470692
  0.00161927070912620  0.00169522946762718  0.00177601920955030  0.00185895110641250
  0.00194519299626930  0.00203565920309451  0.00212997451461388  0.00222522088714514
  0.00232310139445303  0.00242480337918795  0.00253124546221109  0.00264326640039730
  0.00276209119669670  0.00288774285774227  0.00302188952717976  0.00316024460337000
  0.00330188314266465  0.00344851835764859  0.00360577282568898  0.00377241612404436
  0.00394141813830681  0.00411907939585160  0.00430166283382595  0.00449422362849375
  0.00469894971912275  0.00490546194334566  0.00512018711254373  0.00534746423288866
  0.00559587523321326  0.00587249630624142  0.00616582122054564  0.00648903468598157
  0.00685955196989711  0.00726315084573942  0.00768123480039138  0.00810220604720486
  0.00856334505020353  0.00898979529062603  0.00951222620229436  0.01003654237188786
  0.01060478325759244  0.01120086191503710  0.01181319077527260  0.01244146509936031
  0.01312300622887641  0.01387397917103758  0.01468135319241190  0.01557943491684324
  0.01663869284352116  0.01787855918009775  0.01932018666724705  0.02163812400537113
  0.02591506883333864  0.03256119712834792  0.27008771285413280  1.00000000000000000
 -0.00206536550982428  0.01068518060671640  0.02159643274637358  0.03256221189415235
  0.04348934630975626  0.05461759457861060  0.06578858227528694  0.07726068131828988
  0.08848111717689038  0.09971046526734023  0.11068105114063291  0.12147026750125503
  0.13203858365820861  0.14247918456047637  0.15276616962964412  0.16280658226105862
  0.17280678976679623  0.18276072007544389  0.19286879807573909  0.20257149039935923
  0.21239194899176975  0.22219909425727297  0.23205621976826896  0.24227646174925427
  0.25283710572894930  0.26390683550796334  0.27463890926560508  0.28509193888045709
  0.29555602719817464  0.30621389822854456  0.31629506221169784  0.32626065704098062
  0.33692715972047343  0.34837610894255910  0.35921841191942755  0.36943934232948145
  0.37984331344117711  0.39045535441119245  0.40106638875617806  0.41123401235198215
  0.42153850768237611  0.43167048848689410  0.44182274514326819  0.45198959151883955
  0.46242431907002934  0.47305245618144726  0.48395173543688935  0.49577728734502191
  0.50712707464949713  0.51794339483044149  0.52852314405257395  0.53892217651012819
  0.54918981572547065  0.55916440016174385  0.56945043845931465  0.57981773961030703
  0.59000295750814924  0.60017069815028024  0.61108847531494159  0.62172439281346736
  0.63275334768164893  0.64333857091137026  0.65415845239888504  0.66475780414791508
  0.67516946694017754  0.68569468563376668  0.69565954732069790  0.70592224006412896
  0.71591882336029367  0.72614012150373319  0.73657509273028010  0.74784971264382116
  0.75868800408855031  0.76958314378647807  0.78049714120620972  0.79156769346053113
  0.80238819075184720  0.81288518627787776  0.82357929332572410  0.83448649292820964
  0.84544164951607070  0.85567581345751864  0.86520939083661397  0.87485394723739007
  0.88461608659585644  0.89468139064434393  0.90471948153073867  0.91474556077948865
  0.92524845322180638  0.93580240377099999  0.94726083900196822  0.95849078091875040
  0.96955556094063311  0.98006360414509230  0.99024745711261009  1.00000000000000000
  0.00133738098947550  0.01600162360799241  0.02954378861391637  0.04087530218074882
  0.05128453932743735  0.06110365284922613  0.07046467631684733  0.07934886999851308
  0.08780705602802716  0.09584248440170889  0.10381735926923318  0.11182425272539745
  0.11981776190379670  0.12776160157803815  0.13549422204407585  0.14311823468864990
  0.15060436747344541  0.15809417125501263  0.16545639359338174  0.17255286016447996
  0.17954556094545551  0.18662190933166903  0.19379801275059863  0.20097109543347152
  0.20804247709724433  0.21498183011150379  0.22174144937841181  0.22843361551275349
  0.23542384948700543  0.24250386518772010  0.24969237914142395  0.25693359762638751
  0.26434173094654190  0.27185339512087819  0.27935193006589909  0.28671231014737691
  0.29409861005927690  0.30153082947817589  0.30896283569093519  0.31635394550540102
  0.32370684280337975  0.33108190185951036  0.33835002089436650  0.34534259389465188
  0.35255284914403995  0.35946938731442957  0.36639879033086231  0.37339833483186724
  0.38037311242002414  0.38726870506719208  0.39412836446242000  0.40092458075424875
  0.40776437060237369  0.41467549148432975  0.42193853597184755  0.42934105854819976
  0.43686133945433203  0.44455669582717933  0.45228233223860964  0.45995030037353984
  0.46769527386472698  0.47568359681186939  0.48393279043375775  0.49226599798408155
  0.50059510715139022  0.50902043812228925  0.51750030821166437  0.52594774395411681
  0.53449755296851442  0.54320847338210621  0.55201640227087512  0.56079243536944190
  0.56992093832564028  0.57970373350678539  0.59006924642221559  0.60047026318123276
  0.61036253059474666  0.62014875225397104  0.63032731775717321  0.64088402322337479
  0.65167286464748664  0.66227515427066763  0.67306303441716286  0.68455721906145706
  0.69702981750169435  0.71038461202401992  0.72478278009654651  0.73936502669204274
  0.75533043869911753  0.77319857592050001  0.79240822930255106  0.81397124138975108
  0.83740935029237373  0.86399775168286541  0.90667031715015933  1.00000000000000000
 -0.02295058717686866  0.15317924083994813  0.20320223074207450  0.23582035325822315
  0.26114876062345921  0.28248379940256702  0.30180934329975201  0.31923951811577816
  0.33503579109602344  0.34969428181393775  0.36330534584877600  0.37637321831977233
  0.38833023307202158  0.39994024575294074  0.41046346048820842  0.42090692497033538
  0.43047202054232347  0.43985521089391977  0.44871197106741129  0.45738788190331425
  0.46575360542847016  0.47396152071166159  0.48192293134864916  0.48964782443198174
  0.49723176670888669  0.50443549344057392  0.51141410513649177  0.51824939154896832
  0.52458879641174860  0.53064206052752527  0.53656862815382300  0.54244150823039017
  0.54830048362327732  0.55420929480426595  0.56011058718437068  0.56596382452906857
  0.57154162378374740  0.57698986835184307  0.58233632488071008  0.58790013413041009
  0.59355800870761066  0.59913444900113089  0.60451848818287468  0.60970993289708864
  0.61484597003464314  0.62000669906090866  0.62524338604958640  0.63058889159111653
  0.63593597734684537  0.64127991791940453  0.64653029480640400  0.65166501693706291
  0.65677022001450269  0.66183572841439864  0.66686807654138180  0.67184377707870235
  0.67678605842490891  0.68175084345635428  0.68677493795989009  0.69191619524512560
  0.69700488984872122  0.70202475816812504  0.70703627873773178  0.71199524949467219
  0.71690584616338748  0.72180296095465657  0.72665161261591948  0.73144585170970522
  0.73630275668345480  0.74124077008421185  0.74621862845538534  0.75122059933839014
  0.75619163657128541  0.76111638340005738  0.76609223148418359  0.77126220073850615
  0.77667954937390959  0.78231531658657771  0.78806025669904578  0.79363480169291767
  0.79934577048231570  0.80521232582804381  0.81129681491202621  0.81761970407904216
  0.82415782342165289  0.83099590450408622  0.83811143654500575  0.84558942673894555
  0.85321302963771062  0.86212016210424558  0.87180704223509731  0.88293895033705050
  0.89572387227336792  0.91230857183101777  0.93750275918816806  1.00000000000000000
  5.07424995887924943E-009  -1.0000000000000000     
 T T T T F F F F F F F F T T T T T T T T F F F F F F F F T T T T
  <DiscreteSampler_grid>
  grouped_processes
  1 # 1 for a reference and 2 for a running grid.
  10 # Attribute 'min_bin_probing_points' of the grid.
  1 # Attribute 'grid_mode' of the grid. 1=='default',2=='initialization'
  0.0000000000000000 # Attribute 'small_contrib_threshold' of the grid.
  0.5000000000000000 # Attribute 'damping_power' of the grid.
 # binID   n_entries weight   weight_sqr   abs_weight
    16   10   5.485909000722480E+003   3.396491599829298E+007   5.485909000722480E+003
    17   10   5.485909000722481E+003   3.396491599829300E+007   5.485909000722481E+003
    19   10   5.051072509441948E+004   2.890427189676490E+009   5.051072509441948E+004
    20   10   5.051072509441948E+004   2.890427189676488E+009   5.051072509441948E+004
  </DiscreteSampler_grid>
