  0.00001714026652208  0.00004069192920750  0.00006596161938524  0.00009078120459939
  0.00011781438381317  0.00014465583730562  0.00017011551268369  0.00019444022411058
  0.00021815940230013  0.00024172216719471  0.00026366556480343  0.00028626219542551
  0.00030933307124787  0.00033267670910010  0.00035630145945451  0.00038035823884640
  0.00040477400048599  0.00042950001517206  0.00045485352885981  0.00048109800701159
  0.00050854023277028  0.00053689560870121  0.00056576693499629  0.00059509310968463
  0.00062486881746819  0.00065496026565065  0.00068608124193827  0.00071804626126434
  0.00075092630480757  0.00078438939410888  0.00081865297504009  0.00085369547297759
  0.00088961159556950  0.00092660076774262  0.00096484182096961  0.00100409396955898
  0.00104479994235253  0.00108655902272332  0.00112995161275072  0.00117525972343450
  0.00122128326141711  0.00126858369716126  0.00131752950947099  0.00136810811626444
  0.00142082546486236  0.00147556659405096  0.00153193485584790  0.00159203137689764
  0.00165481420859707  0.00172018372752473  0.00178904649526029  0.00186014583801860
  0.00193500209253261  0.00201289167332819  0.00209353362665108  0.00217682156945213
  0.00226246967167378  0.00235087322885178  0.00244374339798648  0.00254016703900503
  0.00264566221272344  0.00275668932228649  0.00287538320617980  0.00300241570212162
  0.00313732942013754  0.00328085209443958  0.00343295994949008  0.00359204885742152
  0.00375977232109677  0.00393640672399664  0.00412396196144958  0.00432845276577303
  0.00454848740593162  0.00478961215015634  0.00505904082813587  0.00534829048941055
  0.00565632629973606  0.00599097521443363  0.00635060372775024  0.00674717381131044
  0.00718901146894396  0.00768486298291706  0.00823816447961806  0.00886645698257142
  0.00957958059985045  0.01039266617127074  0.01135234254190227  0.01247087009821378
  0.01380626946279309  0.01541166272378294  0.01752360945631532  0.02020277346562417
  0.02383698365833458  0.03029584466977291  0.69211638859113234  1.00000000000000000
 -0.00235273468063561  0.00934371455944892  0.01923795011889428  0.02961274155508403
  0.04005006334450863  0.05063692074782643  0.06094657343818017  0.07141794748106395
  0.08193527364552952  0.09272331970477210  0.10341559498726685  0.11431081429663525
  0.12499237347958037  0.13597385529803119  0.14680115500274321  0.15760038108232330
  0.16846552473810986  0.17913939958933728  0.18988980092733140  0.20039718277716914
  0.21103295892871854  0.22164585251865823  0.23251823086712975  0.24359336365589859
  0.25466978807830676  0.26577622836670178  0.27639971034066235  0.28687809695111921
  0.29724555679123776  0.30784597536878971  0.31830551026504122  0.32861173685355549
  0.33896694044167985  0.34945289848275091  0.35983907228911588  0.37009013245521993
  0.38018668613761003  0.39041317763022648  0.40094388990517843  0.41185576653402656
  0.42245831988807631  0.43284139146157297  0.44328053884300705  0.45395342333106781
  0.46447668985293611  0.47505715442673585  0.48581423533966051  0.49641009848017698
  0.50678608479489284  0.51707179977628903  0.52754823108719040  0.53793465208848357
  0.54827141644423949  0.55863831400200825  0.56900765362269934  0.57930491154188102
  0.58943151697140150  0.59968933787723866  0.61012575623038734  0.62089778095980186
  0.63167609182461470  0.64247509271325964  0.65322408409820076  0.66394861724361454
  0.67457428810611586  0.68503209221435191  0.69551965147693595  0.70601797035451075
  0.71654930313971110  0.72705894279697514  0.73747754781364094  0.74783675665538507
  0.75809946872970446  0.76836952893354449  0.77873971024707078  0.78921340591255462
  0.79975032891910247  0.81033895268647860  0.82066315390074662  0.83092884685765667
  0.84129021545850768  0.85165278741936945  0.86202556006262843  0.87240117850328436
  0.88311362920903147  0.89375130753058973  0.90412016250018734  0.91429572368747158
  0.92471079973525050  0.93526166620242057  0.94602076414560221  0.95689175482606903
  0.96770040306469884  0.97864474053178419  0.98923787166056409  1.00000000000000000
  0.00020305665312423  0.02295984070922950  0.04158912644321697  0.05694379782710825
  0.07076976252805428  0.08366838903403093  0.09577704143838463  0.10718500850446408
  0.11808230674617959  0.12865977478594898  0.13901478398019040  0.14905223548702951
  0.15873236506716232  0.16820264450306235  0.17744600534112359  0.18647353938937791
  0.19534057743874758  0.20422212488380992  0.21302239704512477  0.22174014256790453
  0.23026641041075219  0.23863024141457698  0.24695224793854062  0.25518460375936236
  0.26327422687842200  0.27121557643469535  0.27901307630746824  0.28673255975112094
  0.29442449871785797  0.30206073649403381  0.30968668086756018  0.31731718092330341
  0.32500985949817141  0.33253448452016676  0.34006440075800004  0.34753639293960131
  0.35510563859079686  0.36277696073019133  0.37040974963579137  0.37794631961331976
  0.38543408516835120  0.39285961293513411  0.40034823175004486  0.40782600720534018
  0.41526060196511677  0.42269899621783186  0.43013048477927907  0.43761428399849711
  0.44511930361229923  0.45257346115583208  0.46002636703835187  0.46735484814314254
  0.47461349938030239  0.48191845830828856  0.48914010859441398  0.49644373747544429
  0.50381757256332071  0.51132956523598960  0.51890831073743982  0.52654340615200201
  0.53424790661122368  0.54196506521012922  0.54966290148589514  0.55732282955776535
  0.56497160696984228  0.57267676048226535  0.58044361735901884  0.58831793454762538
  0.59631738588240046  0.60439431539062716  0.61270903084961670  0.62111241147343588
  0.62985350079283708  0.63883039264843655  0.64793567593772472  0.65704772473661022
  0.66627074625766936  0.67587031876174486  0.68566447282048182  0.69546986571709934
  0.70522885185843620  0.71524741946269155  0.72574565647398337  0.73658984193804222
  0.74771295294089357  0.75901478766603081  0.77081126743119410  0.78346563573136052
  0.79684643761322138  0.81138661231838582  0.82749903876773934  0.84496927509968067
  0.86447709049714627  0.88865661116554728  0.92413664111723781  1.00000000000000000
 -0.02097265856323274  0.12218551941238856  0.16025670657742319  0.18285757704549715
  0.20037249484811706  0.21506054245466016  0.22821019768443343  0.23999810184319545
  0.25094448064948355  0.26091086759461180  0.27042937566218461  0.27942570233961284
  0.28807507776330538  0.29630813922376492  0.30415134313867892  0.31180565495693291
  0.31905467365292084  0.32615398394290751  0.33311080404525767  0.33985884179037423
  0.34652119373324547  0.35305066512706251  0.35934371117244179  0.36552905208131697
  0.37167824103962416  0.37770662993016063  0.38360777012443598  0.38944072454979950
  0.39522270706750784  0.40094765217277450  0.40662215333653406  0.41224565370641364
  0.41781309734350774  0.42334844975947583  0.42889855791647957  0.43448223444260586
  0.43994120961545324  0.44534383097468799  0.45070017985849020  0.45605617392345277
  0.46141269686032732  0.46672870874987260  0.47198842584813699  0.47722796813710716
  0.48248507687241715  0.48774845932832678  0.49299111647279720  0.49823979714753408
  0.50345032813575874  0.50874265011279485  0.51401959720106927  0.51926822718813570
  0.52445042720767243  0.52959752495453449  0.53476288742606759  0.53995961674722426
  0.54516808459399357  0.55037334555506301  0.55558146143270160  0.56081456875062752
  0.56608004285397207  0.57139300157470596  0.57682316792331867  0.58225843807500455
  0.58783949539924163  0.59342134062574603  0.59899068480995254  0.60463374936440506
  0.61039687838139611  0.61625839520098791  0.62213948648157746  0.62806385501811934
  0.63408614107985251  0.64014833315858599  0.64633955672211485  0.65267752348909025
  0.65909720536443261  0.66563082758667558  0.67239840820635743  0.67943115377842567
  0.68666482948347773  0.69433018967064253  0.70221626284431560  0.71030908780764856
  0.71895873574187863  0.72775541066744753  0.73745150942180060  0.74766217970785487
  0.75877178943923484  0.77063462394115601  0.78370438065931181  0.79851933536023267
  0.81653212824101673  0.84022889935166944  0.87891061693551475  1.00000000000000000
  2.65772855986826765E-005  -1.0000000000000000     
 T T T T T T T T T T T T T T T T F F F F F F F F F F F F F F F F
  <DiscreteSampler_grid>
  grouped_processes
  1 # 1 for a reference and 2 for a running grid.
  10 # Attribute 'min_bin_probing_points' of the grid.
  1 # Attribute 'grid_mode' of the grid. 1=='default',2=='initialization'
  0.0000000000000000 # Attribute 'small_contrib_threshold' of the grid.
  0.5000000000000000 # Attribute 'damping_power' of the grid.
 # binID   n_entries weight   weight_sqr   abs_weight
    10   10   3.673999636880035E+008   3.619908113004906E+017   3.673999636880035E+008
    16   10   3.673999636880034E+008   3.619908113004906E+017   3.673999636880034E+008
  </DiscreteSampler_grid>
