  0.00003998713592777  0.00006275086615201  0.00008185840065297  0.00011118271974729
  0.00014029964719712  0.00016885490215472  0.00019675909072238  0.00022364228627006
  0.00024718331340974  0.00027050346212340  0.00029434630053115  0.00031863049776080
  0.00034313326704904  0.00036778536444781  0.00039267077775895  0.00041839069869111
  0.00044472937523176  0.00047152920748288  0.00049865908201027  0.00052614912190154
  0.00055418143380302  0.00058284918870129  0.00061219577875537  0.00064260117234610
  0.00067329117761825  0.00070463322444601  0.00073661095677621  0.00076942405396552
  0.00080353211620231  0.00083883604181047  0.00087522470243243  0.00091299387986076
  0.00095140673730670  0.00099027208918403  0.00102974956114968  0.00107038621000913
  0.00111230349105463  0.00115548241585036  0.00120027559297064  0.00124710567461713
  0.00129522796506451  0.00134538714616173  0.00139675736829244  0.00145072406604365
  0.00150679937039746  0.00156533025449167  0.00162745707563382  0.00169005280386564
  0.00175557685781934  0.00182246935418483  0.00189295470382017  0.00196625520486819
  0.00204213172865703  0.00212188953038342  0.00220558994183787  0.00229281334406761
  0.00238477582524926  0.00247908195278787  0.00258106059418093  0.00268651008173559
  0.00279985060219671  0.00291828801530868  0.00304304986947682  0.00317646997427191
  0.00331874455178546  0.00347161756784484  0.00363418115012474  0.00380585769139816
  0.00399126815946355  0.00418196215491256  0.00438542160951085  0.00460842332131659
  0.00485059614848817  0.00512502197122083  0.00542307564991894  0.00574005997355857
  0.00608254556443343  0.00646494490489780  0.00688750796978988  0.00736199430911949
  0.00789615031690260  0.00849357431944445  0.00913892333597720  0.00983984759196141
  0.01065019050073198  0.01166040791869426  0.01295078815306303  0.01454497115081090
  0.01641307263056803  0.01881290262715854  0.02180008014891189  0.02635305274057799
  0.03319857986740594  0.04347062687199863  0.51924732259862894  1.00000000000000000
 -0.00245773308001704  0.00962837851292142  0.01990388163809489  0.03036827421362378
  0.04104685837763684  0.05133237925158491  0.06178698834888674  0.07208666339790040
  0.08258843836703869  0.09302061009500058  0.10351695925820635  0.11401676789105156
  0.12442772689363590  0.13492989086548421  0.14557200317405294  0.15608946281490749
  0.16672474885451868  0.17768415782575336  0.18875868607716118  0.19948301141843178
  0.21021839732233838  0.22099767752210644  0.23172007978384138  0.24239472425001099
  0.25318959192917523  0.26379916741262549  0.27431953579219509  0.28465210607471442
  0.29514228300764300  0.30576451975039670  0.31650429519390327  0.32712965750814266
  0.33760578022788573  0.34813072793340638  0.35832337425105448  0.36848916726768988
  0.37863410758034172  0.38936356452323384  0.39985754353296199  0.41030702817888665
  0.42066570540538134  0.43122477770448064  0.44151066351498380  0.45158741691590348
  0.46176844145718460  0.47231484358814513  0.48278552442702383  0.49302783115361681
  0.50320606635196397  0.51355675242360477  0.52396667008593689  0.53444792669619301
  0.54484988251556121  0.55517608325454770  0.56547789583484809  0.57587330600308828
  0.58624913803055301  0.59675622700160058  0.60744137953944066  0.61825040130249109
  0.62895217892031774  0.63940396615852790  0.64972780568768318  0.65987443588898731
  0.67012268521800422  0.68041659413401623  0.69057864292505644  0.70069682342026518
  0.71093798703984568  0.72140723285902231  0.73188594814741115  0.74256839061034463
  0.75328926463116952  0.76408688412747272  0.77484910802005069  0.78566085337465486
  0.79648761566505299  0.80721195860806849  0.81787356100219566  0.82843857424642442
  0.83900299385565758  0.84982730940320828  0.86083187738016265  0.87199750493139694
  0.88291533625616248  0.89394718777748050  0.90488366544017074  0.91609844936786866
  0.92688213545875253  0.93738817107310013  0.94768398901561535  0.95779419504479080
  0.96832310718953785  0.97884352800480379  0.98958171496396807  1.00000000000000000
  0.00009138880252472  0.02296211499632160  0.04151439745276980  0.05668291704491100
  0.07038996527779844  0.08328450414742748  0.09554131571767116  0.10710984076594551
  0.11812237043048435  0.12865159422506681  0.13894942665394613  0.14901654957013313
  0.15885099337327591  0.16837323792029762  0.17758109096893315  0.18658605106168166
  0.19541042657360189  0.20414717235002183  0.21282058843224932  0.22145270725700603
  0.22994151301787366  0.23826881670042907  0.24651161169288399  0.25467060258744928
  0.26275907531575715  0.27081406548790588  0.27877418146146699  0.28663074349465584
  0.29439795001112290  0.30197306168589849  0.30955768267963901  0.31715591909311280
  0.32474888119245415  0.33235227261738176  0.34007232233633811  0.34778392199351876
  0.35545789719905663  0.36312504587266670  0.37076405310059135  0.37835513172888391
  0.38585383259674394  0.39336535415932633  0.40075418361389825  0.40802704212374374
  0.41528795224225878  0.42252417885854721  0.42973094295473541  0.43690812921408423
  0.44403572924245932  0.45115898493027656  0.45833931403151223  0.46567561710112959
  0.47313516658314136  0.48066396628963154  0.48815145257585069  0.49580176115316776
  0.50347201176436729  0.51113231998302688  0.51881676994232884  0.52647343579694372
  0.53409546326380375  0.54163599208590274  0.54919395051816289  0.55686353718247050
  0.56468040045759782  0.57263570183477019  0.58065340673515353  0.58875685914389175
  0.59701484869925903  0.60533709384887313  0.61399158511801799  0.62265143645830912
  0.63135216047731701  0.64017659958080242  0.64930600595184418  0.65838403277191371
  0.66740534634075876  0.67642971736536317  0.68561175155547804  0.69519592731320567
  0.70497138579574103  0.71509080075546405  0.72566640293391982  0.73696697005555400
  0.74875248000542582  0.76067194326129461  0.77283067828394736  0.78557802251823283
  0.79907985722842123  0.81360889074401765  0.82933085035543175  0.84633344767727547
  0.86578161696264333  0.89014305998057330  0.92494233847442409  1.00000000000000000
 -0.02039345162262247  0.12140114981926509  0.15947117606766820  0.18249353875573307
  0.20044462921112988  0.21562074382737934  0.22891714994416354  0.24070085454459392
  0.25149398193670625  0.26131271578934862  0.27075737593162313  0.27951390246979030
  0.28799833578820627  0.29609718092740550  0.30384177596033962  0.31136518527932078
  0.31864392898383070  0.32575118905433814  0.33270810070732665  0.33941199550618822
  0.34595466138922232  0.35240632326718196  0.35875392834269287  0.36508495191264911
  0.37134140292086931  0.37749471976529547  0.38356964695325363  0.38960614317557363
  0.39561169871906238  0.40154458198874676  0.40736629564523291  0.41308206721323265
  0.41868440567205117  0.42413140229702928  0.42957860173835027  0.43498136732029080
  0.44031452660599607  0.44554804948615723  0.45079754203214800  0.45604956749654579
  0.46128093647792706  0.46647022056252363  0.47162402402000153  0.47676999637926482
  0.48190838132425595  0.48706398717123345  0.49222050101878162  0.49738029452228089
  0.50253830039449809  0.50765476154167155  0.51276638013129638  0.51790660183298176
  0.52310611286404995  0.52837814423584251  0.53368393311843820  0.53900261128102556
  0.54436877098833458  0.54978516873908212  0.55518323840374673  0.56056954365386003
  0.56604774749690046  0.57162742078303597  0.57721519448816205  0.58273673268130854
  0.58835559887336675  0.59398905633230858  0.59966726194357622  0.60546838738171849
  0.61139970222317541  0.61740359710671433  0.62343589418634671  0.62949426113634577
  0.63561259291439143  0.64181683721672700  0.64816668816404222  0.65463983671201365
  0.66121977537038301  0.66794409472349758  0.67479428336637237  0.68183613621318073
  0.68910339112600771  0.69684337672312990  0.70463294909410512  0.71270212034124447
  0.72119368464389622  0.73010886516729523  0.73991706905858590  0.74992372420263109
  0.76083956759285998  0.77242012722053544  0.78547694980953164  0.80011543114313044
  0.81768711739757838  0.84065210677720914  0.87867679254485809  1.00000000000000000
  2.71873172309654132E-005  -1.0000000000000000     
 T T T T T T T T T T T T T T T T F F F F F F F F F F F F F F F F
  <DiscreteSampler_grid>
  grouped_processes
  1 # 1 for a reference and 2 for a running grid.
  10 # Attribute 'min_bin_probing_points' of the grid.
  1 # Attribute 'grid_mode' of the grid. 1=='default',2=='initialization'
  0.0000000000000000 # Attribute 'small_contrib_threshold' of the grid.
  0.5000000000000000 # Attribute 'damping_power' of the grid.
 # binID   n_entries weight   weight_sqr   abs_weight
    10   10   1.660264187100677E+008   6.162273544081828E+016   1.660264187100677E+008
    16   10   1.660264187100677E+008   6.162273544081829E+016   1.660264187100677E+008
  </DiscreteSampler_grid>
