  0.00956304896686147  0.01556356479185898  0.02482402156728481  0.03564144752373682
  0.04604673129040683  0.05650059951539039  0.06689552813696993  0.07724068372515799
  0.08755890583375674  0.09789967066162766  0.10828161901445153  0.11863183846906789
  0.12900922026100251  0.13938602241922557  0.14976012384645343  0.16012311304912297
  0.17042087313525936  0.18073503249293732  0.19104973874143863  0.20141326110273239
  0.21177580611606492  0.22213239255130904  0.23252942284073760  0.24292645835149959
  0.25328590908625975  0.26354762031358075  0.27383681182321812  0.28414177525068546
  0.29454312263903981  0.30491657969569380  0.31528021687300972  0.32560523256915430
  0.33599595366523510  0.34643514082727034  0.35689704916663090  0.36730525040464790
  0.37771244016846472  0.38814684813267708  0.39857179436287327  0.40897051314230454
  0.41937317233001986  0.42983352845442485  0.44030965394137089  0.45076079767841437
  0.46116292783138307  0.47156318761827154  0.48199496826698396  0.49250347066467481
  0.50300861814910480  0.51347269906618431  0.52387027372613282  0.53425795391928177
  0.54462761459033104  0.55497785623424178  0.56535501223828455  0.57574881027862379
  0.58612659514679943  0.59650437130991840  0.60689634879193644  0.61730638875301347
  0.62770606648403360  0.63811051295163435  0.64854245617471762  0.65895989096239505
  0.66932924806111793  0.67965455664492358  0.68998821766370566  0.70035479402624523
  0.71073349445822009  0.72106275009334730  0.73134148946517297  0.74159438056018845
  0.75185965295444690  0.76215609134021856  0.77248179149219243  0.78284357438188668
  0.79318461357864878  0.80356055867619780  0.81396920831839026  0.82444729354990320
  0.83492323701220694  0.84535357301748149  0.85572547805922450  0.86609680042460258
  0.87648495175865315  0.88685683933438297  0.89726301394174368  0.90767056847438909
  0.91812086479791766  0.92852595731781418  0.93889522402718284  0.94926670980265915
  0.95964434689155820  0.97006636662841750  0.98047616052835340  1.00000000000000000
  0.00952007273165275  0.01580403030766031  0.02492862110137561  0.03569442400422117
  0.04606638639496603  0.05644870953639244  0.06680414085485281  0.07716170536758703
  0.08752052772374835  0.09795111472515829  0.10841510616682791  0.11888978822257479
  0.12938323878897642  0.13980622858775929  0.15023003506833102  0.16059704129291469
  0.17095276685791724  0.18127255759003438  0.19154731184236717  0.20179678250310085
  0.21205892062364592  0.22241206777480393  0.23278700004724576  0.24319938179871950
  0.25362531075813960  0.26410431909224064  0.27455340517362159  0.28494627828472546
  0.29529887023696089  0.30564583746654866  0.31603724676015227  0.32645256113808113
  0.33683835433671167  0.34722409336953874  0.35762705534050265  0.36808815262503364
  0.37852040514899066  0.38892712390555334  0.39931447217177518  0.40970748825742626
  0.42011517193405395  0.43054451244745673  0.44097750159004656  0.45138296762771191
  0.46172732232971092  0.47201271774938214  0.48230383810918914  0.49266610773974834
  0.50311505996153671  0.51357841127630743  0.52398549963179331  0.53434856262998520
  0.54471273587694158  0.55510258073223562  0.56550113323950968  0.57586310341725278
  0.58618416297902454  0.59647739721542725  0.60677372092635284  0.61711754582611122
  0.62750111358072902  0.63790797071501393  0.64830116811240635  0.65869497021463030
  0.66912593232677997  0.67960059357323244  0.69008605132790546  0.70047985537024060
  0.71081377918456690  0.72114642623957737  0.73152611697784864  0.74193872230506941
  0.75232424268450659  0.76273565005255928  0.77316863965447535  0.78359091398294967
  0.79397072827067272  0.80430999809235382  0.81470032920703339  0.82510800234698289
  0.83548892974461386  0.84577330103763593  0.85608192520699466  0.86642440229895290
  0.87681644441823692  0.88717775088896200  0.89755224900200481  0.90795803952866583
  0.91831576145333671  0.92869108546460843  0.93901462957877158  0.94941906077816962
  0.95978897587400425  0.97016916342297077  0.98052403232087071  1.00000000000000000
  0.00957228402085738  0.01545353981118075  0.02469514762235367  0.03552502449281902
  0.04590428089331296  0.05625554787504362  0.06656809477318644  0.07687244385629109
  0.08718748153461604  0.09751966641378454  0.10793182036258808  0.11835319392380472
  0.12874678959648669  0.13911261346208742  0.14949782065671119  0.15990401042703836
  0.17023806042037318  0.18058863072472467  0.19094062756152735  0.20134070373296692
  0.21173964326218961  0.22215951903033276  0.23258099008137431  0.24299808483373217
  0.25339645206208544  0.26386514221079144  0.27432758721050354  0.28478046348028357
  0.29516871896360725  0.30553337518726204  0.31591390781451700  0.32630536892336526
  0.33671220935610852  0.34710935377165331  0.35753200608078772  0.36794219197212291
  0.37834818339489862  0.38870918710836921  0.39904622208988227  0.40937497625241714
  0.41974852646580824  0.43014864135596220  0.44055420521944816  0.45089530101660652
  0.46120316584805976  0.47149855573770239  0.48178820084125695  0.49209717087295879
  0.50244010949769280  0.51285062140487181  0.52331156395202139  0.53377160672101964
  0.54421249302371633  0.55463216851748809  0.56507178808674607  0.57552637450727251
  0.58595136828249483  0.59636247835677880  0.60677404972270321  0.61718911780512309
  0.62756695932562911  0.63790606708194497  0.64825212877509564  0.65859025979188257
  0.66895930179111274  0.67934860735823899  0.68976026285151326  0.70015060362442749
  0.71052384874714536  0.72093536100966682  0.73135812518179089  0.74181567685330196
  0.75223209206943953  0.76266398172362138  0.77306452840640438  0.78348830864901231
  0.79390735295204229  0.80431717745340614  0.81472767363885190  0.82513364009750589
  0.83552101277636326  0.84593626050244408  0.85632676375192218  0.86672489960300403
  0.87704274521709935  0.88737769238665709  0.89775796408809827  0.90821932506790048
  0.91864975918854275  0.92902123897339062  0.93937003475157888  0.94974113128683424
  0.96014139263897491  0.97045163576355065  0.98071980768035927  1.00000000000000000
  0.00954698660079691  0.01554886742945585  0.02482679573847603  0.03564025732613382
  0.04600760987790001  0.05642459355057002  0.06684364259469677  0.07726862572763050
  0.08768292596615826  0.09813088372877961  0.10863172011659526  0.11913194985235603
  0.12959911057012447  0.14003066637646960  0.15048322668541053  0.16088868896194231
  0.17128949419480524  0.18167011710699724  0.19209624687996951  0.20251552104589260
  0.21289939807964428  0.22322667120092626  0.23355276393686816  0.24389435874692322
  0.25426250489943786  0.26462908076775021  0.27500329765803772  0.28538472714632701
  0.29576418765536350  0.30613254243160437  0.31652328683662240  0.32694570591202093
  0.33740456045017397  0.34782266972967485  0.35821121873055817  0.36856794964339701
  0.37894004515047613  0.38930748226616962  0.39971489100507118  0.41013227111624689
  0.42060079626606994  0.43102631833659272  0.44145510918621284  0.45189312470425247
  0.46232145918822914  0.47270262153873288  0.48302980979984816  0.49336507360601772
  0.50375773027275694  0.51417875324593476  0.52459472043483035  0.53498502081834809
  0.54536355277630888  0.55571696344454802  0.56601687092545083  0.57628745975080697
  0.58656766233815150  0.59687163677613331  0.60717326004996308  0.61749100680246227
  0.62783753293130773  0.63818065577517391  0.64849973685044737  0.65879435637266315
  0.66912268944530828  0.67951887814241263  0.68996579855203621  0.70038285759691632
  0.71073036914443932  0.72108593763239603  0.73145991811218003  0.74188139303066691
  0.75225471724434978  0.76257897134509844  0.77287221598595390  0.78313093064705797
  0.79342726625999604  0.80377816450748829  0.81416124858207017  0.82456897455895939
  0.83492776435523353  0.84529937925628351  0.85568001242658875  0.86612598605351110
  0.87661172601590243  0.88704141872591213  0.89743355277302161  0.90778311376866416
  0.91819811964176912  0.92855909566472217  0.93890288776221009  0.94920259139626151
  0.95954399145439695  0.96996736918819193  0.98037451447689883  1.00000000000000000
 -0.00237392671572483  0.00935115234599648  0.01944331144841673  0.02981401228129692
  0.04031587659594664  0.05084033064003940  0.06141573571145880  0.07199535436146505
  0.08254033067996658  0.09308449041761246  0.10357949351588414  0.11410584205538382
  0.12465371974079617  0.13521336367199219  0.14575707228698867  0.15630954344510087
  0.16681358813371894  0.17729777995526358  0.18778081373385302  0.19831592446309704
  0.20892041363476696  0.21951495500858720  0.23017214059124091  0.24076088375680721
  0.25136731083360953  0.26190598270839993  0.27244071418251892  0.28297021721112670
  0.29350200872934928  0.30401430169030286  0.31449000701504881  0.32494532566904361
  0.33546075859194102  0.34595744833177466  0.35648280557213580  0.36692751416436675
  0.37744654600772803  0.38794775028604056  0.39845876231970945  0.40893236152393742
  0.41944373906251053  0.43000553071929265  0.44054576032666909  0.45106691654507070
  0.46156182078820662  0.47209893069812409  0.48265695075536436  0.49322350671002524
  0.50374223441718025  0.51428765851163094  0.52486935843647331  0.53548669644938696
  0.54607630659393869  0.55666697487525207  0.56723857077940387  0.57779787632716140
  0.58839157741609571  0.59902994246336594  0.60966815414461906  0.62025811894800675
  0.63082325528331518  0.64140799627372336  0.65199457467787192  0.66261310803427032
  0.67310832806674270  0.68360360482280669  0.69404269811152397  0.70456217670452448
  0.71502207040282229  0.72549420328910930  0.73594897432377093  0.74648379077463167
  0.75701926100031169  0.76759056241097223  0.77809895971002307  0.78860331164156938
  0.79910055512494993  0.80966818613382963  0.82024320423079755  0.83088790083771258
  0.84149544462308246  0.85209135356590482  0.86263584497644941  0.87312190298223091
  0.88364092325449317  0.89414986858027345  0.90470869592744374  0.91533435771707272
  0.92592572062209355  0.93656872897434496  0.94713754962803376  0.95774109098836147
  0.96829334623391039  0.97886119620531442  0.98943288810121077  1.00000000000000000
 -0.00243855127633817  0.00968185003209468  0.01987828197255509  0.03033262948783566
  0.04081455332923707  0.05133224770567705  0.06186211408637424  0.07233926678951721
  0.08283163068530155  0.09331656495742406  0.10383473939703637  0.11433347748836213
  0.12487233351699070  0.13544173521157149  0.14604935448275230  0.15657850516329536
  0.16713093405752355  0.17763049965591049  0.18821531866188346  0.19878197774933276
  0.20942312472391419  0.22008206032358674  0.23070534207808696  0.24128233573375099
  0.25185777387821628  0.26245099376898762  0.27298478173347757  0.28349801083185111
  0.29400016634905674  0.30457472475541031  0.31513808754858741  0.32575267166389621
  0.33633659882402267  0.34687262312901923  0.35735325742527480  0.36784062031628401
  0.37830934952161649  0.38881942302071115  0.39928289984132048  0.40984762433652328
  0.42047663770922311  0.43113575146048805  0.44177329291410566  0.45228347209315012
  0.46280461082164259  0.47328228476266793  0.48379207260882767  0.49429075713027260
  0.50481887460327513  0.51537722887917115  0.52594759661905632  0.53654286459737111
  0.54708971219094116  0.55766062837678887  0.56817539108637150  0.57871298450737463
  0.58922499878154755  0.59978702423971741  0.61030418942262599  0.62084046152052252
  0.63142190971045087  0.64199677698478419  0.65261611692087806  0.66315891583171382
  0.67384621906779296  0.68445641612097829  0.69507356539420617  0.70565731250860797
  0.71617721276601920  0.72669623212687795  0.73717287573237800  0.74768958131613916
  0.75820493051522431  0.76875551681621368  0.77925258928018548  0.78977839619304713
  0.80021055519504847  0.81068534769141820  0.82109092791758476  0.83154646648340658
  0.84202113415951518  0.85252976643508094  0.86304393428792414  0.87360115085325707
  0.88416502242393902  0.89478084599779883  0.90538715078794119  0.91601491688202663
  0.92663775117456293  0.93727626351645987  0.94787311436782196  0.95842304853339388
  0.96886579055025390  0.97928513566376740  0.98965703134171001  1.00000000000000000
 -0.00245285613781684  0.00953626287764011  0.01973923758725933  0.03023570883481412
  0.04079570795567728  0.05132414610051084  0.06191656500919201  0.07250166682466042
  0.08307133754546077  0.09367098043452640  0.10419758651089285  0.11475924928662484
  0.12522816376757848  0.13574650917866704  0.14629880427416064  0.15683318537807608
  0.16733647493659354  0.17786052750201176  0.18842543962884584  0.19896598089371229
  0.20952177256242258  0.22009364671704967  0.23073798424820846  0.24133551384251700
  0.25189744612723108  0.26245043175847926  0.27301241453051495  0.28355782072519287
  0.29410021272329284  0.30463373170066038  0.31519987382237358  0.32582396815892750
  0.33641232015069755  0.34698230252645063  0.35746321326529035  0.36794481852001520
  0.37844743117365265  0.38895078861402643  0.39949457304959729  0.41002796419652360
  0.42061341050059858  0.43116208192680577  0.44178758807898244  0.45236134797954364
  0.46301062258043157  0.47356215705027915  0.48411417947139784  0.49461914931386042
  0.50516849994553381  0.51579951955497572  0.52642965709568434  0.53706185882772306
  0.54764525728311697  0.55823722460530545  0.56882068589709756  0.57935476805474606
  0.58987810188102319  0.60037271206386011  0.61084829253046502  0.62132536729107701
  0.63180579971191075  0.64231641107385018  0.65283250716258778  0.66335489926047664
  0.67391906560489145  0.68453534401443594  0.69513596761600038  0.70568858189757278
  0.71619953337554054  0.72671844022190013  0.73726600258016994  0.74778316355983721
  0.75829818970415974  0.76880007628756664  0.77929870479034924  0.78986750660345439
  0.80034824051336773  0.81082617631722131  0.82128054531955286  0.83177435074311135
  0.84232319967053937  0.85283389844697177  0.86340293823980951  0.87398209076256173
  0.88451228389124770  0.89499933095070094  0.90548454924632193  0.91596066136234211
  0.92642950532139612  0.93688029874415990  0.94738157138978374  0.95784915748976873
  0.96828384733681627  0.97877782815482928  0.98937210297898681  1.00000000000000000
 -0.00241411243304350  0.00951407416516922  0.01966183235915235  0.03017475055654233
  0.04072092202032075  0.05118148985850273  0.06166310501992152  0.07217725588386047
  0.08277342732724643  0.09330159883871700  0.10385785030292580  0.11441652778354235
  0.12493294547342816  0.13540799690118008  0.14590374278565324  0.15644855431128543
  0.16701383044532969  0.17760408569133379  0.18821112629537542  0.19879332762296542
  0.20937555063806926  0.21994747721827265  0.23054590691831045  0.24114261943858420
  0.25173077441667635  0.26228399057902640  0.27282036947367211  0.28334907501346168
  0.29385689974015217  0.30437836646610911  0.31489977144751413  0.32541853535278020
  0.33589916030444650  0.34639454896040661  0.35693662338919080  0.36756033327794835
  0.37816360307713814  0.38876177995891464  0.39934127360077953  0.40989951929433943
  0.42045173792257040  0.43096989236569394  0.44154439042921090  0.45210282953946496
  0.46264541289367411  0.47314034831721474  0.48364500264218357  0.49411855936605109
  0.50463497978106397  0.51516348414379509  0.52570370394886734  0.53619093107682658
  0.54671851850407360  0.55719245880287771  0.56771455105108626  0.57817709179647780
  0.58872599935569447  0.59930276129351601  0.60983830703187059  0.62036863958620303
  0.63084934775926105  0.64143507601923488  0.65197786413452430  0.66251439915862453
  0.67297362237065106  0.68349130993090812  0.69401128291792813  0.70453491414793423
  0.71508363849265377  0.72565207869002568  0.73624927368348692  0.74676038389031985
  0.75725862233842833  0.76770925249826083  0.77824628066236889  0.78879809231588338
  0.79938653242072222  0.80993663917135883  0.82046431257844121  0.83098901398806557
  0.84153754666788727  0.85206610532332627  0.86258887080937252  0.87308410999438302
  0.88364636826609788  0.89418701249652099  0.90475997786125650  0.91532078631019331
  0.92589290972955274  0.93641522889371909  0.94697603950292553  0.95761130319561294
  0.96824440845105419  0.97886746544994885  0.98943218351267326  1.00000000000000000
 -0.00250202557949863  0.00955958372267289  0.01971099476111611  0.03024811602947640
  0.04076660593923791  0.05128222909544339  0.06178802082725530  0.07229002126899264
  0.08280409617482218  0.09332653375681892  0.10387290408502771  0.11433713981036313
  0.12480722821989500  0.13529041769725750  0.14586669068742519  0.15646671406827684
  0.16703710541458228  0.17756656022287690  0.18810031548451744  0.19864093239884512
  0.20921840408397882  0.21980655806606908  0.23039313158883096  0.24094629291403857
  0.25144661339826657  0.26192714303123182  0.27240494800171589  0.28286319950395999
  0.29333933515094657  0.30380086824145708  0.31429798276413862  0.32481466488846639
  0.33534807936208944  0.34589621493366884  0.35638213246168204  0.36688348590201336
  0.37736447987505195  0.38792421544671041  0.39847023266412052  0.40908096470557298
  0.41964771557051400  0.43022960518268988  0.44082108603847653  0.45138311958953375
  0.46191186153664665  0.47237909347774759  0.48284365946956892  0.49331457811324420
  0.50381906455763370  0.51437015609007841  0.52500276863878637  0.53558519678120309
  0.54610738083929855  0.55661213447350699  0.56710012490960060  0.57765049967807625
  0.58813199265208349  0.59870101133067122  0.60930091161884536  0.61992256293803305
  0.63047479976250920  0.64097982259720532  0.65150649146742268  0.66206534567094388
  0.67256909689831090  0.68304906823450806  0.69350278632023321  0.70402812102793200
  0.71453980616284618  0.72507611675641592  0.73560439716748460  0.74613004877858413
  0.75665836906906070  0.76719100334972978  0.77777326514490441  0.78834853483411604
  0.79891192608612349  0.80947209832509626  0.82002368460634312  0.83055506830048631
  0.84109549531773276  0.85167567336160388  0.86225745380659380  0.87280399573082224
  0.88332542657691437  0.89395092268466947  0.90459874736236834  0.91521514621188982
  0.92579224732656107  0.93637222558141930  0.94698636342678821  0.95760246110485758
  0.96822384470029665  0.97885269026120170  0.98943757642006380  1.00000000000000000
 -0.00256003334303643  0.00948989818998842  0.01966278716842164  0.03010843240643443
  0.04066068489439169  0.05129083734361593  0.06193954452050273  0.07254929290295090
  0.08313666816286502  0.09374520492347105  0.10432081395192076  0.11484669276278002
  0.12534301379720528  0.13585131320060942  0.14632758938600499  0.15682266980935861
  0.16735226891698551  0.17792962836815052  0.18849722262236149  0.19901737484933207
  0.20947903817392874  0.21995108582919123  0.23045121422195070  0.24102888324358127
  0.25157182355408725  0.26216151602468152  0.27275310494640836  0.28333259262913046
  0.29384854056770987  0.30428471426741033  0.31474353764849694  0.32523256080056540
  0.33583510414801876  0.34651460534910211  0.35715512933363169  0.36778010793602328
  0.37830648281336121  0.38885147918620744  0.39936718003238797  0.40993854545256014
  0.42049760091370059  0.43103686896515148  0.44156580972954662  0.45214709568518180
  0.46274456511084816  0.47332524267244547  0.48382194881018548  0.49436146630140643
  0.50492680251013011  0.51547235936642621  0.52597272442886633  0.53644207811554445
  0.54696433573095515  0.55750770550385331  0.56806397784931384  0.57862849980177566
  0.58919499963519706  0.59981582168021297  0.61042795735471345  0.62098519375566552
  0.63150335236165345  0.64205822249674438  0.65265458264375054  0.66322709430960158
  0.67369570055550831  0.68407890812259964  0.69452815387347711  0.70507444696892374
  0.71572448309373193  0.72633168086044508  0.73691861537031567  0.74747776689431145
  0.75809510168104000  0.76872306814394420  0.77931619667584606  0.78980879435872764
  0.80031876412576697  0.81081249652277931  0.82135520278879470  0.83189519897104547
  0.84244373677736195  0.85299689784469024  0.86351597501258948  0.87400811662746425
  0.88447277065828178  0.89493785827057726  0.90539858114085159  0.91587448155546936
  0.92637678996756068  0.93692085821404791  0.94748522634730425  0.95802491174921234
  0.96859350453329074  0.97911312614855306  0.98957403980144243  1.00000000000000000
 -0.00241862135319614  0.00954948984090521  0.01976033640531178  0.03031444727870174
  0.04093427298985894  0.05152110014288483  0.06208423075385749  0.07254218330052753
  0.08301006582264615  0.09350242528894666  0.10401690028153504  0.11447660519744676
  0.12498112203869340  0.13547451148835188  0.14604933394441230  0.15660161896848951
  0.16722724487501564  0.17782396569823292  0.18840543731971848  0.19895801555985521
  0.20944985835858601  0.21989811646332344  0.23033659510243595  0.24079638676316495
  0.25131951389559487  0.26183401577907861  0.27239656195664042  0.28292848769069673
  0.29344091039908993  0.30395011509436820  0.31450078978891050  0.32504813508994435
  0.33562684682811722  0.34620135741405755  0.35681052163301552  0.36736282782684737
  0.37789960554029289  0.38845040040545664  0.39905488415754481  0.40964520193470616
  0.42019507006480633  0.43067740348237671  0.44114279211798962  0.45161417478570504
  0.46206571919287664  0.47256644501511708  0.48308740048088133  0.49362408143255343
  0.50410276760115946  0.51457486045167222  0.52506031855263446  0.53555437052923294
  0.54616007732627614  0.55678402318103803  0.56738689698285161  0.57788445441782410
  0.58843799828875532  0.59902532319207702  0.60961194784272188  0.62013783849077320
  0.63068284570132038  0.64120776729550832  0.65173426583084448  0.66224288460887692
  0.67278220532996191  0.68334031218702029  0.69391213456460377  0.70447264506391172
  0.71498676111068016  0.72554098560100910  0.73605983766805538  0.74660152230410093
  0.75709000168718010  0.76760767763622284  0.77808808273833940  0.78854461182568614
  0.79896651277218600  0.80942106925304358  0.81991320271894774  0.83043232233203645
  0.84093553782242725  0.85151889848389117  0.86216628124640016  0.87286019566764350
  0.88356437125356813  0.89422688483989887  0.90482746585960594  0.91543188426216227
  0.92606806950580556  0.93674360035369197  0.94729084148924225  0.95784824991700646
  0.96841464485128326  0.97897910663197718  0.98951861448593403  1.00000000000000000
 -0.00255381032857916  0.00947712775991166  0.01966429557195171  0.03021434663505877
  0.04081761944480020  0.05136338417016025  0.06191664841100893  0.07240778152720954
  0.08295674110144559  0.09345943937526367  0.10403204086710063  0.11459075430558005
  0.12515236729812532  0.13557254001323635  0.14600252118871718  0.15641400981833126
  0.16693992883775599  0.17740408412683620  0.18785275745348656  0.19828639137557902
  0.20877969163410892  0.21938484085622759  0.23002007480172676  0.24063230586998516
  0.25119143410311578  0.26173600748326925  0.27234485637201777  0.28296596110462313
  0.29361486334525616  0.30420359822267040  0.31480842770095335  0.32538561779483782
  0.33593223311672987  0.34642240074368269  0.35692270977548646  0.36743188593743015
  0.37797569553068600  0.38854405818868276  0.39911621162068034  0.40961158869456871
  0.42006570166221224  0.43055178066486666  0.44107113325701508  0.45164044239744244
  0.46226558245802135  0.47289432515335006  0.48344433262844022  0.49394319169842965
  0.50444211891575830  0.51493126276034018  0.52537566712361472  0.53586483838864152
  0.54645186524895817  0.55710325002017647  0.56769051173236873  0.57820535325892530
  0.58872236692851010  0.59929793330238257  0.60987238382563069  0.62048366290934365
  0.63107934882329964  0.64167171048024163  0.65220828758912497  0.66278115867966569
  0.67334841857620387  0.68391606077041944  0.69445067729050969  0.70494034666092742
  0.71542841625319198  0.72587827526220905  0.73640628487634074  0.74696842348729953
  0.75750940745365913  0.76806478204071815  0.77869112957102826  0.78928808977713694
  0.79980620537805613  0.81024106173959809  0.82074813060995300  0.83128698374480925
  0.84183383760569719  0.85240341470972614  0.86295171561114448  0.87345314045680722
  0.88395966179042984  0.89448586472169811  0.90494462042337787  0.91544245019581405
  0.92597619258968056  0.93660971008003380  0.94719636623072956  0.95778956307965724
  0.96842217012953413  0.97896695501968145  0.98950197531626571  1.00000000000000000
 -0.00248607369093349  0.00931014511753846  0.01935540990493296  0.02978799343111488
  0.04030293853677960  0.05087369442694537  0.06140855663899482  0.07197278163061392
  0.08253716139405343  0.09313528750027275  0.10372571684227130  0.11426545694248558
  0.12481551730004437  0.13533684647509256  0.14587183704266415  0.15639904522703338
  0.16691422155400773  0.17744112857496080  0.18793767879840001  0.19847516891133002
  0.20904004035478937  0.21965607741699825  0.23021135274404786  0.24073935790015324
  0.25120455436755112  0.26170899368980693  0.27222231511130368  0.28282953102130792
  0.29340837819033261  0.30402657998155069  0.31455658865522212  0.32514308575847400
  0.33568592050658153  0.34628939749084697  0.35688729427540999  0.36745919441401242
  0.37804898499282158  0.38856276466048278  0.39908953355874577  0.40965798760469524
  0.42032047726506938  0.43099927256872694  0.44158026425491165  0.45208734259288785
  0.46265037044007445  0.47321548474543690  0.48373566805868357  0.49422230798171346
  0.50477019196658690  0.51540475300424904  0.52594244580244676  0.53647503738103630
  0.54691651582131329  0.55745633496646396  0.56801429960546757  0.57865302164337085
  0.58927469626961859  0.59976967199531594  0.61028793919682500  0.62073880634810330
  0.63132346386396554  0.64184201847268385  0.65245897481848303  0.66293011393507628
  0.67343203647301708  0.68387558866484588  0.69442065617399273  0.70491420960994189
  0.71540455907370704  0.72587378263437541  0.73642967731460396  0.74702267426829128
  0.75760838906367911  0.76815652361867381  0.77870895102340298  0.78922936551534795
  0.79976626961193342  0.81026074800573700  0.82080194347095847  0.83135850096760677
  0.84194773771722897  0.85255434907830174  0.86313944371006890  0.87372601364903890
  0.88432372656296798  0.89493929451825338  0.90552986797884105  0.91607512675714997
  0.92657025502333124  0.93700471722660450  0.94746179198439351  0.95795754563038438
  0.96846526333825989  0.97896559231241964  0.98946756024361515  1.00000000000000000
 -0.00233959647922414  0.00971332908962252  0.01991186358635157  0.03039527724706627
  0.04088148524057730  0.05138374345157054  0.06183985534847092  0.07235320957925895
  0.08286108383963298  0.09342356565994926  0.10400776313011309  0.11463334221154732
  0.12526099277224625  0.13585660142441436  0.14640343555669799  0.15692388699581866
  0.16741422242947934  0.17790106625186278  0.18846218902677273  0.19903740485796126
  0.20963541514873940  0.22018211437751853  0.23069873459644261  0.24125167348470836
  0.25182711700733201  0.26242848494671400  0.27296689220779291  0.28341904340145702
  0.29389962846050682  0.30440813557929070  0.31498410397086357  0.32556378683102793
  0.33609625046177499  0.34658164855506707  0.35702771232995273  0.36754324588673154
  0.37811741076795152  0.38871113282986114  0.39927265211405211  0.40984509413067910
  0.42043673514162649  0.43096268223937190  0.44144496451139720  0.45192416902508037
  0.46249486970197717  0.47308443728315797  0.48365992480259878  0.49422390981569114
  0.50477134007564772  0.51534039525071318  0.52583407025687356  0.53628687365398231
  0.54669516847356836  0.55716018609931606  0.56773909108296072  0.57835044503769006
  0.58887889283688877  0.59935149552837885  0.60977910958978021  0.62026150364727717
  0.63078820348073250  0.64136407984981525  0.65195633590433111  0.66245688612260167
  0.67295812328990534  0.68341257628104202  0.69389934633754691  0.70436626763659971
  0.71490882427934932  0.72552690114313012  0.73611673512982201  0.74667148467439148
  0.75717900056545473  0.76771534478899661  0.77832984892722146  0.78895878058953128
  0.79956591712932368  0.81016627163643651  0.82072154967497202  0.83133221782771349
  0.84192384950148225  0.85255472835144719  0.86316635444149448  0.87375766988015346
  0.88429890936532851  0.89488562534191918  0.90542199297863479  0.91597559611180823
  0.92649459563413050  0.93704169021848827  0.94759860703299392  0.95809945811733532
  0.96856506626002992  0.97901116222698636  0.98952611193427042  1.00000000000000000
   2.0399985384880630E-012  -1.0000000000000000     
 T T T T T T T T T T T T T T T T T T T T T T T T T T T T T T T T T T T T T T T T T T T T T T T T T T T T T T T T T T T T T T T T F F F F F F F F F F F F F F F F F F F F F F F F F F F F F F F F F F F F F F F F F F F F F F F F F F F F F F F F F F F F F F F F
  <DiscreteSampler_grid>
  grouped_processes
  1 # 1 for a reference and 2 for a running grid.
  10 # Attribute 'min_bin_probing_points' of the grid.
  1 # Attribute 'grid_mode' of the grid. 1=='default',2=='initialization'
  0.0000000000000000 # Attribute 'small_contrib_threshold' of the grid.
  0.5000000000000000 # Attribute 'damping_power' of the grid.
 # binID   n_entries weight   weight_sqr   abs_weight
    10   10   2.932634153591073E+031   3.295112438779264E+063   2.932634153591073E+031
  </DiscreteSampler_grid>
