  0.00836747982339810  0.01745940211830881  0.02882062641944143  0.04031625455154647
  0.05080139132638430  0.06080149858566151  0.07066854703628742  0.08059367036796933
  0.09063307272584478  0.10071530101586181  0.11092489633521474  0.12116502075451378
  0.13139565545313125  0.14159227583768344  0.15165619396444116  0.16163736274340620
  0.17166565862685662  0.18144048206196772  0.19105187236626292  0.20057492545806735
  0.21026395361871450  0.22039835286957768  0.23077187247169506  0.24166474946987612
  0.25282089463128760  0.26411146960035475  0.27530219032552700  0.28634454260726189
  0.29702078485322381  0.30714121108516806  0.31705862943812729  0.32719831361869778
  0.33776448540009479  0.34831815002344946  0.35877532621648767  0.36897539858282485
  0.37926569182737496  0.38956717987881467  0.39966018096813799  0.40991840348597475
  0.42042497940955148  0.43171482800549327  0.44260615267244607  0.45290397181479392
  0.46309829076127307  0.47304920501690173  0.48384324608614665  0.49491422213362868
  0.50567997683818477  0.51601827634664532  0.52672764503819547  0.53799077937120576
  0.54903529950427621  0.56012837140806748  0.57134615345238993  0.58237498013608058
  0.59303724165851035  0.60373158934126747  0.61394251756790374  0.62398179353696015
  0.63383115618781727  0.64351132679903444  0.65281971179599185  0.66214598871249364
  0.67193282920053554  0.68214931095963349  0.69254499118226787  0.70298988318382216
  0.71387132247665330  0.72518597277676133  0.73597994948560386  0.74632973658787316
  0.75654128292257428  0.76633275808519929  0.77601455357194826  0.78548183105877356
  0.79543776114981912  0.80572425369267531  0.81611877634717123  0.82646864991943791
  0.83647649227424770  0.84652907124882892  0.85650214944186465  0.86634286557295082
  0.87616516506736053  0.88625995179551376  0.89667779269114101  0.90767025075039454
  0.91915867466948786  0.93113713615610827  0.94339467000710675  0.95508929130199949
  0.96653891950202075  0.97737115870380209  0.98853259790772796  1.00000000000000000
 -0.00042047373511119  0.00262235664074872  0.00445809155341745  0.00658906028111693
  0.00914067262706729  0.01207729477090365  0.01545052587071097  0.01913390648405608
  0.02307049306287280  0.02740838032200993  0.03231097541368834  0.03737084904582653
  0.04271153412118740  0.04828245565255475  0.05404014622542541  0.06015797438294108
  0.06637568442673379  0.07281195444532615  0.07958093726996585  0.08665366640140715
  0.09408243412932982  0.10174109126603680  0.10956882019988307  0.11759631361599381
  0.12589240385189160  0.13439457947415143  0.14300706754910936  0.15171127260387152
  0.16051055696783256  0.16944031486065692  0.17853437793780141  0.18782741879347331
  0.19720360037934220  0.20660072996811635  0.21613288744360606  0.22576448927275183
  0.23554565200651212  0.24553600122236044  0.25568105239725780  0.26596474532062314
  0.27645990271905230  0.28722788532531207  0.29829117459068943  0.30952894351587928
  0.32074456417913749  0.33193734235157574  0.34328719371609562  0.35480900005998328
  0.36646223604955658  0.37826512545289948  0.39046602116041917  0.40231721070797916
  0.41400799481837508  0.42573069892895832  0.43751400402303475  0.44920857626866673
  0.46101602240524231  0.47317593750544934  0.48528685028502883  0.49752974258374644
  0.51007941504302245  0.52247217310172378  0.53506579135300936  0.54770601422989407
  0.56039146850311972  0.57317062620068904  0.58599304265160712  0.59926578080573556
  0.61265315985142865  0.62616558098579422  0.63958799880929396  0.65302044597453912
  0.66652569936956108  0.67989719508286783  0.69343080903905918  0.70684672406120519
  0.72026789220997645  0.73380714206296271  0.74754202834644834  0.76146275840096111
  0.77532822971571780  0.78966908416064330  0.80393441645520691  0.81814433582696078
  0.83261744300092344  0.84765381421801844  0.86259780025445887  0.87755723420252207
  0.89286791184960412  0.90825130824637246  0.92332892780276199  0.93820348787386454
  0.95373929841155292  0.96926202388983018  0.98465055530790901  1.00000000000000000
 -0.00242208253362478  0.00920919855889749  0.01956624027629978  0.02999819972117775
  0.04091732651399065  0.05196250021973579  0.06274984848415587  0.07338649359943211
  0.08400702729876773  0.09504888481959570  0.10604797688860960  0.11719016509198818
  0.12815719132789866  0.13853782356706293  0.14827006995706951  0.15760113752594071
  0.16712441825730093  0.17738842384636899  0.18829741605348793  0.19904334447750865
  0.20941406858324610  0.22003537229693546  0.23064828382242100  0.24110328171929793
  0.25153146312022306  0.26228992236724785  0.27307244643159306  0.28362673511155351
  0.29436915298186928  0.30520276026922238  0.31600487668895250  0.32692448839377131
  0.33815955398836800  0.34956715967815000  0.36061103406499428  0.37088354529466339
  0.38114747434829033  0.39127357730500106  0.40198700375473700  0.41277455054393691
  0.42306586876964553  0.43282187813875339  0.44262247594287457  0.45260697859441429
  0.46240960581124407  0.47185959521394527  0.48136229805945779  0.49085542556086159
  0.50034342019998446  0.50972568843267174  0.51898256177405133  0.52862629584422860
  0.53847465503860104  0.54852778573509053  0.55850205188916469  0.56825292402319383
  0.57789329981128579  0.58761801153667204  0.59739082989997927  0.60741740317472470
  0.61765525975435975  0.62794324523437073  0.63825045984436202  0.64853556033314341
  0.65872948765569594  0.66895212348160960  0.67925805278394980  0.68976923963438685
  0.70040688318514244  0.71092470505844840  0.72140876462463244  0.73201428044257588
  0.74274013225833757  0.75363040430543082  0.76458543307177795  0.77555366767047096
  0.78632233646617655  0.79672732396557377  0.80709596397436545  0.81764243479527254
  0.82819809478446560  0.83862084972425111  0.84915401659386114  0.86019051754772013
  0.87141446765418384  0.88212745853070218  0.89261041691634624  0.90370777148796122
  0.91505276760629528  0.92615998811866074  0.93726057205322744  0.94856254791525374
  0.96057817268549617  0.97343600279510323  0.98661767536765965  1.00000000000000000
 -0.00243532549714407  0.00791337675190235  0.01763297927386611  0.02754676938527093
  0.03786701110963622  0.04832407124798099  0.05858795630540891  0.06837129414644832
  0.07775687931141345  0.08691841253220907  0.09609754933629772  0.10519681818335094
  0.11441816651987284  0.12393267365163284  0.13436367686326459  0.14519218536059181
  0.15575379621674382  0.16598128817279456  0.17620117114626446  0.18664779546424667
  0.19759909277307408  0.20906180236439251  0.22069484462886996  0.23198305804301009
  0.24284909353718012  0.25367914072933678  0.26450843528250978  0.27533826723993277
  0.28630771573325103  0.29731796215693418  0.30822459018127168  0.31927902231693728
  0.33043687679852335  0.34154545570889638  0.35245120491425408  0.36341538650479338
  0.37422444668640131  0.38488121024655514  0.39537975822858062  0.40593937797899166
  0.41677628079016826  0.42800140892750554  0.43918874640660804  0.45021537492368713
  0.46155960032203164  0.47303328005055451  0.48383530489246396  0.49408558961485216
  0.50467345020099574  0.51587774792633212  0.52754244719941834  0.53928325015751644
  0.55119415081727208  0.56319840268620736  0.57455043914677839  0.58565797865298730
  0.59599510583491999  0.60628579481304445  0.61616069877040636  0.62610743130059521
  0.63653847224099003  0.64774494744597666  0.65947386889007698  0.67090232091962032
  0.68233249258202666  0.69412177853034907  0.70677289864210113  0.71900381994739937
  0.73093751871768298  0.74230444211737645  0.75328772919817555  0.76358953767317661
  0.77406337365025080  0.78461141990733529  0.79529913417646947  0.80491880656526027
  0.81423200991913924  0.82333766830115285  0.83268246632037834  0.84212656969129285
  0.85162686199025150  0.86152033307787379  0.87200603093417550  0.88229599743577269
  0.89251135741264864  0.90274446953089527  0.91314400547036245  0.92334140250112084
  0.93339404225553024  0.94329705846719381  0.95292307421768996  0.96232739748219320
  0.97169112321758022  0.98119069549757731  0.99067583432519069  1.00000000000000000
 -0.00220609161207818  0.00838600080926049  0.01784386747111960  0.02749259609162702
  0.03743197335795113  0.04722517347063560  0.05727781943948029  0.06752410437333117
  0.07803566431122509  0.08834993686183587  0.09917442628827709  0.11028213660810922
  0.12161906632469049  0.13294928498210881  0.14413997481001883  0.15515807882981950
  0.16581874623828455  0.17624460137533079  0.18678819664073526  0.19739653151269385
  0.20795993919689515  0.21832093326287227  0.22851414934515274  0.23862403226699785
  0.24863409153135638  0.25892631524328436  0.26968272256935932  0.28119066624218902
  0.29285091871510344  0.30394612077076699  0.31500720691571582  0.32587907688729956
  0.33638321657425291  0.34656507425520827  0.35668432175809234  0.36690191649802523
  0.37709654946547022  0.38772962622060075  0.39816649595861048  0.40816830708180757
  0.41805816609184676  0.42794973803779857  0.43785235416293811  0.44789383420281786
  0.45794819474472770  0.46848885914242927  0.47906155264983757  0.48938292368432273
  0.49958133335371424  0.50968305506539291  0.51992532735282626  0.53007898437633061
  0.54053114591209572  0.55131427386549914  0.56200306574849779  0.57240104402471625
  0.58280725169090242  0.59361927398217595  0.60470255096281555  0.61630227039688112
  0.62815404522608720  0.63991525373562286  0.65160158946629998  0.66304540333265904
  0.67405487743725123  0.68491942007143680  0.69547113365215596  0.70584295386189777
  0.71630995043993451  0.72710101765719104  0.73824924294781857  0.74943191642733220
  0.76069117499816119  0.77184655071912001  0.78266069617323364  0.79356013930658853
  0.80448034210076269  0.81494992481596107  0.82522468294960816  0.83538324645200279
  0.84579781479477711  0.85594593482113246  0.86591420255526885  0.87586504666547149
  0.88590435712177873  0.89604168219688973  0.90625980205844769  0.91623281257768574
  0.92705507511002205  0.93783891927243790  0.94869601282043281  0.95917436860297167
  0.96953363027468631  0.97995152364161220  0.98998468017417385  1.00000000000000000
  0.00049904269019933  0.04352825235819672  0.06203220200472333  0.07499999547054745
  0.08654665117462391  0.09738339543804495  0.10735729058847708  0.11616703073526591
  0.12452728937188236  0.13251927545504211  0.14041937278388442  0.14820584275837914
  0.15575983697123169  0.16328312351341681  0.17082574980490692  0.17832309722814882
  0.18580934593243675  0.19331005712270724  0.20058653083352551  0.20793218807869324
  0.21521772365588146  0.22241882792450260  0.22942457440738093  0.23647010918358058
  0.24369377090120892  0.25083637214586058  0.25782277110955681  0.26477165124410240
  0.27171137012311442  0.27872272850160729  0.28567769330485776  0.29241110124069986
  0.29900708447987667  0.30569925757486160  0.31255143998170032  0.31939830114818141
  0.32622619279710846  0.33289233785537120  0.33936884766647762  0.34570439347932597
  0.35220880628233259  0.35873446541167892  0.36550594224195826  0.37218193294856350
  0.37917330506885194  0.38617342383840436  0.39312709929644146  0.40033086528817013
  0.40773092769722030  0.41516500659152905  0.42256159520640574  0.42987618887794932
  0.43716950101187951  0.44461013545125799  0.45221922063329545  0.45989233399442897
  0.46766528575769417  0.47545580473364807  0.48343274982086959  0.49155009988592685
  0.49975392640326360  0.50805033024105439  0.51630663159385703  0.52468481911324494
  0.53309314461742174  0.54139853967340879  0.55015542839675724  0.55933103855600963
  0.56862153412730243  0.57789325684432169  0.58713665251111991  0.59632707326008294
  0.60550446225717502  0.61456967948669372  0.62345462855148115  0.63242610113045417
  0.64163672414109130  0.65105366032553158  0.66072832128500891  0.67076868333617823
  0.68112841245237687  0.69185693400156245  0.70310912266773895  0.71463366344157531
  0.72652605790672697  0.73921093285613060  0.75299408149772462  0.76768503793198528
  0.78311445483705988  0.79965629855958320  0.81676386648792487  0.83512910537838669
  0.85616857218335807  0.88184332294651524  0.92100864572663055  1.00000000000000000
 -0.02057148253325802  0.14315881026840591  0.19746433589384482  0.23074039132595303
  0.25494159757405083  0.27510680044218894  0.29359938446895983  0.30959546528310311
  0.32431380519303060  0.33834421082834876  0.35158566084958276  0.36424592441426146
  0.37619740727253848  0.38742531818907927  0.39800169967221660  0.40786892211619002
  0.41727628996104393  0.42608855772930726  0.43457578592831092  0.44268291825718936
  0.45069113955373730  0.45855293992947704  0.46612966997993710  0.47325924708967931
  0.48015195502774316  0.48670557612617538  0.49335304450653017  0.49999350090348260
  0.50628296957794616  0.51249311943963005  0.51863014242255445  0.52465083503731402
  0.53056575239140158  0.53635076797104231  0.54213309054199754  0.54795467345734727
  0.55372216566115973  0.55947293678358812  0.56504775175969713  0.57040101399767396
  0.57574094376911289  0.58108602466756520  0.58646190854518843  0.59181854345749618
  0.59708276983347630  0.60236163326875325  0.60733922176138222  0.61233827374738881
  0.61727448027913701  0.62215990013362199  0.62717230918547384  0.63221620769003684
  0.63721832423102354  0.64215478647686675  0.64703411009119038  0.65196654482191796
  0.65711182438002413  0.66228070171680020  0.66739310744833025  0.67252184955636629
  0.67758538198059060  0.68264892683711120  0.68774863093648353  0.69281146422130724
  0.69783286891382956  0.70288538123165523  0.70788615425964896  0.71283207850774333
  0.71784177282633010  0.72302809765835374  0.72835341062387116  0.73369370352354346
  0.73908224892517427  0.74459377538323557  0.75027726597419775  0.75605571985192510
  0.76167872276643889  0.76719114150519818  0.77280670374050753  0.77868529968001743
  0.78476059631430584  0.79096588278329727  0.79753133285280176  0.80422115287911544
  0.81109172223369685  0.81835853067882114  0.82591461431238755  0.83397209610574563
  0.84263236905605154  0.85197451907888633  0.86272621429266017  0.87460555180886246
  0.88859911638426547  0.90668597753790026  0.93454911431752852  1.00000000000000000
  5.21968926540536593E-007  -1.0000000000000000     
 F F T T F F F F F F F F F F T T F F T T F F F F F F F F F F T T
  <DiscreteSampler_grid>
  grouped_processes
  1 # 1 for a reference and 2 for a running grid.
  10 # Attribute 'min_bin_probing_points' of the grid.
  1 # Attribute 'grid_mode' of the grid. 1=='default',2=='initialization'
  0.0000000000000000 # Attribute 'small_contrib_threshold' of the grid.
  0.5000000000000000 # Attribute 'damping_power' of the grid.
 # binID   n_entries weight   weight_sqr   abs_weight
    16   10   4.873058968544705E+005   3.959400494841140E+011   4.873058968544705E+005
    17   10   4.873058968544706E+005   3.959400494841144E+011   4.873058968544706E+005
    22   10   4.881447084665977E+005   3.968855231065239E+011   4.881447084665977E+005
    23   10   4.881447084665978E+005   3.968855231065243E+011   4.881447084665978E+005
  </DiscreteSampler_grid>
