  0.00844370693353969  0.01730099401295497  0.02890227569085631  0.04091938265754721
  0.05260512988759401  0.06373436309253773  0.07442662804308381  0.08485695819651971
  0.09462188236389582  0.10475481244648617  0.11487390813900882  0.12502535201285353
  0.13482539295070933  0.14507034297050569  0.15541722842674693  0.16630482360565096
  0.17691800942181757  0.18757193630862870  0.19726096615488065  0.20689716819035026
  0.21693250323394822  0.22714508437194203  0.23736349002549550  0.24763452551713286
  0.25863233020219151  0.27002992712026636  0.28103244106513453  0.29174419719031391
  0.30234840197202106  0.31285947643777084  0.32338710041330648  0.33393132834338979
  0.34428977252852394  0.35450327209621940  0.36490984304711710  0.37564118533925428
  0.38678253789895212  0.39804702076809273  0.40897942887323979  0.41980225024770057
  0.43039999411046309  0.44111768466953832  0.45174225074825292  0.46224161255223917
  0.47268590601223165  0.48351119781496010  0.49481299323310474  0.50611623165703246
  0.51730025898480947  0.52780369845595199  0.53844473719280739  0.54843308788022194
  0.55921551686734816  0.57018417877006522  0.58066459849240193  0.59077926837602146
  0.60110060709948043  0.61159092139004956  0.62138845946551036  0.63076853083437356
  0.63987338688258977  0.64901607004562156  0.65802120698490207  0.66735243589813809
  0.67659441748065008  0.68578744930762092  0.69504819159680598  0.70396548920066970
  0.71338258880779137  0.72295379922612046  0.73345337731918703  0.74426019547864752
  0.75530545533431948  0.76638731536528459  0.77668177053400556  0.78662262853931264
  0.79661156434156388  0.80714612806002339  0.81777537551340196  0.82797362677508723
  0.83816654535602464  0.84820068189104592  0.85829509870107723  0.86845447695339273
  0.87876056631196164  0.88990140394600115  0.90104551308516079  0.91282534615110122
  0.92464901271736244  0.93662315730864620  0.94815680209003028  0.95882501578941981
  0.96954593221077545  0.97967046926149759  0.99140303815725528  1.00000000000000000
  0.00000391953776801  0.00004209425052063  0.00005237742879388  0.00005999421413890
  0.00006963260091695  0.00008111127629391  0.00009225433542193  0.00010282397049178
  0.00011342903447477  0.00012505713044610  0.00013808802579560  0.00015206231438867
  0.00016702570153392  0.00018298893707769  0.00019970708845814  0.00021770355711809
  0.00023888352253990  0.00025971663705798  0.00028094137269481  0.00030366324991408
  0.00032828292592300  0.00035485860106016  0.00038365494343304  0.00041348871892941
  0.00044554797820876  0.00047864267376535  0.00051249295747689  0.00054707763850180
  0.00058249034910637  0.00061935405354064  0.00065856420088177  0.00070001974754011
  0.00074398345429786  0.00078976875823995  0.00083760961624237  0.00088826990573290
  0.00094166226325274  0.00099822603193033  0.00105805683453835  0.00111979596719512
  0.00118265347778571  0.00124881168756395  0.00131876871057006  0.00139260980125321
  0.00147108052715776  0.00155383075116929  0.00164012989255541  0.00172746593237545
  0.00181523973698596  0.00190814700935419  0.00200806431867734  0.00211559749282677
  0.00223333102908982  0.00235435405602496  0.00247322143140885  0.00259193685354184
  0.00271494471304114  0.00285400430156266  0.00300403828022713  0.00316921607589166
  0.00333650194656523  0.00349401301277285  0.00367454540916197  0.00386793166662791
  0.00407577693129997  0.00429589391592102  0.00453188884640556  0.00479369920402252
  0.00508915288653946  0.00538888864808994  0.00569697765299914  0.00603194081753235
  0.00639924428196681  0.00676953239601363  0.00720477279719753  0.00766727946601627
  0.00821004846100555  0.00879755204898996  0.00936045385941004  0.00998364987691341
  0.01066756602514380  0.01152482474394531  0.01244105427116132  0.01340014094592797
  0.01443228711320603  0.01554375495584410  0.01676062250235956  0.01820534355773683
  0.01975562530693682  0.02163482269427713  0.02409898769713534  0.02712449289335664
  0.03153732828633410  0.03756608951648149  0.34700349899800909  1.00000000000000000
 -0.00602132212248967  0.03104444043181340  0.05996260297711511  0.08587042114682258
  0.10846428753020244  0.12927109664490127  0.14972010478601766  0.16865892007739650
  0.18644322407177605  0.20325966835781281  0.21971388491311256  0.23553054458948527
  0.25053457238670568  0.26519176920581455  0.27962163881366597  0.29370073603623559
  0.30777390171962049  0.32152803511221878  0.33489429530244946  0.34795864131502952
  0.36003214224355440  0.37150551908349344  0.38326648806339941  0.39493618756854182
  0.40606695049288655  0.41704750960432951  0.42851944624434729  0.44042483653114728
  0.45231450952891367  0.46395435276699676  0.47536961391954191  0.48682827072522578
  0.49818169386072308  0.50916946060256896  0.51985554650371391  0.53016630261376740
  0.54025143953770627  0.55020407822979445  0.56003382778136734  0.56964714479383871
  0.57894852466326419  0.58808621980750753  0.59684148915346125  0.60540837147536497
  0.61392146449612695  0.62248116986376356  0.63115107134639514  0.63975058665367779
  0.64837972390508081  0.65713265811710297  0.66575240391424462  0.67417115110130155
  0.68238411084035333  0.69075915252342457  0.69929082569780021  0.70750230690097404
  0.71576923873492759  0.72408190404933093  0.73279686535065136  0.74165615450358935
  0.75038298336981990  0.75854002084750138  0.76630644264478287  0.77399964554059486
  0.78174067752092624  0.78930110200479686  0.79667217328088002  0.80391940656322480
  0.81128810611895930  0.81852024292882652  0.82559931761439320  0.83267157757897370
  0.83992566695565696  0.84727106259186868  0.85449417257012961  0.86161143141785168
  0.86863003518003945  0.87563726703468525  0.88268080797379245  0.88952878453318407
  0.89632538621466584  0.90301059542045625  0.90970550027530828  0.91641647758903777
  0.92338339539629033  0.93009774949908430  0.93719975301591463  0.94415734112558480
  0.95116500100739410  0.95818250745316980  0.96518982557005573  0.97214219248881750
  0.97903993612234907  0.98595278131903086  0.99280299121813631  1.00000000000000000
 -0.00245398838077275  0.01047754589744424  0.02129403655035063  0.03193276642153574
  0.04281353923883701  0.05386645364388190  0.06475693224643626  0.07528224492647999
  0.08564782470866965  0.09606220102637526  0.10707498528954522  0.11734417283435557
  0.12753689604654661  0.13802745161227178  0.14864018791058561  0.15862326117844452
  0.16849261654979047  0.17889669806573288  0.19002146130913836  0.20128305197070553
  0.21283346472211290  0.22387565864807835  0.23483105860729778  0.24548200972643902
  0.25619042810864007  0.26695226068594063  0.27643242623722808  0.28612985952931369
  0.29599371726004819  0.30587629251371706  0.31608928008077064  0.32643577750973840
  0.33618177976978741  0.34656711143369839  0.35656216346797881  0.36656106898747098
  0.37699363946173264  0.38679238371196312  0.39702124832348618  0.40627125382905838
  0.41537072558528332  0.42461354739741569  0.43472193687205912  0.44526174796125412
  0.45583796588615338  0.46604871155949951  0.47689693412987677  0.48785796504449874
  0.49951425239691299  0.51117972035664694  0.52353328198202176  0.53629319351106985
  0.54856343592112189  0.56029446859272325  0.57126147829489915  0.58242322205986718
  0.59315064582534349  0.60349937721005642  0.61357989885514841  0.62411638414180770
  0.63521797223904497  0.64629662395317089  0.65734777514261011  0.66838643276128307
  0.67917934691405013  0.69007534729181774  0.70099613002782812  0.71162631518167685
  0.72187036894936829  0.73205804294036891  0.74264437007659956  0.75319491312947495
  0.76351551964703113  0.77416405834205915  0.78473797101622933  0.79519569709402094
  0.80483421132446764  0.81450844897234298  0.82472106119585009  0.83510242634567511
  0.84524460063366158  0.85514682194692915  0.86533737702058833  0.87555048338876318
  0.88545594846209352  0.89532476038267261  0.90520372392911685  0.91533425160111215
  0.92631270764951401  0.93677772162611783  0.94824224833957360  0.95905686319067940
  0.96930421241907139  0.97954405752810125  0.98969531543318712  1.00000000000000000
 -0.00215815523421415  0.01039856828907199  0.02106112911293268  0.03184195063100179
  0.04250130587790843  0.05247482322061813  0.06203986501216103  0.07179911571180275
  0.08171398611277939  0.09245055144766395  0.10350108457150035  0.11465230696265100
  0.12562212719959645  0.13673164462160686  0.14776784718166144  0.15843770725044112
  0.16895946832069056  0.17905801549983782  0.18888764003097730  0.19888582268750454
  0.20887226884276724  0.21929114730656696  0.22985419894016151  0.24070823072980418
  0.25138187816850005  0.26196819843169866  0.27252784633928012  0.28312030488541778
  0.29409030831335015  0.30524734420079047  0.31607200413717695  0.32605496838279802
  0.33603093878190471  0.34613566784362176  0.35741272204757235  0.36841434058153782
  0.37937945315608851  0.39007462172603630  0.40096685767906631  0.41195158780175034
  0.42304796830281283  0.43386646633026243  0.44483647322903930  0.45597202713212642
  0.46691547413388490  0.47680433994141519  0.48720966454404213  0.49752883534080244
  0.50743880112335926  0.51693456111858194  0.52672990335145575  0.53655653620721067
  0.54680181376101911  0.55690050775140554  0.56781962787901508  0.57896465034670208
  0.59008259801731544  0.60168570942124511  0.61301036911321072  0.62399846228657219
  0.63438059104501476  0.64453908944134142  0.65510187535180520  0.66616873421330236
  0.67713098805500860  0.68771772068014791  0.69792842528009247  0.70836238635420889
  0.71913581056475073  0.73008850899987643  0.74113750034963077  0.75186712240298559
  0.76288528719532800  0.77386055280914057  0.78483172809648993  0.79601451726078087
  0.80725171083203084  0.81821158495943114  0.82892280119874984  0.83921118334634970
  0.84943141949649870  0.85920713910724289  0.86893940400151071  0.87917386121373220
  0.88960161062844567  0.89924179816539618  0.90835012506631685  0.91775742124230952
  0.92774903806174280  0.93819509658476652  0.94831423062722398  0.95772227658719389
  0.96803593537286958  0.97883703965032665  0.98943351394218271  1.00000000000000000
 -0.00280403032792337  0.04485204464827477  0.06287599854858285  0.07563317806949937
  0.08644554165901543  0.09618593656425983  0.10560888773105664  0.11487379095686209
  0.12374838332955643  0.13220426119578785  0.14037195392360099  0.14834596942033848
  0.15627362660724434  0.16414383806129992  0.17171887743129335  0.17896892451983454
  0.18610641505961409  0.19316080599048718  0.20014001155807029  0.20713315093317389
  0.21438914449199808  0.22147030064242507  0.22860014863931238  0.23577848184804520
  0.24296334205346934  0.25015324366549285  0.25708865652539620  0.26395662867889602
  0.27084101252041604  0.27764933185582347  0.28454657063690486  0.29146515166493037
  0.29827995401596080  0.30519623700547244  0.31191537044614892  0.31872138528632621
  0.32553412522466502  0.33261066348898932  0.33995886054054497  0.34736337873138212
  0.35465631996292879  0.36182870481695734  0.36875352085110591  0.37584493008655456
  0.38321790321890647  0.39078735887239274  0.39828215450123222  0.40557849094174286
  0.41287497761584979  0.42020480403223265  0.42764772383807464  0.43493670860035810
  0.44201230661523722  0.44909426348175818  0.45605165482935367  0.46330933956337406
  0.47066837355653790  0.47832240541440763  0.48638330319461620  0.49457257242491309
  0.50267247185390551  0.51075020297705642  0.51893158117647420  0.52724792184087332
  0.53573320704345173  0.54428899501399641  0.55293255541870057  0.56138992542883648
  0.57016045836691687  0.57904877563825807  0.58846277801308999  0.59824583104915385
  0.60785985614728288  0.61776193404855895  0.62780012277141550  0.63779251103379619
  0.64756681767536872  0.65700416578495691  0.66680331852996300  0.67697017903589396
  0.68775682394865190  0.69860245086338246  0.70937870107056011  0.72034619584194648
  0.73182332358298796  0.74433174793744550  0.75774621974817757  0.77254278300738632
  0.78848537747693748  0.80257432043535948  0.81789583861223614  0.83602662267978856
  0.85765251770353523  0.88606510553841211  0.92041823616348395  1.00000000000000000
 -0.02131151969173507  0.15537962509634767  0.20606486817201217  0.23888623633435019
  0.26474617420818630  0.28560806676487049  0.30359986879444217  0.31990288611286855
  0.33508026638352467  0.34934322217547942  0.36220844143429604  0.37445961531489880
  0.38598391291421053  0.39756688495160381  0.40817358956462702  0.41853189229659077
  0.42830127250069550  0.43772808977123862  0.44670895628713797  0.45514039697090314
  0.46323090603815514  0.47108141277634508  0.47886874524600759  0.48665009590347907
  0.49429499571358743  0.50185297683400665  0.50875884568069640  0.51570691015329007
  0.52265138213724704  0.52944300388864496  0.53620495336696483  0.54267963178349865
  0.54905615261546525  0.55511528040239722  0.56105736225215819  0.56673011122189410
  0.57234774889853501  0.57787621082876217  0.58343988931980972  0.58905746336091480
  0.59476243021757758  0.60057074861519921  0.60640107890249095  0.61210796876277240
  0.61759006311030373  0.62292195007608631  0.62832711360009752  0.63393241775846731
  0.63950860201872106  0.64475081787665367  0.64995162110859783  0.65525524201398810
  0.66065901950301065  0.66609586239387508  0.67135624280492412  0.67630432050199063
  0.68136477135950346  0.68609331057747092  0.69072819605312885  0.69530259663457761
  0.70002843030910755  0.70492341542144266  0.70981656736244692  0.71467763152132824
  0.71962333883023655  0.72458316751363927  0.72940800918650228  0.73415424674856411
  0.73882615867310641  0.74346849181507291  0.74825889854221617  0.75332323971485993
  0.75837385890006881  0.76338876652107435  0.76824973384983408  0.77311519398364226
  0.77813216457638934  0.78337079644639551  0.78887019209428999  0.79466701791183536
  0.80066711684771252  0.80662273089291359  0.81250204852750696  0.81864559169742324
  0.82486061379266751  0.83139631021491656  0.83840334715552545  0.84590367864555793
  0.85396614772169499  0.86275347334490515  0.87232229052496102  0.88319731255259926
  0.89589922745947803  0.91181478222429369  0.93612188437595412  1.00000000000000000
  2.34639595438437813E-010  -1.0000000000000000     
 F F T T F F F F F F F F F F T T F F T T F F F F F F F F F F T T
  <DiscreteSampler_grid>
  grouped_processes
  1 # 1 for a reference and 2 for a running grid.
  10 # Attribute 'min_bin_probing_points' of the grid.
  1 # Attribute 'grid_mode' of the grid. 1=='default',2=='initialization'
  0.0000000000000000 # Attribute 'small_contrib_threshold' of the grid.
  0.5000000000000000 # Attribute 'damping_power' of the grid.
 # binID   n_entries weight   weight_sqr   abs_weight
    16   10   2.798358581176331E+001   1.830336699520623E+003   2.798358581176331E+001
    17   10   2.798358581176338E+001   1.830336699520625E+003   2.798358581176338E+001
    19   10   2.617472851142312E+002   1.640629808390169E+005   2.617472851142312E+002
    20   10   2.617472851142319E+002   1.640629808390169E+005   2.617472851142319E+002
  </DiscreteSampler_grid>
