 -0.00044038480831180  0.00273620499827133  0.00468952417206610  0.00690918956023764
  0.00964774819559725  0.01287838709664472  0.01648357048173870  0.02038941994329529
  0.02457266182515348  0.02911052606028467  0.03395046182876917  0.03915281618075469
  0.04474470945118000  0.05056823143504639  0.05672187012335373  0.06313100152452306
  0.06950900204118932  0.07608512606209074  0.08301259880324739  0.09030383606665184
  0.09782036949304605  0.10552533074376966  0.11324424034639000  0.12095603402969143
  0.12875161013556821  0.13670958375915215  0.14488564692014988  0.15324149099304718
  0.16171604342043813  0.17022866126182604  0.17902767376340731  0.18823919598424893
  0.19780598069296743  0.20766793659272473  0.21749513726154562  0.22722720959234113
  0.23696405711591381  0.24678215147541416  0.25681350610151932  0.26715199835049924
  0.27774427521825024  0.28849279465500843  0.29922948310342184  0.30977526851748732
  0.32051502917658803  0.33137994659239339  0.34244326364851319  0.35373618045131994
  0.36570097554230263  0.37732148835001089  0.38885271879836852  0.40034708280660292
  0.41187690356459711  0.42357329842188635  0.43563228552129429  0.44783922207025412
  0.46009794071184146  0.47270135275068997  0.48570033931482903  0.49884491293785477
  0.51252975472709317  0.52609489753848149  0.53952096404331762  0.55280698577279253
  0.56607312513365748  0.57947240887059381  0.59296892484282226  0.60631877726835137
  0.61954715312419983  0.63324612505140987  0.64722941643175724  0.66123048044864274
  0.67514640006640592  0.68959157883159372  0.70380487089791899  0.71780082161221836
  0.73130013466390975  0.74426954467017759  0.75729220439326894  0.77029615488298697
  0.78334163378088073  0.79643924633483254  0.80960698450574675  0.82289109147846085
  0.83636586879364705  0.84999048075712080  0.86368898977034081  0.87738593905365558
  0.89158755935607836  0.90640465404564841  0.92119711247445468  0.93594914919216388
  0.95168398757682682  0.96772473694753969  0.98379442936553974  1.00000000000000000
 -0.00230152250696732  0.00955469861547106  0.01914032398355612  0.02945188353679281
  0.03973872945769777  0.05014394674803636  0.06072407941609354  0.07181794204829517
  0.08258082780124369  0.09280395422949325  0.10309051616768167  0.11383723155707189
  0.12456302230828699  0.13494769154050751  0.14539515994652855  0.15554376539510606
  0.16558027279333354  0.17522237802956911  0.18481133960634738  0.19464010570345935
  0.20470797112689046  0.21511412619840731  0.22582628044969730  0.23638886651499463
  0.24681656847396319  0.25736849521022265  0.26786543756371545  0.27839427229357278
  0.28887838899625445  0.29925852591310403  0.30960460516903415  0.32007633634497851
  0.33079663842190815  0.34096188877964323  0.35085991369333769  0.36099870000448436
  0.37141310498792640  0.38158411543246595  0.39168634492978560  0.40204025482342987
  0.41273244142918059  0.42399118906031041  0.43556518742087308  0.44722915040445183
  0.45832641659022488  0.46881050732239715  0.47906300383106559  0.48948181674432167
  0.49954887891901562  0.50988889290612360  0.51988798181347828  0.53100603950073755
  0.54189885778103475  0.55179299865720044  0.56148305558825318  0.57076395865810059
  0.57999547412870733  0.58958626854846619  0.59958285411843515  0.60984065137144461
  0.62061226390483681  0.63086337114524449  0.64151491736890098  0.65223325042964486
  0.66290211993280035  0.67394382960808330  0.68508700258904920  0.69706740141494761
  0.70915185603706621  0.72039820903659302  0.73169086023310326  0.74270815575922633
  0.75379923163740337  0.76477090303896189  0.77572113365180639  0.78678948514297808
  0.79803916026979049  0.80910431569451746  0.82029162101693842  0.83164650376009397
  0.84258254264466714  0.85348858110315018  0.86426840936245541  0.87483238043521572
  0.88502457509564358  0.89509271969393800  0.90584460770095276  0.91636760331682376
  0.92673314167104404  0.93737453998699904  0.94802684168187235  0.95920288876361770
  0.96950821599677872  0.97988390582942109  0.98989026092652188  1.00000000000000000
  0.00148514709810879  0.01673202762415627  0.03003178836186279  0.04120979611920296
  0.05163162582943970  0.06164523227786923  0.07143169796354279  0.08087422481646030
  0.08966771438704201  0.09798347207174159  0.10612422277320367  0.11382789110781873
  0.12155980283520978  0.12912734071260526  0.13636108521567059  0.14354031440845957
  0.15047212239594102  0.15735672059378567  0.16424602641922728  0.17108415356870169
  0.17789425982817636  0.18471240618334914  0.19116414089596809  0.19752635943090160
  0.20393024421322614  0.21019175656079331  0.21640924729605412  0.22269496646680059
  0.22915886699899582  0.23598479382472826  0.24270293940493670  0.24931948384405131
  0.25603778694180429  0.26272995584485015  0.26938795216255390  0.27613763305328198
  0.28297921731964298  0.28991568517457916  0.29686218330251479  0.30353112824561129
  0.31031080018548451  0.31729764040040981  0.32437867725136832  0.33152345421695684
  0.33858147572172836  0.34557136276056372  0.35255017392035809  0.35933727829383477
  0.36589614725841979  0.37250746238946270  0.37908479961799463  0.38593639993411438
  0.39286446822888821  0.39991816580375344  0.40698446887533896  0.41408444428513852
  0.42105149223961180  0.42806666514647318  0.43513334028556855  0.44229774621945622
  0.44933131053520708  0.45638147857969363  0.46350629812786009  0.47079632856059483
  0.47824026531936209  0.48622976454556832  0.49447846672437040  0.50316274844969544
  0.51230615644173605  0.52122952158397795  0.52994177303690104  0.53854033233960519
  0.54761829240389881  0.55696218537673459  0.56639659860231439  0.57585223911702355
  0.58578967375947921  0.59596831451583443  0.60641549226805658  0.61719893009618798
  0.62815032412655514  0.63961255582581400  0.65190194649545996  0.66495793295946193
  0.67817738757800217  0.69180845961857862  0.70620764331832997  0.72159370899551167
  0.73795537281315193  0.75543691982823258  0.77368425974453237  0.79438527073210619
  0.81892363905673171  0.84857772280560773  0.89424666226367178  1.00000000000000000
 -0.02083249874580743  0.12145325806040419  0.16022010495569833  0.18234037355127980
  0.19925851866939406  0.21390921816439945  0.22736647450220812  0.23914642954091808
  0.25028503632224181  0.25974177108902585  0.26903502292609488  0.27764842392972672
  0.28593011525731310  0.29377179383702379  0.30123189727968053  0.30865574301754517
  0.31615258041931160  0.32358091165351455  0.33063951812128017  0.33718768208539024
  0.34369661735159596  0.35019071610954411  0.35660797013869849  0.36281723487280138
  0.36891860395012882  0.37485089088991280  0.38080115957626282  0.38660352463343750
  0.39245847411918788  0.39835701067743590  0.40418632910335178  0.40991551825159872
  0.41553549019450903  0.42110531499590015  0.42678434024726553  0.43257587185374374
  0.43829202855682264  0.44388484535830713  0.44929497528536183  0.45473705785158403
  0.46014903739089702  0.46547485517278397  0.47076052620278908  0.47604262718706625
  0.48135131705443834  0.48668481932829544  0.49199302714034493  0.49732325907676023
  0.50251398253700741  0.50771286466376475  0.51290459964594870  0.51817264065820035
  0.52349514894476168  0.52882069020347078  0.53416219102762175  0.53952434902629454
  0.54493744641256148  0.55045330744366572  0.55604065131319380  0.56160594774724082
  0.56742086784579315  0.57329963976534226  0.57926654319392235  0.58522563734562638
  0.59114773725184566  0.59706140662276275  0.60297776681640469  0.60898956414249950
  0.61516624589377500  0.62139205960826871  0.62760543448589279  0.63370670875814972
  0.63979103286433936  0.64595492399633336  0.65248359580775483  0.65909231924844913
  0.66598322902220208  0.67285946865936208  0.68002034230394992  0.68730240604573789
  0.69475261929494636  0.70236463917375036  0.71027742566801866  0.71848106316532612
  0.72686838441200929  0.73552687621584933  0.74426692205945921  0.75361872365655214
  0.76432497312065251  0.77594092054010022  0.78872320521699368  0.80330902697769346
  0.82056563090048773  0.84302504928244892  0.88037807302703963  1.00000000000000000
  4.69843983834837329E-006  -1.0000000000000000     
 T T T T T T T T T T T T T T T T F F F F F F F F F F F F F F F F
  <DiscreteSampler_grid>
  grouped_processes
  1 # 1 for a reference and 2 for a running grid.
  10 # Attribute 'min_bin_probing_points' of the grid.
  1 # Attribute 'grid_mode' of the grid. 1=='default',2=='initialization'
  0.0000000000000000 # Attribute 'small_contrib_threshold' of the grid.
  0.5000000000000000 # Attribute 'damping_power' of the grid.
 # binID   n_entries weight   weight_sqr   abs_weight
    10   10   1.789655948789522E+007   3.598607559086706E+014   1.789655948789522E+007
  </DiscreteSampler_grid>
