  0.00001453062778491  0.00005076805493589  0.00007516017417041  0.00010324966957501
  0.00013271046099335  0.00016072601867706  0.00018756868413136  0.00021398969537640
  0.00023926358629206  0.00026387787529731  0.00028825222453915  0.00031287242345059
  0.00033794409662348  0.00036248817351553  0.00038701796218418  0.00041217439880611
  0.00043785439674561  0.00046403097076582  0.00049081174565509  0.00051830588567455
  0.00054642356813385  0.00057538744362164  0.00060527383038951  0.00063597011715269
  0.00066746045426904  0.00069939579313982  0.00073185480949138  0.00076509663450302
  0.00079905863592722  0.00083371032684713  0.00086888493797500  0.00090385173518498
  0.00093971655926981  0.00097681432546983  0.00101492544618755  0.00105459324457192
  0.00109560918946974  0.00113804542947812  0.00118282480231655  0.00122884159991964
  0.00127757228699618  0.00132678030209774  0.00137720736064523  0.00142952474425742
  0.00148407068728221  0.00154039196511247  0.00159800921019654  0.00165590848278660
  0.00171909560989275  0.00178423847580112  0.00185446297568512  0.00192583896719613
  0.00200144471644382  0.00208111757940087  0.00216279985799323  0.00225028950352980
  0.00234070019552763  0.00243629420733317  0.00253492844852611  0.00263717326835304
  0.00274386222060581  0.00285459431717484  0.00297117772289732  0.00309474544327933
  0.00322441166962173  0.00336050489247436  0.00350123234699859  0.00365358289083408
  0.00381418226447191  0.00399093137789630  0.00418243642070415  0.00439488375292997
  0.00463346017388380  0.00489209507081885  0.00516841737448880  0.00546277239970341
  0.00577642899588098  0.00611751020464515  0.00650111626570359  0.00693249618086254
  0.00740543001819303  0.00792575677688329  0.00852152359662595  0.00918422388808512
  0.00991195202679658  0.01072177243419420  0.01172997261405941  0.01296564384733418
  0.01452410344403044  0.01642423534131521  0.01864075496422521  0.02157319397551427
  0.02584914464264807  0.03370459753216242  0.73179143511336564  1.00000000000000000
 -0.00257238995546096  0.00974266439838347  0.02004068410219510  0.03065914836805151
  0.04131458153723228  0.05218138463271887  0.06311246575943787  0.07394383543556754
  0.08471524728287098  0.09523919117794001  0.10598732960127498  0.11664664350380202
  0.12729051640783740  0.13781769808843006  0.14861497734475235  0.15943275058264961
  0.16997312196038961  0.18028773472873011  0.19073442349079395  0.20132552753196850
  0.21196702537740428  0.22235293804223005  0.23276919985754624  0.24303907483023737
  0.25337392091964162  0.26375638860230455  0.27431160857938225  0.28498800848433631
  0.29557066598716597  0.30595194396826497  0.31620303202213434  0.32654583701144990
  0.33707502198044642  0.34773758677508654  0.35833783210884823  0.36887049165306679
  0.37921233673660992  0.38922019097195187  0.39937425359976869  0.40964918363335573
  0.42018865984618942  0.43082155722016685  0.44139467887529804  0.45206834325071349
  0.46279515174018671  0.47336885173652526  0.48372272259842741  0.49405069695300291
  0.50461755626494953  0.51545033251660477  0.52607586089522151  0.53681356071221475
  0.54704623285469467  0.55703757324646064  0.56716790996624955  0.57744290468824055
  0.58758611708273045  0.59775659489319055  0.60829968930485745  0.61924355110673879
  0.62980346145267174  0.64012041272761444  0.65066232896415310  0.66118099395858676
  0.67162126931111732  0.68197367474539172  0.69250076429614815  0.70310691850402185
  0.71383325936885245  0.72435754936807462  0.73486537026820742  0.74543556963866675
  0.75605963976231938  0.76672608444650237  0.77749396028225626  0.78829304725863880
  0.79907912451784147  0.80985671857434260  0.82053429633730546  0.83114143282178177
  0.84152657144791332  0.85204074088345361  0.86252558888631381  0.87310411945070443
  0.88373250106912282  0.89431905080618945  0.90467973227374887  0.91505685733600350
  0.92562901940676268  0.93612292284065834  0.94677349125657395  0.95733604112445891
  0.96825237861353097  0.97891926381759065  0.98959176455918996  1.00000000000000000
  0.00045656903283602  0.02244023948611447  0.04071385198117076  0.05597080423939737
  0.06964595232042600  0.08233585846939663  0.09435407181608046  0.10571309763916731
  0.11655883422811497  0.12706596964790570  0.13726808626762318  0.14725770702164412
  0.15687242967705944  0.16642675135542098  0.17581431275439147  0.18510261304346787
  0.19418029770112388  0.20323931498612685  0.21211580746579661  0.22078038345200490
  0.22920905891337551  0.23738689432038143  0.24550331140949430  0.25349348303418656
  0.26135070359642948  0.26919721357608450  0.27703205679626008  0.28477303002823978
  0.29239986918638128  0.29994426230035026  0.30748651771066099  0.31516071473364216
  0.32292754059806972  0.33057718535393327  0.33811627242530323  0.34544758984214058
  0.35288481547187839  0.36030158891583558  0.36769982912258170  0.37496928012368108
  0.38219783256275874  0.38941355624492252  0.39659215543779153  0.40378469062036559
  0.41094976914105091  0.41821638505543640  0.42554344521650306  0.43294874131538769
  0.44043520456275204  0.44791383729387702  0.45533663094534044  0.46270135065104745
  0.46999243985481648  0.47731511590581022  0.48467887009901234  0.49214535924808328
  0.49981199288580169  0.50738761446633773  0.51489960845286320  0.52246452846838265
  0.53001938669761373  0.53760937621395688  0.54518295624637292  0.55276716121416569
  0.56053568874436333  0.56861064013669060  0.57696309644819410  0.58545623154501514
  0.59403657833476187  0.60267118299991940  0.61125127635167975  0.61978527580697518
  0.62839455607940176  0.63723708112212507  0.64619346374473674  0.65520594778268759
  0.66419191281446044  0.67326804202571799  0.68253540955330094  0.69209042983533953
  0.70203394771139627  0.71237369379784488  0.72303299473051696  0.73393874292294703
  0.74505886450454073  0.75686000407558240  0.76927621743483965  0.78212422490816014
  0.79560160795139367  0.81049512440012106  0.82650903695198608  0.84398578713025718
  0.86374468899174783  0.88802525700778867  0.92356207222343367  1.00000000000000000
 -0.02024509129942802  0.12156700091112599  0.15921195258840667  0.18272506858906104
  0.20114984525217691  0.21647721476397772  0.22997729657585353  0.24167977875083818
  0.25241573990529709  0.26212990037033868  0.27146909449644679  0.28006072053015019
  0.28852337894601110  0.29668020113633498  0.30443751322540169  0.31215572863034324
  0.31927160394614473  0.32631129268110265  0.33318256439196092  0.33990832850871766
  0.34650892463692751  0.35300930823303805  0.35932879625461828  0.36552665032399306
  0.37166521496720367  0.37767515719206096  0.38357115065947150  0.38940505215411997
  0.39517013661655226  0.40087620729672058  0.40655851562933182  0.41220153447438967
  0.41779683280505675  0.42338741533532082  0.42894074086988987  0.43444287847298863
  0.43982065028194345  0.44514640315537107  0.45047879588347245  0.45580591050057018
  0.46112346798203285  0.46645318104028560  0.47179945422700420  0.47711695835382595
  0.48236830858570123  0.48759275927172407  0.49286109850427917  0.49812060586675722
  0.50344720175972690  0.50871555701085169  0.51396102491709950  0.51913808811873263
  0.52425232601543692  0.52936403853074454  0.53451109302096145  0.53970625887463464
  0.54493832075080062  0.55017109748032045  0.55542713087368623  0.56072004794659003
  0.56603876331038894  0.57137387715647658  0.57671888524489967  0.58205136204737817
  0.58766749802941787  0.59333218186157488  0.59904128921546085  0.60484322466572715
  0.61073202129812632  0.61664551254107036  0.62257388931759794  0.62859907138453885
  0.63476052411481809  0.64098706723353427  0.64730816115123169  0.65379304882390721
  0.66037290858425080  0.66709595464628058  0.67401351889193195  0.68114214245753235
  0.68842527004615350  0.69618122344190159  0.70399889618143152  0.71222400961469456
  0.72073868872928226  0.72966685264080788  0.73917442186990046  0.74915161125655660
  0.75987422553252471  0.77123969461272535  0.78420760934512801  0.79903035043889881
  0.81710258708851424  0.84021894219292492  0.87869445559711157  1.00000000000000000
  2.68307642283612164E-005  -1.0000000000000000     
 T T T T T T T T T T T T T T T T F F F F F F F F F F F F F F F F
  <DiscreteSampler_grid>
  grouped_processes
  1 # 1 for a reference and 2 for a running grid.
  10 # Attribute 'min_bin_probing_points' of the grid.
  1 # Attribute 'grid_mode' of the grid. 1=='default',2=='initialization'
  0.0000000000000000 # Attribute 'small_contrib_threshold' of the grid.
  0.5000000000000000 # Attribute 'damping_power' of the grid.
 # binID   n_entries weight   weight_sqr   abs_weight
    10   10   2.427916758874297E+008   1.206011401737166E+017   2.427916758874297E+008
    16   10   2.427916758874297E+008   1.206011401737166E+017   2.427916758874297E+008
  </DiscreteSampler_grid>
