  0.00001243043206700  0.00005209100531186  0.00007791269877293  0.00010302946822499
  0.00013025683800807  0.00015751940846407  0.00018438394805233  0.00021101377118734
  0.00023553779318286  0.00025997014458371  0.00028469020340012  0.00030976467970316
  0.00033509235580588  0.00036057019109555  0.00038585268252911  0.00041173639410055
  0.00043806448845560  0.00046487233521222  0.00049216643744450  0.00051990401590944
  0.00054810960422441  0.00057688178220234  0.00060727723587725  0.00063820753449932
  0.00066981698705279  0.00070189366520720  0.00073435597128274  0.00076762125818331
  0.00080192748792810  0.00083730078571571  0.00087370030677554  0.00091086366372877
  0.00094883948155493  0.00098803078873710  0.00102835143888556  0.00107008015327714
  0.00111245039762431  0.00115632804831409  0.00120065173418107  0.00124672410173919
  0.00129449217273996  0.00134416217963078  0.00139683060384411  0.00145040934086396
  0.00150683648193278  0.00156501944333636  0.00162522051622964  0.00168798854592141
  0.00175254839699059  0.00181912705406307  0.00188854414875629  0.00196067596919592
  0.00204009839580363  0.00212082384037399  0.00220651287736864  0.00229392918788795
  0.00238573599399655  0.00248264903317321  0.00258402412025056  0.00269097490516343
  0.00280296131333778  0.00292002763355120  0.00304499212765049  0.00317592324179490
  0.00331723833391091  0.00346642623815798  0.00362670922883347  0.00379689128783733
  0.00397854455256334  0.00417529566107399  0.00438493984610503  0.00460872916922930
  0.00484841629529152  0.00510520299659462  0.00539728853802117  0.00571939957958086
  0.00606694247527663  0.00644335834707580  0.00685925456713699  0.00730542713590891
  0.00779662259277183  0.00834642635155587  0.00895281653835909  0.00962627718541315
  0.01038854878491095  0.01127560264468094  0.01233366329875072  0.01364484447045517
  0.01528003438739394  0.01725244942448148  0.01963782562762122  0.02288940148372487
  0.02736091026823403  0.03433642749730198  0.72355292622542144  1.00000000000000000
 -0.00259523843816889  0.00991535828636697  0.02075892160992872  0.03179499406854425
  0.04279773967695408  0.05383186855592716  0.06464851020401012  0.07534009940064394
  0.08590860791497004  0.09652181140985874  0.10686603907926506  0.11735145515216110
  0.12808478891147501  0.13912602195964158  0.14995865458604349  0.16061321894431546
  0.17130775141443771  0.18213378799831717  0.19267564893268890  0.20289878682347856
  0.21305431241448394  0.22343278690627169  0.23398205485147114  0.24446433597398429
  0.25482296413169342  0.26521174330907599  0.27579536646053154  0.28637203725013327
  0.29677250670782557  0.30706474899263120  0.31735912193815902  0.32769328281857224
  0.33804865208358603  0.34847414754802825  0.35904844723302454  0.36958544052729048
  0.38017087997332150  0.39055621678207486  0.40097616689961840  0.41138596848808856
  0.42181632623564880  0.43228090460329699  0.44266541785901403  0.45315561779646873
  0.46370985616809735  0.47438658407999423  0.48509874176191209  0.49587775092240877
  0.50633710624160522  0.51662567327248865  0.52678431523717084  0.53699714236788865
  0.54723824948533262  0.55743867707466133  0.56777277632009049  0.57835831079184752
  0.58884184466536016  0.59918312081477598  0.60957433163864161  0.62015192176325717
  0.63081343830520065  0.64141756285548857  0.65203865244334713  0.66261043973340850
  0.67313959184187555  0.68366768411063095  0.69438410039086440  0.70522681836192713
  0.71590483080308875  0.72695741397424640  0.73802835808004241  0.74914304300330770
  0.75968532418922063  0.77004461887270692  0.78029369018409811  0.79056718858589625
  0.80084857079775462  0.81116053924765652  0.82144469067773940  0.83168585264457184
  0.84208018044245581  0.85260489924668537  0.86306240755836583  0.87342435891781989
  0.88366069325737728  0.89390597178694753  0.90458446961049366  0.91514628543524934
  0.92584308858500175  0.93679105389267814  0.94772947876565405  0.95903116162180346
  0.96950877998719820  0.98003280151397631  0.99002187356279547  1.00000000000000000
  0.00015224507264257  0.02257415536530846  0.04131157255784476  0.05702272489058950
  0.07099149571609276  0.08379158307172929  0.09603587015885097  0.10771516234062647
  0.11887414123089926  0.12959603253203864  0.13998277742338813  0.14995072448743901
  0.15953270288371105  0.16887158009082656  0.17798816796859857  0.18700661888832448
  0.19577505350756899  0.20439803618346805  0.21281919474576294  0.22112834597561937
  0.22934090288090950  0.23745550839461843  0.24548390110630919  0.25333182703654039
  0.26102238765397690  0.26867427003253602  0.27637983227035917  0.28410582754435232
  0.29180284903962089  0.29951116637689190  0.30725874521704011  0.31502121045722192
  0.32277658925917485  0.33047517014834937  0.33797826088806121  0.34536039287195125
  0.35272429761058227  0.36012836771225026  0.36757289496680717  0.37512279333925580
  0.38256058432953827  0.38995634557822423  0.39724577919748166  0.40443314915964929
  0.41169182065051702  0.41903576576271900  0.42640471315020878  0.43369794628389752
  0.44095430291870125  0.44828352714312653  0.45569725811637762  0.46315460540463682
  0.47066209183935681  0.47823520423564408  0.48588394338450847  0.49353888709253552
  0.50124431735756192  0.50876743747952613  0.51657020439165835  0.52433704058289865
  0.53217995317240052  0.53997779865190132  0.54772082025476787  0.55534495130887718
  0.56305387993524714  0.57097277555135395  0.57906044391067946  0.58732084126507544
  0.59575268071713783  0.60426963854993498  0.61279434154758106  0.62129087180051989
  0.62976018756053487  0.63833563827466600  0.64707224730562551  0.65595714639918046
  0.66487187145134441  0.67408285312016258  0.68362074353499525  0.69331769846521984
  0.70316710955943784  0.71317819757141587  0.72354428727655118  0.73433157357959944
  0.74574504663066410  0.75754389110979670  0.76988990057995632  0.78315616411133238
  0.79722780563280193  0.81174792348009472  0.82745211504265581  0.84463972340542337
  0.86434229411166552  0.88936633863809644  0.92529649192235752  1.00000000000000000
 -0.02061129155920975  0.12089142482531114  0.15887483198883878  0.18188972441756918
  0.19963230708050370  0.21431582289825632  0.22729189046659062  0.23902978684633625
  0.25005358855157217  0.25974855459697788  0.26908286171686985  0.27797242158738839
  0.28645072115904824  0.29471125265820119  0.30237756746697586  0.31001733981979124
  0.31742808310847931  0.32475683487823975  0.33204221329622952  0.33893371596250871
  0.34554826900422175  0.35200135280607020  0.35833135221356904  0.36456771550015932
  0.37074278816823486  0.37675829153546636  0.38267751402052497  0.38855176066481367
  0.39434306670341407  0.40000557035951456  0.40554656218029883  0.41102337229356134
  0.41650054810371140  0.42199836716337491  0.42751031634313613  0.43297050750942256
  0.43835287794027028  0.44373862151843552  0.44909196873751372  0.45443991550841673
  0.45981031631771385  0.46521654769665211  0.47063584669715269  0.47606047487526792
  0.48151327196177407  0.48697190154166620  0.49243470781867077  0.49793250978387094
  0.50337504658122112  0.50881436272845360  0.51427549009447071  0.51967962067523055
  0.52499717247781963  0.53027301465900945  0.53556510242075639  0.54087023664802980
  0.54612261952464758  0.55143127011319348  0.55674720182436654  0.56213315073446568
  0.56751015901857993  0.57289933355519229  0.57830779317812886  0.58373303169835555
  0.58923718442413975  0.59482468974765745  0.60048099055618454  0.60622354147940127
  0.61203133036487911  0.61787906372075418  0.62377362124579527  0.62977036721546775
  0.63579521540805672  0.64185998763837693  0.64814614466898968  0.65467924605579042
  0.66133721937938983  0.66817910439476425  0.67518684171378118  0.68227542433679045
  0.68954630190775990  0.69709367354394636  0.70483135904306549  0.71283248653329956
  0.72111708688927900  0.72965633736835844  0.73906015027566596  0.74884735386875845
  0.75975914391974420  0.77147122338996177  0.78453541592156184  0.79943220662463110
  0.81733827431657635  0.84019953133478331  0.87816179404696937  1.00000000000000000
  2.64881803235287813E-005  -1.0000000000000000     
 T T T T T T T T T T T T T T T T F F F F F F F F F F F F F F F F
  <DiscreteSampler_grid>
  grouped_processes
  1 # 1 for a reference and 2 for a running grid.
  10 # Attribute 'min_bin_probing_points' of the grid.
  1 # Attribute 'grid_mode' of the grid. 1=='default',2=='initialization'
  0.0000000000000000 # Attribute 'small_contrib_threshold' of the grid.
  0.5000000000000000 # Attribute 'damping_power' of the grid.
 # binID   n_entries weight   weight_sqr   abs_weight
    10   10   2.569682767799644E+008   2.056215533987231E+017   2.569682767799644E+008
    16   10   2.569682767799645E+008   2.056215533987231E+017   2.569682767799645E+008
  </DiscreteSampler_grid>
