  0.00835099721820308  0.01810790788790681  0.02994578812931140  0.04175261914142228
  0.05276116320227155  0.06336877754231035  0.07391832538095705  0.08444795757821384
  0.09487152951674344  0.10520944718386480  0.11539454898755863  0.12545777409411304
  0.13529671975010568  0.14568944269394579  0.15673097566233046  0.16791803762552743
  0.17851465065483207  0.18894015408817194  0.19943448913965903  0.21018400496837161
  0.22061705999571729  0.23093773366758591  0.24116839791973788  0.25149854995244009
  0.26167189406418162  0.27175245466345782  0.28189140661642892  0.29225222266405071
  0.30295564438665568  0.31354712377457344  0.32379366327502895  0.33393039290327131
  0.34438657091603964  0.35505220733781356  0.36563893190829849  0.37590542957128059
  0.38600793905109226  0.39611439064293463  0.40626533066090098  0.41621956105975144
  0.42629541112274716  0.43658354634814628  0.44711613684728063  0.45724251206244432
  0.46748349054555399  0.47809492838617751  0.48887632323466934  0.49926420984202519
  0.50926408772620446  0.51921868600638688  0.52931667584932207  0.53965117723562273
  0.55006164363839438  0.56062304107266414  0.57153025265428214  0.58259018071754920
  0.59353122171909145  0.60416130609144802  0.61503168394277274  0.62576056260079416
  0.63638868942522597  0.64667558483185206  0.65677738881606906  0.66689249929873529
  0.67735438250510904  0.68797761977487570  0.69840528606568608  0.70865654929252087
  0.71924471218009656  0.72995365555384684  0.74032607257746541  0.75044797811785036
  0.76086602645258461  0.77148667055052356  0.78203778082091491  0.79239491072987578
  0.80277609425569607  0.81338500005030479  0.82402845467486385  0.83464179743503109
  0.84468320417119025  0.85482019929732844  0.86499521769583332  0.87544105592216892
  0.88556696854481431  0.89550319104923926  0.90553621560822994  0.91563021768748376
  0.92541749742721724  0.93514130969191189  0.94505244321172455  0.95510596132503556
  0.96551954248852856  0.97637030382122370  0.98783326459749454  1.00000000000000000
 -0.00041956491045011  0.00253164578652993  0.00438679762616039  0.00648646099177929
  0.00901283400068603  0.01195557777935689  0.01536183486408698  0.01900231049700398
  0.02293544544981438  0.02725263585117173  0.03184282029376363  0.03682408443420322
  0.04210812414517352  0.04764680125940979  0.05361368748532161  0.05987103409748386
  0.06632255824579142  0.07292417712797296  0.07973593665668834  0.08692174257942238
  0.09432873633137304  0.10178736957968755  0.10924791458462693  0.11679213307380017
  0.12443043844602295  0.13224033397765009  0.14032204676401144  0.14869154137507168
  0.15729069139453863  0.16616724419341095  0.17542587736133897  0.18489029798290482
  0.19429529027945025  0.20378678176779286  0.21355071111654994  0.22350227531016215
  0.23353782127573516  0.24365220206816976  0.25398862698666391  0.26412233807020841
  0.27445465526085666  0.28488739299540006  0.29537994171977894  0.30614080821522416
  0.31721957818265284  0.32850119811489775  0.33989363028158392  0.35138204139423623
  0.36307139621431866  0.37502645317232536  0.38714050352800389  0.39926240041784244
  0.41167895005676952  0.42406836801767139  0.43633934944965957  0.44852963351258091
  0.46070393209985222  0.47301416876849417  0.48535261383702871  0.49784092636317784
  0.51051988347078336  0.52334911258522365  0.53638846571345822  0.54954526479769295
  0.56263662171552431  0.57576358665751060  0.58901579781914393  0.60217235372763367
  0.61518635058276838  0.62810925159275877  0.64109613376470076  0.65418078454388484
  0.66710292540885130  0.68027959883368605  0.69397278332403500  0.70756505733123576
  0.72123222509303175  0.73501843080521467  0.74879777466151576  0.76247888120887286
  0.77700985848896875  0.79167109370930078  0.80632412616899329  0.82094879896434003
  0.83555484553298121  0.85016111344330658  0.86485849959576466  0.87959468488211567
  0.89445344798166249  0.90945625675465569  0.92454991563671329  0.93978577085456361
  0.95475110127635010  0.96969391819033979  0.98475618022493616  1.00000000000000000
 -0.00248039189914304  0.00965195971633241  0.02020643744963762  0.03074959603582240
  0.04140246017759138  0.05198017023430197  0.06240271602062064  0.07269934208526337
  0.08296920806150383  0.09311695223070279  0.10322100648666951  0.11323920289756707
  0.12326180003926474  0.13338833225543406  0.14363748310448055  0.15412207845547352
  0.16475672233306751  0.17526202197558446  0.18548004984235222  0.19588231034618342
  0.20631922516841511  0.21680213816592803  0.22718189449561829  0.23737112656793213
  0.24770354156363938  0.25831196318421840  0.26932283142727076  0.28026197726973334
  0.29111252727027392  0.30224778459966567  0.31321980842502600  0.32360825623398071
  0.33364108391881780  0.34399264912706262  0.35447019563691673  0.36480243516446620
  0.37505669110354967  0.38522421079341934  0.39537667748590027  0.40540065952579779
  0.41556843031098734  0.42585471225097038  0.43620732075882629  0.44683820496051652
  0.45771925666283875  0.46899616716227971  0.48056976760352649  0.49208028040181317
  0.50332139312471291  0.51416281972276723  0.52459485559195140  0.53509416056465586
  0.54575742226405077  0.55672645018034261  0.56751723999294712  0.57809610951557366
  0.58843347551605774  0.59865050974723000  0.60875051732664054  0.61868204354232292
  0.62863457703640013  0.63864123956737440  0.64875744177318939  0.65902079926064028
  0.66961020331879118  0.68062651858597178  0.69185095357951187  0.70301798960329243
  0.71397443924472204  0.72448958776187600  0.73487646294074815  0.74507413606184802
  0.75529016074317767  0.76526835257452297  0.77560093157049537  0.78590988599815303
  0.79643896127722746  0.80710082637396618  0.81802934631242130  0.82863207585763832
  0.83928568363662848  0.84999844714801953  0.86083772960435101  0.87090907461353972
  0.88080231021014521  0.89060983061903487  0.90074753194784962  0.91088328323978829
  0.92111498336933639  0.93181285476010078  0.94227813607442157  0.95317437728212429
  0.96438792068814649  0.97676725237839557  0.98850660759487963  1.00000000000000000
 -0.00209417068138168  0.00780307626548570  0.01652101499869287  0.02582387621957191
  0.03509032082192493  0.04439703951975061  0.05395023193003374  0.06344627438511595
  0.07322436989658433  0.08287469284811715  0.09259885875996972  0.10232375366882379
  0.11221939206227255  0.12198715258307118  0.13138187569700285  0.14065765989862489
  0.15026761786522883  0.16001984897109681  0.16980400310214416  0.17949676224915967
  0.18954886066643911  0.19992775238710811  0.21048159294866983  0.22132517371491298
  0.23177803427600277  0.24208113693410258  0.25274633918800610  0.26368245738356783
  0.27486034694797423  0.28566918794796659  0.29710964143901564  0.30904802259217229
  0.32090465803533641  0.33277507515778043  0.34388289695808877  0.35466378334341669
  0.36495356717416583  0.37582742235521244  0.38698547743724804  0.39893571981426407
  0.41115023424482572  0.42322111521107331  0.43469898429660581  0.44609580414666294
  0.45739611863078933  0.46853937982162686  0.47943305635975764  0.49063164780554824
  0.50179377167489281  0.51344048505317941  0.52509645888400136  0.53717796283427721
  0.54941805564536816  0.56165114412886208  0.57340899681728474  0.58531835204179650
  0.59721730210620128  0.60958153721596864  0.62163217388509728  0.63277304277195401
  0.64363990823411310  0.65369994545593701  0.66364253444389387  0.67348816691685909
  0.68328766414631070  0.69326734145087654  0.70368784375334636  0.71429199147836642
  0.72510191552193293  0.73574727211923596  0.74649488681828258  0.75731495209670729
  0.76814961928249370  0.77897519575355889  0.78991686754681045  0.80044622973468005
  0.81073956188791196  0.82092181307874101  0.83123515405407233  0.84145945377460363
  0.85173863090208091  0.86227715322455967  0.87285311415271416  0.88352755373715763
  0.89431694652054827  0.90494848791308169  0.91552341762414957  0.92500330684927323
  0.93466574461710650  0.94390204840278458  0.95368030771656698  0.96305480997505299
  0.97234394158736437  0.98136478287926576  0.99065655822617382  1.00000000000000000
 -0.00246394139541968  0.01002468376369104  0.02042663078720974  0.03157303760550548
  0.04220366285148846  0.05276010785622279  0.06329964209258900  0.07438776725394437
  0.08555132515659108  0.09629246865435150  0.10707835805696449  0.11817842886924736
  0.12934978968300892  0.14072488422272100  0.15176036804971929  0.16269936746940106
  0.17385755262883876  0.18518303701684019  0.19641882606150451  0.20758407132811010
  0.21900874954552704  0.23008186695859978  0.24060095400315307  0.25095533218133859
  0.26112206910905889  0.27102548267385795  0.28071373486177537  0.29063831947686924
  0.30099789794996706  0.31142885593885883  0.32156785714869934  0.33142943266113256
  0.34142806926957198  0.35167239234352538  0.36185626528631781  0.37210674075977723
  0.38231318392730579  0.39244545966985028  0.40205541400039962  0.41156635393134383
  0.42157386237042926  0.43178888015611300  0.44232929899706225  0.45299559373762666
  0.46398471787511081  0.47517042716044111  0.48594008850868942  0.49642770989330004
  0.50691559740390668  0.51752124945052591  0.52820107663764115  0.53881953521817239
  0.54931528727931389  0.55988211561286416  0.57028488904889929  0.58049777520015411
  0.59085191416727989  0.60145519153994109  0.61214622721825707  0.62287310837690091
  0.63410882725473017  0.64549095637586718  0.65659720391989873  0.66756452885496043
  0.67859424937189405  0.68929024622724888  0.69993742702825545  0.71070605472351345
  0.72133823573777511  0.73141632916987798  0.74124082529589819  0.75109928893029176
  0.76084408215111410  0.77062279651895293  0.78095087017782860  0.79148768521145674
  0.80221244389187640  0.81301624197086708  0.82407280729225152  0.83463794111996814
  0.84511074092592176  0.85554514308297125  0.86596641479127556  0.87623034724987636
  0.88626159766772861  0.89614441965363023  0.90583348001732367  0.91548314556288934
  0.92585969364843956  0.93601074764899894  0.94631216726983969  0.95636245571476219
  0.96692768375200644  0.97798595474677630  0.98894424060253117  1.00000000000000000
 -0.00011630640028492  0.04481143411009291  0.06172560975682810  0.07371019511732078
  0.08399363384459768  0.09338480789738712  0.10228390519513519  0.11069739320136480
  0.11878544529310101  0.12691422660193483  0.13526628737553281  0.14367920907413906
  0.15152915392535141  0.15884827882936450  0.16614253280495914  0.17361024317008608
  0.18119057952762871  0.18858600900438363  0.19560655179255648  0.20247086584029253
  0.20942164873049990  0.21662440517141876  0.22377964833471670  0.23100710225141399
  0.23819154016272395  0.24538706691279638  0.25249001624400857  0.25949047291541222
  0.26665714770599086  0.27384542182023586  0.28130470814137870  0.28893523304483842
  0.29642288717650078  0.30373948063740824  0.31091577587735297  0.31779894766678379
  0.32468713721199571  0.33158434324982811  0.33846872932133498  0.34539206298713060
  0.35220934943753446  0.35932823365216848  0.36659399246137497  0.37363817010635930
  0.38088103963117786  0.38826358976564551  0.39572863549353926  0.40337350037893915
  0.41116587182127495  0.41889672907939013  0.42643725899026297  0.43393790348931310
  0.44147142067587153  0.44917310890953616  0.45693731788823588  0.46482548982379313
  0.47235819176302052  0.48008261441340888  0.48797487535082851  0.49596817256707820
  0.50397487494063609  0.51194047638050022  0.51999529448823412  0.52821618004408910
  0.53660492467737719  0.54493499939327916  0.55307247764331102  0.56116346957462448
  0.56940458312347708  0.57785691029076658  0.58656626702526049  0.59555287391256473
  0.60468652251543953  0.61407351772545027  0.62368905053326640  0.63355920457117754
  0.64365687506369196  0.65395074597027580  0.66442652118307488  0.67513327370982024
  0.68614436503320198  0.69722452322590400  0.70844455052657584  0.71976944851832447
  0.73144031058724412  0.74345463369433806  0.75607321838370400  0.76971600340648150
  0.78455876299021665  0.80038953805427004  0.81770380780906482  0.83671198824065052
  0.85869042122930794  0.88507789479941434  0.92220331212109485  1.00000000000000000
 -0.02058225946304248  0.14379891966275321  0.19676650355079794  0.22992873613965475
  0.25449359913068403  0.27518234863333041  0.29268867974805374  0.30863851190734615
  0.32296490568490466  0.33601767707247754  0.34814113377944050  0.35942936323878538
  0.37026304796875037  0.38077778977353516  0.39054738521319032  0.40002276171883799
  0.40929631314847981  0.41832230196379455  0.42697309642977921  0.43539513159957760
  0.44385357482793669  0.45225517343380067  0.46033693004165521  0.46797105988351057
  0.47545650943351780  0.48292913546475053  0.49033180524816838  0.49762950249841187
  0.50453753458494410  0.51135895674785858  0.51841996431979420  0.52532636940224664
  0.53201425823036508  0.53842386422621202  0.54448458511694742  0.55026106830106492
  0.55591716117823453  0.56153291606075662  0.56711178816126251  0.57273404668768524
  0.57816798702712646  0.58369420672206085  0.58882328290949737  0.59403366336146257
  0.59925804953693707  0.60443442514068446  0.60955837330695073  0.61460328674815257
  0.61969222011005920  0.62476941761343985  0.62976169655877068  0.63468854162428512
  0.63950789304874245  0.64426655685114931  0.64911102592864156  0.65408371216585781
  0.65886729377530273  0.66374464907496755  0.66874475281323409  0.67382567424802464
  0.67880192979184295  0.68366710733988467  0.68851806809549276  0.69343889111249624
  0.69847876359681171  0.70353431883377293  0.70854013472398669  0.71342298696579998
  0.71833284486913884  0.72330206644828199  0.72841596350092186  0.73366107047115703
  0.73897111077512256  0.74430277707840486  0.74969658785443716  0.75519398663042681
  0.76078645799436750  0.76647253468229148  0.77221348903454134  0.77807194169851535
  0.78397685883443036  0.78991447535122872  0.79613577138492575  0.80264273284466869
  0.80944789214973034  0.81712149037076776  0.82504531286866922  0.83333311583571512
  0.84204616386272280  0.85145974017401227  0.86186298075417711  0.87361134511088112
  0.88708724616929835  0.90518318196093150  0.93337281913292047  1.00000000000000000
  5.11290847499344262E-007  -1.0000000000000000     
 F F T T F F F F F F F F F F T T F F T T F F F F F F F F F F T T
  <DiscreteSampler_grid>
  grouped_processes
  1 # 1 for a reference and 2 for a running grid.
  10 # Attribute 'min_bin_probing_points' of the grid.
  1 # Attribute 'grid_mode' of the grid. 1=='default',2=='initialization'
  0.0000000000000000 # Attribute 'small_contrib_threshold' of the grid.
  0.5000000000000000 # Attribute 'damping_power' of the grid.
 # binID   n_entries weight   weight_sqr   abs_weight
    16   10   6.020424333038273E+005   5.078643369025223E+011   6.020424333038273E+005
    17   10   6.020424333038274E+005   5.078643369025228E+011   6.020424333038274E+005
    22   10   6.037004901958371E+005   5.106827576794113E+011   6.037004901958371E+005
    23   10   6.037004901958372E+005   5.106827576794118E+011   6.037004901958372E+005
  </DiscreteSampler_grid>
