 -0.00258982197137477  0.01058109941100480  0.02096693913044230  0.03140638092165969
  0.04182374184146634  0.05233384108826798  0.06266892109843447  0.07343408788570850
  0.08405327329883822  0.09461056865368452  0.10507189794249672  0.11569147365545603
  0.12624502482174707  0.13663835313157552  0.14703138253471820  0.15764325724339984
  0.16834960704352681  0.17908400973301322  0.18990865205769697  0.20078873345270287
  0.21164230201900408  0.22215656894586014  0.23261057748389088  0.24299393692299837
  0.25333712312282725  0.26358701521962596  0.27393171254384724  0.28433696410399367
  0.29471986557094271  0.30494103492791508  0.31508444499343086  0.32528436825059170
  0.33548842694401970  0.34571076241414000  0.35599725467954096  0.36635627810594934
  0.37679905094368282  0.38729305346074189  0.39764604027879386  0.40808787906008226
  0.41849485720794094  0.42876144115117115  0.43908828045406079  0.44961971338036361
  0.46012717018708277  0.47066726353989335  0.48130087873127614  0.49246416552652267
  0.50364159555234334  0.51479540872626084  0.52594059315368358  0.53695828404911250
  0.54792571594923212  0.55895217607409298  0.56983978298614524  0.58064915076032209
  0.59136004612819926  0.60200622774707213  0.61235706162966008  0.62275481199408955
  0.63313435728950729  0.64366019825165155  0.65398266889582635  0.66426069293345436
  0.67432529619497739  0.68430222302680310  0.69423911454282550  0.70437217735151669
  0.71471499350267853  0.72522517009042153  0.73580590799614554  0.74634233005634765
  0.75676778467775585  0.76714092805638601  0.77755362558177099  0.78803386849386348
  0.79851167930337130  0.80885825189659433  0.81928816498511359  0.82971400853123001
  0.84042281167754807  0.85112076188328045  0.86190762474760485  0.87281586349584184
  0.88424981128464708  0.89559351874492588  0.90630060626900188  0.91674192240435393
  0.92721874582244013  0.93771775421424319  0.94810644025632607  0.95841482222465657
  0.96869063832622360  0.97904256706698800  0.98945293367882559  1.00000000000000000
 -0.01666264081103671  0.09565992992876760  0.12982405567929098  0.15131547257109801
  0.16922723090730948  0.18467374136639020  0.19854927477802795  0.21122654919412195
  0.22298965798730525  0.23401324959494743  0.24441153058637080  0.25430188492357714
  0.26373597101841822  0.27282085299210251  0.28150265497067922  0.28995463074345823
  0.29811045142141918  0.30604776039627318  0.31380768349338950  0.32132009855948163
  0.32871919643121478  0.33593459168805206  0.34300100451954890  0.34997567520660017
  0.35681992002944446  0.36354112095228325  0.37018128122756122  0.37673715817409559
  0.38319926936577536  0.38959135482613994  0.39592995554081362  0.40217447425051878
  0.40836615344372790  0.41453171284348639  0.42061784078142156  0.42666057237990268
  0.43267803637545132  0.43866184646837098  0.44459795238388827  0.45051162256680100
  0.45640625137582230  0.46227269820829292  0.46811684412844451  0.47394983489993964
  0.47977136309771390  0.48558072446527240  0.49138103353454776  0.49717928133989397
  0.50297593899219917  0.50877403057881232  0.51457418526211840  0.52038368746929198
  0.52620540438204133  0.53203853000985379  0.53788300736684891  0.54375000817459918
  0.54964520425754038  0.55555892212256308  0.56149500030563881  0.56748020262088439
  0.57349834140918954  0.57954196383596657  0.58563141377935846  0.59179881149554159
  0.59799210840207939  0.60424060728087869  0.61058036444599562  0.61697252166816385
  0.62343551180224788  0.62999405183814128  0.63663798584042597  0.64336455753614585
  0.65021434989376392  0.65719342057151553  0.66426474485998543  0.67148997868587346
  0.67889954999688396  0.68642196584704152  0.69419653044985774  0.70214390966244966
  0.71031326339920331  0.71878386110072034  0.72748039191617109  0.73659042201093727
  0.74603584457644734  0.75594804441442076  0.76636056254456819  0.77740144892832430
  0.78917719007438170  0.80187598697501561  0.81577652823010716  0.83126958558871855
  0.84925708864254212  0.87094645363804724  0.90525903938151209  1.00000000000000000
   8.8973521485241196E-005  -1.0000000000000000     
 T F F T F F F F
  <DiscreteSampler_grid>
  grouped_processes
  1 # 1 for a reference and 2 for a running grid.
  10 # Attribute 'min_bin_probing_points' of the grid.
  1 # Attribute 'grid_mode' of the grid. 1=='default',2=='initialization'
  0.0000000000000000 # Attribute 'small_contrib_threshold' of the grid.
  0.5000000000000000 # Attribute 'damping_power' of the grid.
 # binID   n_entries weight   weight_sqr   abs_weight
    10   10   4.482794364313950E+006   2.009544531272491E+013   4.482794364313950E+006
  </DiscreteSampler_grid>
