  0.00840282439151898  0.01750795106961958  0.02856644110717941  0.03975610083524694
  0.05033996636761301  0.06104421950613675  0.07114096369501087  0.08140143228440208
  0.09174130645457007  0.10230065653221745  0.11246768779366687  0.12252695170667044
  0.13256618072507864  0.14268891815388518  0.15301007410551670  0.16341249405578998
  0.17394764552368613  0.18459913285728416  0.19518931027245870  0.20550024661855065
  0.21573545279585499  0.22605415530646950  0.23657143519341448  0.24727892898136122
  0.25833032240485598  0.26936676546081667  0.28032055490904156  0.29133177976339003
  0.30260679656238354  0.31382059810571972  0.32438869306106705  0.33469848394563240
  0.34470158704409742  0.35473814170671830  0.36453897580990202  0.37427395921552797
  0.38444988511279377  0.39475822525164411  0.40524507829371076  0.41584875491576090
  0.42665106417338927  0.43735739642674065  0.44802915443450825  0.45866759216659458
  0.46948808293261568  0.48009057666023286  0.49077382635285233  0.50138736740105305
  0.51205619449426931  0.52317298500519238  0.53475984630177520  0.54610311340417883
  0.55667720976596990  0.56661595917603569  0.57611602562759789  0.58609752192567499
  0.59623971286545474  0.60668996730304292  0.61726817864691341  0.62838403818243516
  0.63971614200800975  0.65100801165094024  0.66192496225188457  0.67263937597428092
  0.68347548783535794  0.69461048464694308  0.70575868599932767  0.71642255299462998
  0.72664403005047651  0.73671917573710155  0.74661872867898649  0.75637662468675282
  0.76624538807616882  0.77639244107588601  0.78669509654431535  0.79690043162298152
  0.80698933645932736  0.81712647435201691  0.82723603676582835  0.83726506055176853
  0.84699769892599508  0.85676170898550386  0.86662351603996646  0.87659601125639608
  0.88643758578931631  0.89648877081996448  0.90670898240824149  0.91690542616595050
  0.92696270664745106  0.93704351243042849  0.94722399127463464  0.95746431325288817
  0.96815255874478068  0.97891551869607196  0.98962754461182489  1.00000000000000000
  0.00000952463379889  0.00005837792912517  0.00009127844521986  0.00012213978089718
  0.00015189557679230  0.00018003602482100  0.00020501262378274  0.00022876325738185
  0.00025203962442158  0.00027519387809024  0.00029853151330597  0.00032226665176809
  0.00034430274293759  0.00036717138167060  0.00039068747508879  0.00041450107221288
  0.00043854195369223  0.00046276257703309  0.00048717690424602  0.00051213428310223
  0.00053808249321663  0.00056464078826148  0.00059187382868969  0.00061911007202666
  0.00064705391140384  0.00067605252111319  0.00070587002941621  0.00073650778700917
  0.00076790640593098  0.00080010713379631  0.00083310483687811  0.00086694250090099
  0.00090249658259261  0.00094045519969185  0.00098046479832773  0.00102167803048239
  0.00106347227534532  0.00110561868028564  0.00114781710854236  0.00118979760662159
  0.00123345737195831  0.00127921716607960  0.00132622032632492  0.00137504563265892
  0.00142584230150568  0.00148054094071206  0.00153811923554643  0.00159783779809249
  0.00166049537482020  0.00172663183127383  0.00179869853914258  0.00187211315085925
  0.00194860871068773  0.00202787368036774  0.00210916038642538  0.00219313797928023
  0.00228160035487956  0.00237349956056788  0.00247103088802509  0.00257010527210508
  0.00267614367818266  0.00278715586952263  0.00290411049554031  0.00302649822957477
  0.00315545088694740  0.00329086508407689  0.00343516134612188  0.00359475100375371
  0.00376877646884008  0.00395057555412681  0.00413946940645706  0.00433717294019830
  0.00454915664910838  0.00477782093335449  0.00502477207566517  0.00530168219357015
  0.00561367632894378  0.00594784758534868  0.00630096605234636  0.00668677345570002
  0.00709772756056075  0.00755736542012203  0.00809280471515805  0.00874928814581344
  0.00958620189996346  0.01046512630931890  0.01146626331130113  0.01268391597212423
  0.01396629619552058  0.01541964797645239  0.01725127370714552  0.02136035515540590
  0.02588155120858267  0.03159511919197543  0.28353258478191584  1.00000000000000000
 -0.00232911375405106  0.00949916893637624  0.01946105275231863  0.02970723815109542
  0.04002609401332833  0.05004135206215039  0.06023791284713515  0.07121894479618170
  0.08259126283648914  0.09328420776753542  0.10359114972663983  0.11417053652070812
  0.12468299464468036  0.13470467682960158  0.14508673907595657  0.15565533142333171
  0.16636569746359872  0.17694301882793748  0.18788752740704373  0.19917999373845571
  0.21029437464161665  0.22089257161060741  0.23136189851231692  0.24179579331559567
  0.25248794383758633  0.26277209828790643  0.27310976178084811  0.28355057098007508
  0.29391779353362152  0.30426895439719326  0.31493397893100233  0.32623096408034374
  0.33766887033024251  0.34881895387247353  0.36008467711183911  0.37136040881725069
  0.38170830136900902  0.39199843981568555  0.40260894192470725  0.41342164206840998
  0.42423353951238862  0.43457666078994722  0.44502807518962600  0.45552731572979699
  0.46591198775806075  0.47628737041207631  0.48658848735529092  0.49729197058907509
  0.50800869897400702  0.51920238741886282  0.53008341488803268  0.54100859318675210
  0.55148058924126808  0.56196870415134170  0.57224047061366801  0.58279496359999472
  0.59330344373684885  0.60380548790704458  0.61427625736141489  0.62516737941774148
  0.63635962699346038  0.64724455150933169  0.65754873838698646  0.66796492776642757
  0.67826494435578988  0.68892207395718141  0.69944270348427118  0.71011504340692455
  0.72092956906574801  0.73187707314892725  0.74298971680914550  0.75375415202040197
  0.76409357010803036  0.77399224741860384  0.78384026475184365  0.79391298567872859
  0.80420251738984994  0.81472875249284604  0.82525534937031841  0.83580285608201010
  0.84612227686827601  0.85652831763366222  0.86689749545357131  0.87712974568782731
  0.88703787950431734  0.89685882859678834  0.90700910743041840  0.91717456458178115
  0.92740861823288034  0.93742929870515956  0.94788632938854833  0.95831337296850927
  0.96861766036859909  0.97910477637761006  0.98955122755359926  1.00000000000000000
 -0.00215781001316568  0.00912152902167829  0.01894119122439695  0.02934898103595241
  0.03989934454122925  0.05025238713608703  0.06050042069999746  0.07089233690040962
  0.08134447050222161  0.09171189116185988  0.10204197916349261  0.11267154746992239
  0.12370901832920880  0.13478626234244284  0.14573299012719354  0.15647801134631803
  0.16705396704468917  0.17791412364037665  0.18883213660905954  0.19954204517838589
  0.21026407757627746  0.22093116867449047  0.23165464169602848  0.24204425095025270
  0.25242701404858303  0.26293939722500931  0.27329904968364632  0.28332928677752250
  0.29362337142578404  0.30413243516890448  0.31480214984586519  0.32518847375071053
  0.33535967607644668  0.34556948164583362  0.35549971304147909  0.36568841042854061
  0.37613540031276849  0.38688969356302638  0.39727904173927808  0.40743307941701012
  0.41755484772542439  0.42766199321343901  0.43764001097848299  0.44787618817229652
  0.45814589240200915  0.46860568639100636  0.47909355429617811  0.48990346975285592
  0.50106925130198199  0.51223084197295532  0.52345178770764778  0.53402709122596292
  0.54443081739172738  0.55461493583663535  0.56523410862704815  0.57620183916100942
  0.58741884150239676  0.59859175644012652  0.60955247475236018  0.62033411808969197
  0.63073665257340938  0.64087858690478183  0.65113140092909605  0.66179121836390076
  0.67263677049424453  0.68307266668598321  0.69347650491959745  0.70372178855510326
  0.71408377440486148  0.72474722547250581  0.73572102516297166  0.74734397134553554
  0.75900515138790603  0.77057643642287121  0.78134709007696557  0.79174312807435399
  0.80210455264685521  0.81249113045002885  0.82268091850264680  0.83275332032999883
  0.84293638738766918  0.85330086500730695  0.86350577222473557  0.87349968151880120
  0.88356693879438164  0.89378931045357368  0.90419442169875863  0.91433114081024347
  0.92469047917940261  0.93516063148974304  0.94605781433045566  0.95697773460456526
  0.96790854264273118  0.97863201543616218  0.98936674169543781  1.00000000000000000
 -0.00255351013943395  0.00937159499726091  0.01987596940503290  0.03056140124194565
  0.04151445853597444  0.05284314268003630  0.06400815524235882  0.07506394196020937
  0.08590271830586006  0.09664873436863175  0.10717876154077527  0.11750448249878093
  0.12835900703156319  0.13948824952743538  0.15068274983454083  0.16160940449754155
  0.17257980783176907  0.18360061287811186  0.19404733055187093  0.20404995037801071
  0.21395137730176175  0.22404290996024900  0.23431311825641046  0.24456179997819200
  0.25492954180109501  0.26519961620682814  0.27532501141752341  0.28534621389405929
  0.29561920566896827  0.30604015352427638  0.31650074885789764  0.32678313130019149
  0.33707294099631979  0.34714889089492473  0.35744101732038330  0.36783552870966613
  0.37844146265322015  0.38926349871856342  0.40037857587118930  0.41163932862355557
  0.42251925304991145  0.43320710213324831  0.44379027950104349  0.45422797722672731
  0.46449422597468415  0.47477309829606007  0.48536136688338954  0.49613166825554283
  0.50672862501490323  0.51725531387900481  0.52776846891487517  0.53833126251793872
  0.54894266075721454  0.55980146237938866  0.57101369229560994  0.58208270654968519
  0.59277604276460816  0.60329651002480478  0.61364462042588042  0.62378319755363332
  0.63375350021068810  0.64370780146594475  0.65378114578432034  0.66399753241188675
  0.67463529316200843  0.68547387122968184  0.69622708854833770  0.70695562008153012
  0.71764038218763904  0.72808702760845623  0.73813829177616097  0.74805934890979675
  0.75813238355840162  0.76840004898816450  0.77888193828249919  0.78897843494767672
  0.79882347720474667  0.80858790958435456  0.81857712431587937  0.82895572743471724
  0.83958816577947359  0.85014076598465060  0.86065300561893376  0.87122885068487654
  0.88218938229885491  0.89338718595623701  0.90471056412151485  0.91583672002981142
  0.92646829100106476  0.93700316669329886  0.94791574223066510  0.95877500309376729
  0.96903432113018573  0.97925710629319085  0.98958755270377485  1.00000000000000000
  0.00037925353351261  0.05036795833186035  0.07255035582026879  0.08836044433867163
  0.10216275622397282  0.11482994500890117  0.12663533939240720  0.13744409735639426
  0.14783736992327787  0.15776797451238242  0.16744449018683505  0.17685694023660636
  0.18615078345663702  0.19558767140265651  0.20469160244366305  0.21337541880158536
  0.22186252502710765  0.23024889494153558  0.23859167306769169  0.24681751010706640
  0.25507233746427399  0.26318692280316691  0.27114017828325992  0.27901700268450319
  0.28686546792907086  0.29482372820999142  0.30256630310542598  0.31023135085323417
  0.31788026910972139  0.32563680000642131  0.33342619025833881  0.34106669290499503
  0.34857106067474786  0.35601558482815981  0.36338324839665659  0.37080889117936655
  0.37801907003765928  0.38483112480734610  0.39161232494653686  0.39866105159843268
  0.40573948282676681  0.41285347656145982  0.41994670155285535  0.42712265714726066
  0.43437007142553791  0.44164707686160559  0.44881659876826896  0.45583845437548853
  0.46270893306848088  0.46958888512248376  0.47665390181027611  0.48377530968310528
  0.49083547021511531  0.49792293601635290  0.50497765071517642  0.51202277701419685
  0.51895284115254925  0.52579048958901020  0.53292694541460095  0.54002949109018805
  0.54723904807294477  0.55452235526351590  0.56190060546052001  0.56934211504444843
  0.57667389128680402  0.58404182434256857  0.59179312041608956  0.59972893205578270
  0.60808230173971034  0.61677027672824747  0.62531502435951125  0.63387932609424302
  0.64225430337141320  0.65062548139338672  0.65910285298695781  0.66788880818168428
  0.67697528588565781  0.68625684492286887  0.69550678117324749  0.70488747312378175
  0.71444832143049042  0.72417040956322398  0.73401698352555733  0.74426417487139374
  0.75507931653145322  0.76651556039663959  0.77861125056714542  0.79123930895435113
  0.80467401925745397  0.81936828248474147  0.83531096397470828  0.85204213992683364
  0.87102739236160320  0.89383605984274184  0.92794003740071285  1.00000000000000000
 -0.01989005999186207  0.12222655662506121  0.15940246455404986  0.18249923113242786
  0.20034546429888175  0.21558083502945427  0.22901474742182976  0.24066272088506366
  0.25127738926298560  0.26084931576275383  0.27014666203530568  0.27896880126493190
  0.28747777386820272  0.29557568388080452  0.30331679487284852  0.31086015611105194
  0.31814483473468552  0.32520341565955285  0.33211321353207585  0.33875604202484033
  0.34511211716788653  0.35142286442842396  0.35745649248141542  0.36343395391697658
  0.36923570515007026  0.37499855385429759  0.38065853873569377  0.38639079469041199
  0.39222116261635354  0.39795459295448316  0.40353964042161738  0.40900713364122532
  0.41441180345314649  0.41994212900542038  0.42558887281189328  0.43122488787525476
  0.43686920816446001  0.44250789071191948  0.44803595141503716  0.45356649287016498
  0.45895147572130024  0.46438102800894959  0.46976460107629758  0.47515860679855110
  0.48059640654849239  0.48604148469818664  0.49145488636002110  0.49685745403040876
  0.50226089276191033  0.50758088705100235  0.51284681591884163  0.51807051448477393
  0.52331469482926085  0.52868040336173650  0.53416178579112861  0.53969048245313667
  0.54510589019507905  0.55041054949397084  0.55566645090683475  0.56095366591614415
  0.56636414012753522  0.57189102125851177  0.57729009005233123  0.58258285214574002
  0.58797381706262375  0.59349662304532869  0.59920436624599560  0.60501855180319841
  0.61091093828396004  0.61682667512346057  0.62276004281936792  0.62883494542845086
  0.63502518201678637  0.64120910641267148  0.64748994518813874  0.65398550570178371
  0.66076371453383076  0.66772832515554070  0.67480011863338252  0.68176225703193383
  0.68877982769275048  0.69614104793763232  0.70366314798279228  0.71158447646441014
  0.71991818800226182  0.72843999458185993  0.73764255592465977  0.74720831871617610
  0.75781511584136141  0.76946563209932228  0.78242864281724889  0.79754011148739268
  0.81590977661379638  0.83911457369160491  0.87779846166114406  1.00000000000000000
  2.43153605224052628E-006  -1.0000000000000000     
 F F T T F F T T F F T T F F T T F F F F F F F F F F F F F F F F
  <DiscreteSampler_grid>
  grouped_processes
  1 # 1 for a reference and 2 for a running grid.
  10 # Attribute 'min_bin_probing_points' of the grid.
  1 # Attribute 'grid_mode' of the grid. 1=='default',2=='initialization'
  0.0000000000000000 # Attribute 'small_contrib_threshold' of the grid.
  0.5000000000000000 # Attribute 'damping_power' of the grid.
 # binID   n_entries weight   weight_sqr   abs_weight
    10   10   8.679021361594934E+005   2.331517112885172E+012   8.679021361594934E+005
  </DiscreteSampler_grid>
