  0.00001055862837981  0.00004679992585602  0.00007269333104239  0.00010044162663337
  0.00012727189795351  0.00015330831943371  0.00017856778947542  0.00020285035587163
  0.00022638756384793  0.00024945920589169  0.00027265245597496  0.00029609572095743
  0.00031976275103208  0.00034364249847416  0.00036816127337211  0.00039312856314451
  0.00041847623956794  0.00044430359950043  0.00047069020183473  0.00049764969633757
  0.00052520667015919  0.00055323847133332  0.00058194093435932  0.00061143527047191
  0.00064176508498339  0.00067291778806857  0.00070516491451936  0.00073869649523599
  0.00077303024652678  0.00080797375805785  0.00084340599752901  0.00087942158756881
  0.00091521065980348  0.00095247773873835  0.00099078244453754  0.00103097473364422
  0.00107246753083446  0.00111486563767208  0.00115846724131893  0.00120315103251449
  0.00124946519280706  0.00129807449293527  0.00134873019160793  0.00140167782726430
  0.00145725981140194  0.00151449213153954  0.00157345547683781  0.00163475887370811
  0.00169769086475939  0.00176369117341877  0.00183295608020569  0.00190496583404350
  0.00198003463282375  0.00206037566981718  0.00214384031970753  0.00223255407615435
  0.00232407965034481  0.00241795490137618  0.00251535370480744  0.00261771472452715
  0.00272289850069008  0.00283783295068375  0.00295547775181775  0.00308240714822504
  0.00321428820902220  0.00335339399770446  0.00350084203827066  0.00365389275457589
  0.00381634460816490  0.00399108518890375  0.00417156943739942  0.00436739799559635
  0.00458093022104845  0.00481431645513034  0.00506679864596201  0.00534422267581761
  0.00565216195587603  0.00600139526296869  0.00638301189602618  0.00679107884258166
  0.00723835384285924  0.00774310204628667  0.00831482069545521  0.00895808628276977
  0.00967458342850459  0.01049650938753172  0.01143570649472426  0.01251591789210147
  0.01381170501050944  0.01549901687698588  0.01772732429426089  0.02095888310795254
  0.02552198758592632  0.03195108950455244  0.53137391214823138  1.00000000000000000
 -0.00242501446024800  0.00961425563711577  0.01974696808006833  0.03016903451946074
  0.04051415390978737  0.05104582499409911  0.06172413652262795  0.07234665786959803
  0.08303600536345813  0.09350777264282487  0.10409681759469185  0.11451941784802024
  0.12491519725175942  0.13517890804853286  0.14552159943974052  0.15583279932328067
  0.16602970211236115  0.17623632139813905  0.18639545986259359  0.19676784969000560
  0.20709407878368427  0.21779626066142663  0.22834426512060305  0.23901646340807423
  0.24959419526356955  0.26028582415295026  0.27092237507166828  0.28174126233407248
  0.29250983026635280  0.30336209557280741  0.31424584150879242  0.32514330073035214
  0.33608608993592154  0.34665571032963410  0.35721924638659230  0.36750939490044510
  0.37780956618258033  0.38831840535365675  0.39901773492170445  0.41001063911124647
  0.42096584100546786  0.43228498458989512  0.44307459256752763  0.45392643544233169
  0.46476633789187044  0.47575393800916077  0.48638675619950589  0.49663998172669743
  0.50725545059626143  0.51795304248093499  0.52838059446681129  0.53869115191574279
  0.54906254885821870  0.55954945116773913  0.56990223123445671  0.58035652773043822
  0.59113920419534516  0.60184892341101326  0.61227261556530155  0.62281949296003614
  0.63340111686978462  0.64381379113697368  0.65402141555920501  0.66412195528056017
  0.67450872074857859  0.68473152365397272  0.69514509737132957  0.70537179972811548
  0.71593915738578251  0.72673901603403079  0.73759633801099167  0.74828732375441331
  0.75916154568594885  0.76998673476295965  0.78045606168999215  0.79090236913590772
  0.80137371783368139  0.81196413700567027  0.82255437299109613  0.83334088700838760
  0.84432198298302019  0.85509259408503935  0.86577896512772323  0.87639419681883657
  0.88686863882038780  0.89720435160275724  0.90733574755768498  0.91754040187408925
  0.92773719907731944  0.93810400223555668  0.94847429649948034  0.95899211106678839
  0.96929040939983890  0.97962483086762542  0.98977636196344509  1.00000000000000000
  0.00019252507189717  0.02275134693501190  0.04103670064131858  0.05628872618804556
  0.07016057256874243  0.08309251380221520  0.09519093434063632  0.10666044587447450
  0.11770525517219020  0.12831798396540203  0.13848288444489032  0.14832906309151944
  0.15803777484170312  0.16765508004317767  0.17711062613633835  0.18640713817863322
  0.19561347090404979  0.20479969569764048  0.21374726124353094  0.22255210254288924
  0.23111486378892573  0.23934866449225792  0.24744713543237856  0.25545771103959819
  0.26343786993420093  0.27136377514861248  0.27917891564689074  0.28684168377514602
  0.29449630940931909  0.30220505763886352  0.30991098520031790  0.31757143342177258
  0.32508864834774087  0.33268541966787568  0.34036165645701139  0.34808851290262288
  0.35589417315834648  0.36366228051071453  0.37126734269849510  0.37877831926267869
  0.38627654865383698  0.39381308314626323  0.40140274815744503  0.40905876124603391
  0.41678578075089301  0.42447726736536495  0.43214923043954445  0.43969387484602329
  0.44710652146890872  0.45449016656631364  0.46185571302395800  0.46929220751904183
  0.47688441080925359  0.48444337695001288  0.49192789561679179  0.49938359426807155
  0.50691675229944122  0.51459398923610622  0.52227652165886851  0.52982775541366789
  0.53730535800099588  0.54481253492533621  0.55241677260542965  0.56015613326518643
  0.56795455032288122  0.57579400204216880  0.58360137456318029  0.59155788176727775
  0.59959723846820734  0.60773853311108261  0.61605546006650125  0.62433281470328206
  0.63269952874426716  0.64110431529549028  0.64966006004245691  0.65827499674233303
  0.66712270515021754  0.67628373905499095  0.68565280233245229  0.69541184289359426
  0.70531305307927916  0.71578139209401181  0.72662324257643718  0.73756356453837491
  0.74878607462818780  0.76046650261167958  0.77262581734919333  0.78530845042464548
  0.79880164496672235  0.81345279991077724  0.82929777915875380  0.84681975594723180
  0.86677791051151554  0.89065213595480663  0.92503997604709209  1.00000000000000000
 -0.02082508935104920  0.12187071495315005  0.15919092384879327  0.18247362488253291
  0.20042835658801461  0.21537981188389174  0.22855865838410488  0.24045776233413443
  0.25142200288638566  0.26115309251950769  0.27053400839679670  0.27935030088251139
  0.28790475495626899  0.29597810084797266  0.30369566603056869  0.31126402938679504
  0.31858493854826719  0.32572241592997803  0.33266595426899626  0.33938123467322834
  0.34585160909026375  0.35218144694411341  0.35847504117835810  0.36469373481638329
  0.37092299299877973  0.37700344681528697  0.38293337845466063  0.38880091177735421
  0.39462697138691694  0.40039019092314393  0.40610810352372168  0.41180472060081019
  0.41742403175870474  0.42295414182271679  0.42845931933385140  0.43394207223863790
  0.43940778922326412  0.44489314517095918  0.45039226598580345  0.45583641003048769
  0.46111891741653421  0.46633366455365055  0.47156523613207202  0.47681430698847627
  0.48204336034837608  0.48721485374306372  0.49235364382640801  0.49746976174499391
  0.50260816679505027  0.50774899126817974  0.51292881169563531  0.51810690181099395
  0.52330590204010308  0.52852100249401124  0.53369059028150234  0.53886159234293329
  0.54409999092028360  0.54943453195787206  0.55486652180982210  0.56031174641785786
  0.56571154625949494  0.57114685591821723  0.57663670240859399  0.58222007877809334
  0.58787230422406589  0.59355417989859116  0.59925278168578544  0.60503348169914539
  0.61088233053830610  0.61676981589469193  0.62266636143988097  0.62862797223199862
  0.63475326462117521  0.64093898798833604  0.64729942072060120  0.65379261107849640
  0.66042701382694513  0.66719460292429988  0.67411645295779654  0.68123319180282538
  0.68843125641184222  0.69598410745175088  0.70368110936726247  0.71174332823074171
  0.72023696591095743  0.72884558766099383  0.73852189199898155  0.74847221818264265
  0.75935745063949744  0.77110293260892449  0.78428280939177542  0.79916649380644311
  0.81675834186775143  0.83947227674557845  0.87768273753231052  1.00000000000000000
  2.68514081738417051E-005  -1.0000000000000000     
 T T T T T T T T T T T T T T T T F F F F F F F F F F F F F F F F
  <DiscreteSampler_grid>
  grouped_processes
  1 # 1 for a reference and 2 for a running grid.
  10 # Attribute 'min_bin_probing_points' of the grid.
  1 # Attribute 'grid_mode' of the grid. 1=='default',2=='initialization'
  0.0000000000000000 # Attribute 'small_contrib_threshold' of the grid.
  0.5000000000000000 # Attribute 'damping_power' of the grid.
 # binID   n_entries weight   weight_sqr   abs_weight
    10   10   1.550642123896249E+008   5.693226428010956E+016   1.550642123896249E+008
    16   10   1.550642123896249E+008   5.693226428010960E+016   1.550642123896249E+008
  </DiscreteSampler_grid>
