  0.00954095603545354  0.01576473193732372  0.02499198677531507  0.03575146608101287
  0.04615970753547109  0.05660709948134292  0.06703141792841878  0.07735151524372673
  0.08769707468550680  0.09804450002437461  0.10845070400936342  0.11883537089479874
  0.12918164312208855  0.13952672500589891  0.14992193872565981  0.16039550380422377
  0.17087239686460368  0.18132537430453050  0.19175910804034035  0.20221610828872366
  0.21261190785618428  0.22295789412303993  0.23325253819041120  0.24353211880025866
  0.25386438979149850  0.26414798394709488  0.27448774946088972  0.28477574695894109
  0.29509352768681263  0.30539788524650835  0.31578015078971777  0.32614531781516543
  0.33651272597654003  0.34682325918481999  0.35724167654825867  0.36769679976234609
  0.37819031122239660  0.38863642134016346  0.39902369972185847  0.40939033752947923
  0.41973604471605835  0.43010795339569274  0.44048364848420463  0.45087627866766894
  0.46124883029616048  0.47164561999344889  0.48204600735817033  0.49246338859932881
  0.50286105676380288  0.51324732207993817  0.52364849424785642  0.53406928637733131
  0.54445550480423421  0.55479851712426542  0.56513321354420976  0.57546701411138657
  0.58580977473811124  0.59613206730409263  0.60646014350668120  0.61680803755753311
  0.62717656362876018  0.63755803535973987  0.64792047145219400  0.65827286995618861
  0.66864642355154258  0.67904925517291193  0.68946379925492707  0.69989775315232461
  0.71033257773249270  0.72075055370041219  0.73112727276705758  0.74149347964253021
  0.75188404735119119  0.76230037612140189  0.77271685725538430  0.78311295693139893
  0.79345196191410816  0.80377310479940522  0.81410689070109710  0.82445418750175337
  0.83479956391062637  0.84512834552993710  0.85547604103708164  0.86592031367264344
  0.87642352408783764  0.88696080342926387  0.89739863006397036  0.90779630818544799
  0.91818440917355326  0.92854122274025241  0.93887773018388987  0.94923539796116141
  0.95966825933603539  0.97013603364716583  0.98049894931100801  1.00000000000000000
  0.00953630830358552  0.01568382912819564  0.02509797280782713  0.03598747342312064
  0.04644711104785378  0.05690070544204005  0.06731836330028779  0.07772312314078451
  0.08811439073192616  0.09848163022615454  0.10886222085213285  0.11922996683715395
  0.12961563271814525  0.13998670823729159  0.15039214391689823  0.16080690699015540
  0.17117964483617440  0.18153713213803965  0.19191534230005661  0.20234768090045060
  0.21278900479907897  0.22322502394610003  0.23360324801736068  0.24396960712949808
  0.25436116441177159  0.26474812034678996  0.27512667820179765  0.28548624943563372
  0.29590117871356814  0.30630377424701538  0.31670230937847293  0.32708130355306198
  0.33744396185701070  0.34775895507291066  0.35806720235146861  0.36836933019716955
  0.37868280164321899  0.38900614144679929  0.39937444455996274  0.40978992743181059
  0.42020791090079618  0.43061677497633499  0.44100574903792300  0.45139680953630246
  0.46175927937054634  0.47209268707038698  0.48240768898780573  0.49276690281547392
  0.50318475811524277  0.51363456269908581  0.52407511020061792  0.53446159057906095
  0.54483056158130194  0.55519849344009009  0.56556263956817787  0.57591346648377895
  0.58627176815788351  0.59661231886817589  0.60692979429368232  0.61720529820306202
  0.62750269233495215  0.63788550353174966  0.64829830931209009  0.65872224389559919
  0.66911540880455500  0.67950985078401249  0.68992704733355292  0.70032822355460622
  0.71071999765876415  0.72108609517783917  0.73143540748306313  0.74174066628961832
  0.75204597084605918  0.76233815384317505  0.77267051423377731  0.78301851532791511
  0.79339316694709383  0.80377870577863575  0.81414390129376013  0.82454298720460406
  0.83492243476503747  0.84531276152348322  0.85568023235611346  0.86602776900473077
  0.87637756043534054  0.88667819339279630  0.89700998181463376  0.90738081310992380
  0.91779635963165596  0.92823259528276469  0.93868560281996616  0.94917944847235214
  0.95963685316506053  0.97006954194052730  0.98044154812979234  1.00000000000000000
  0.00947995122156446  0.01580804097673792  0.02511186662992537  0.03593587840452039
  0.04627864093618002  0.05664963531661261  0.06703586317666860  0.07746855029447487
  0.08783802963640797  0.09819293412351456  0.10854832902738576  0.11894536943268723
  0.12930071300603974  0.13963993720515971  0.14999855527720171  0.16041217334433344
  0.17077577110381809  0.18108522583218911  0.19143296146291261  0.20179436769299833
  0.21215908908737305  0.22252155154998229  0.23292072838073491  0.24334141726167213
  0.25379512278015726  0.26420413299106310  0.27460146172713262  0.28497169570236652
  0.29536888389189059  0.30577730198711134  0.31613958628565270  0.32650030524582951
  0.33688988083377897  0.34734532040924193  0.35779902548846659  0.36824333555557803
  0.37870903116527188  0.38914565174907756  0.39951650857704762  0.40980178970013498
  0.42010015214521990  0.43047370207486302  0.44087989686787232  0.45125142213442959
  0.46161328684683040  0.47195708355100563  0.48233352099730553  0.49270570141217024
  0.50309928456007036  0.51352731636394200  0.52397875199093735  0.53442766028825350
  0.54485864038902221  0.55527283041712516  0.56566323512815464  0.57605602943036682
  0.58643805841251806  0.59680293161809650  0.60714090281756095  0.61748803593354817
  0.62790127181068278  0.63835811418513810  0.64879508784257878  0.65918450870321998
  0.66955388863937115  0.67991525051127899  0.69026798069878070  0.70060594627745998
  0.71095404438162912  0.72131056698767892  0.73165794757491143  0.74200728387933512
  0.75237987645036664  0.76276310549075255  0.77315073805144741  0.78351485065871629
  0.79386603515390664  0.80418457780254682  0.81452511046087728  0.82490182314860783
  0.83529815658455009  0.84567852979457181  0.85600837129632801  0.86633975845045386
  0.87667200795625311  0.88703978353723600  0.89740088078181546  0.90777967428265982
  0.91817179341334276  0.92854303294495921  0.93890457600378263  0.94932938854393589
  0.95977910388514498  0.97017323566249580  0.98052533412921183  1.00000000000000000
  0.00954694174719431  0.01570834905472477  0.02493253750915939  0.03564940089349530
  0.04593365653080606  0.05625658130796982  0.06661012714610016  0.07698823648297287
  0.08736140745068792  0.09777333819890996  0.10819480501674973  0.11862766816040785
  0.12906663741830196  0.13947409636093749  0.14989369705547181  0.16027408393853620
  0.17063849497359410  0.18098108085821182  0.19137372166260969  0.20183775251183053
  0.21232152239602342  0.22273780858363448  0.23308539555505395  0.24337976066731704
  0.25371533489081899  0.26408496389422637  0.27446219434782765  0.28482343950174266
  0.29517766443884924  0.30555509239087564  0.31590578167803851  0.32627248578521889
  0.33663961173957291  0.34704649076949834  0.35743966486766088  0.36780086390989519
  0.37806032296916253  0.38829203281123315  0.39857640467504629  0.40895246556820569
  0.41931568345409881  0.42965509080457565  0.43995818616562343  0.45029478674650747
  0.46067490730505578  0.47111419838935692  0.48158685996190725  0.49201799379120154
  0.50241803885679082  0.51282702749712905  0.52326036775977502  0.53372290163656044
  0.54417770740841298  0.55462536945642671  0.56506927303776400  0.57549051171029164
  0.58590165839478536  0.59632817750480183  0.60676755334420540  0.61719318931766620
  0.62759088294884013  0.63799212112304005  0.64840102485647733  0.65877461715362906
  0.66913653350558555  0.67950128908611651  0.68984693039472067  0.70015541206441378
  0.71045623443070749  0.72077837762768127  0.73111449668961737  0.74146498667921490
  0.75186853369281181  0.76229581251711753  0.77271457387283238  0.78311977547407108
  0.79353675500394105  0.80397439515851310  0.81437401821665090  0.82475942108279443
  0.83512579043767798  0.84549999016287125  0.85592193047443710  0.86632725494864926
  0.87676061491569868  0.88710859474907300  0.89745669152469365  0.90780429752429059
  0.91824102448316403  0.92870385134744560  0.93913837869826722  0.94952332198655565
  0.95991620874715611  0.97028990388692271  0.98062338629626089  1.00000000000000000
 -0.00234333494775329  0.00969562844814289  0.01997717710894869  0.03054066364757189
  0.04109801060271200  0.05159455366589784  0.06209159070562246  0.07262400218773223
  0.08318956413883334  0.09381987367472568  0.10439968423455892  0.11491709482839493
  0.12541456373442894  0.13592279829116383  0.14640023681868389  0.15690954561387616
  0.16742471128317307  0.17797942462823446  0.18852434061886492  0.19908197923187104
  0.20965365622461171  0.22019181348883737  0.23076782140631119  0.24137552627472281
  0.25201456080261025  0.26264163057831563  0.27327062868908059  0.28386558442820492
  0.29444647687152309  0.30502002516108012  0.31559832045256064  0.32610921952504696
  0.33657064565138300  0.34698526083552467  0.35738749014378451  0.36783269895887905
  0.37830738985475315  0.38892071817586260  0.39955836875922418  0.41024419116163136
  0.42085522836019079  0.43146098428462115  0.44203100844788634  0.45259379232490199
  0.46313894489656127  0.47374845027542994  0.48430666796049893  0.49478940131342120
  0.50525241652187114  0.51574735759261003  0.52630313396883222  0.53678267726918516
  0.54724807252739582  0.55770072974890450  0.56818194913006104  0.57865284224789226
  0.58914968333629014  0.59964534917247347  0.61019197497353594  0.62076338738578618
  0.63131212350125387  0.64185681845681097  0.65233338381108508  0.66284671604846002
  0.67336320231504632  0.68393119088598131  0.69454567871836193  0.70515908516843628
  0.71575377870437074  0.72627702093733904  0.73677819565699498  0.74731674506570511
  0.75785428235619023  0.76840603577292965  0.77892271704997418  0.78943444847604205
  0.79998737282344079  0.81050155939377133  0.82108311907576093  0.83166651997994356
  0.84223494098893936  0.85276098080032192  0.86328101369339283  0.87382706268760058
  0.88437626049239582  0.89488847113425229  0.90545438192999528  0.91603204900755242
  0.92665810181941599  0.93720740714752504  0.94769982366845640  0.95812995741407769
  0.96857267838765693  0.97901593194532788  0.98949315808389815  1.00000000000000000
 -0.00249882375393973  0.00943541591802165  0.01955142399247498  0.03003572723084364
  0.04057522330780437  0.05114689500342902  0.06174085251134363  0.07226426897085704
  0.08278369411564562  0.09337856190916440  0.10401890209595333  0.11464575715393133
  0.12513652623194185  0.13565540007825311  0.14611476727625017  0.15662741400895169
  0.16711058015741395  0.17757982382530746  0.18808045324047720  0.19859720607075956
  0.20913978593066176  0.21963426917223694  0.23017864362278634  0.24078454676543470
  0.25137864631455342  0.26194557182968436  0.27248600589991223  0.28307665826678075
  0.29358322235419798  0.30412406299963973  0.31462742927083709  0.32518065587116007
  0.33575618265689267  0.34636952100024332  0.35702151040187879  0.36758156102619449
  0.37809306402339532  0.38850800077720404  0.39895437510963816  0.40941294232297493
  0.41995399455823296  0.43045841028043180  0.44102518674843294  0.45162708388657824
  0.46227505812416392  0.47287579668984853  0.48343370817605652  0.49396451015799991
  0.50449295094629709  0.51498010357409507  0.52550525910666157  0.53599887784038425
  0.54651543229468147  0.55701186282537885  0.56750922328920317  0.57800883001449399
  0.58852084953302208  0.59902201328061133  0.60954097686681152  0.62007606909647772
  0.63065235801780084  0.64120261023295966  0.65180499511434009  0.66238974629352909
  0.67297386367967271  0.68347717353033588  0.69393752076263693  0.70448035683132915
  0.71498855688760876  0.72554507342200225  0.73596345305116451  0.74643284349340455
  0.75694354601519320  0.76751439503028884  0.77810023131636530  0.78864568037970706
  0.79921348907478917  0.80973434459560256  0.82033706734056266  0.83093355114386980
  0.84155191539246410  0.85213678832405959  0.86268311462165037  0.87325236398872819
  0.88385854478347969  0.89445699852337546  0.90505192594492623  0.91554550133051227
  0.92612714324530865  0.93669262665945507  0.94728252888977627  0.95786177141650930
  0.96842586125017793  0.97896748876843298  0.98949193184818829  1.00000000000000000
 -0.00244408655126122  0.00975977985307402  0.02001123083782842  0.03055774228396942
  0.04112631187467907  0.05155863438057891  0.06200935091526878  0.07245966227135157
  0.08297005710710606  0.09350193059119012  0.10401510468822825  0.11457985902827986
  0.12510713952236974  0.13556995428899782  0.14612066716896452  0.15662480670095982
  0.16713998369095345  0.17757978656051418  0.18809010899286110  0.19867359963965156
  0.20928111398064281  0.21989583098605944  0.23043871193343818  0.24095060978719807
  0.25148222823341632  0.26203969338989730  0.27260113653226092  0.28311244284621095
  0.29371158022237825  0.30430534676732107  0.31487908651959023  0.32539549152240105
  0.33590346112926672  0.34642465310968895  0.35693551280276609  0.36751427680962484
  0.37811283328974488  0.38870437257823387  0.39930504799444327  0.40990543437636795
  0.42050807363876497  0.43105750593266695  0.44161467708238733  0.45209873907217080
  0.46261730038942017  0.47317852995603393  0.48379907448391907  0.49434949818096374
  0.50480642823887245  0.51531716840164898  0.52587499590230180  0.53649201442072614
  0.54703306577506028  0.55756326957894464  0.56808557027976658  0.57861198159103167
  0.58911027641998670  0.59962146711070030  0.61016526773376278  0.62078402317138637
  0.63139606668984394  0.64202902953021002  0.65266741531983286  0.66331157161822363
  0.67383821117055842  0.68433738275435740  0.69475784894346726  0.70526648965572092
  0.71575142864311403  0.72625552989006104  0.73681717557370630  0.74738157252049298
  0.75796409007984933  0.76848698276994964  0.77902189609023276  0.78947931898412904
  0.80000366799672407  0.81051475309516396  0.82111531024295537  0.83166555990523394
  0.84221760982608995  0.85273320950933640  0.86320339148695491  0.87367372984201852
  0.88418288664871703  0.89471957047920292  0.90522918920793738  0.91571192046392957
  0.92620806105135911  0.93669660134802868  0.94722056901377294  0.95778134738720377
  0.96844403682840940  0.97903332758514849  0.98956984042982610  1.00000000000000000
 -0.00251421184057538  0.00963070152678005  0.01978705048205396  0.03034575969183585
  0.04088763200182963  0.05149411110089778  0.06203379314680335  0.07251305348482909
  0.08297295907046667  0.09351850811026492  0.10409932537720248  0.11471002339532999
  0.12530272913864018  0.13592207772199327  0.14652019683456005  0.15702908565571094
  0.16753379417493958  0.17803656812319349  0.18855672580842819  0.19908581740069128
  0.20959032685465182  0.22008656481368613  0.23055114717840494  0.24097746030444758
  0.25145023130638261  0.26192724827654967  0.27240224695973042  0.28283212593018880
  0.29328198683558948  0.30375363139383649  0.31421402365676399  0.32468317072030733
  0.33521962629058238  0.34576163738764892  0.35637816383671678  0.36690523791516194
  0.37745346729760515  0.38792037385129974  0.39844676186802691  0.40896922678048997
  0.41947819240936113  0.43002488767467295  0.44058181199150709  0.45116298267410965
  0.46167884552823546  0.47226134909800299  0.48282476809579183  0.49339574154087629
  0.50390360447302862  0.51444368632757465  0.52494162121104782  0.53548465620668728
  0.54598864266838443  0.55655006241442384  0.56708437633323439  0.57766693690624149
  0.58830688420181865  0.59895593058624597  0.60956492232977200  0.62016756184530597
  0.63080539489899989  0.64148233239610342  0.65204324068077735  0.66251913923520089
  0.67291056707114982  0.68335449986660390  0.69386875906278578  0.70436827524832279
  0.71490641584199599  0.72546798603255358  0.73606821529185118  0.74663425457868571
  0.75716639552711940  0.76769444203471193  0.77821655539811718  0.78874822569122227
  0.79930695203100166  0.80986389607078191  0.82036822104279850  0.83088354038251844
  0.84136019736275292  0.85188141996337352  0.86241484236396981  0.87298246665805923
  0.88357613447574612  0.89415613307798958  0.90474234380202267  0.91529306308243730
  0.92589847559542005  0.93652340983124671  0.94711619409258208  0.95770511144188841
  0.96827369040872702  0.97888619240434638  0.98943859505512100  1.00000000000000000
 -0.00250419009577696  0.00949452553370201  0.01959418286803240  0.03008910992948803
  0.04055448183376462  0.05102823860647700  0.06149067638549590  0.07195487792547345
  0.08247772535450576  0.09304534881987203  0.10369877021067864  0.11431382646065860
  0.12492043336566390  0.13552699798988249  0.14610536008726807  0.15673176695559304
  0.16728595614632089  0.17790669576261420  0.18850479412452770  0.19916744637592546
  0.20977846167316250  0.22039953489690095  0.23099862964917298  0.24158263071166708
  0.25206683314680711  0.26251776242779234  0.27301765951473900  0.28349621094405192
  0.29399419425331386  0.30442360135820273  0.31490230738484293  0.32540551688443153
  0.33596971312055418  0.34651579784817110  0.35708880248279867  0.36762513929566454
  0.37818898857837785  0.38868394610680407  0.39920516301462061  0.40977227745275507
  0.42035560044633397  0.43092662207960292  0.44136198533501453  0.45182663998942413
  0.46231493980958921  0.47288650793256121  0.48341232598471007  0.49391423560505365
  0.50445846397064575  0.51499257197575876  0.52554631783907169  0.53605432339251158
  0.54661478696816657  0.55708341246924331  0.56762207182990210  0.57812628865023807
  0.58866543409685168  0.59913808558213488  0.60960106431313543  0.62010679581782935
  0.63062377695572391  0.64115856248025926  0.65167621944289100  0.66219076878620076
  0.67271090080667129  0.68326637818699287  0.69376576147895819  0.70424536182284247
  0.71468420582485082  0.72517115167419843  0.73570673281992738  0.74627567453561883
  0.75688621792671884  0.76748332491799898  0.77808432050939846  0.78865856836523562
  0.79922451676032547  0.80976067009237984  0.82035711197628824  0.83092828319830203
  0.84149429451498581  0.85202326486773716  0.86263515877179742  0.87325040394835152
  0.88387095447429753  0.89442032395435234  0.90502738952838546  0.91560782155051867
  0.92612939220736601  0.93662319038761999  0.94710864174508214  0.95767885417355103
  0.96826958657177198  0.97885525958715414  0.98945552814861448  1.00000000000000000
 -0.00249724201398507  0.00961869685659460  0.01983244759267753  0.03039915097958855
  0.04095341919580605  0.05145902809358106  0.06195776154613705  0.07248666230239011
  0.08304940237215572  0.09357046761765916  0.10408018715404321  0.11460070093489275
  0.12517640003448710  0.13573492706159679  0.14624280649710289  0.15673657339237848
  0.16719572937446273  0.17772631240458664  0.18825157351212246  0.19886111416391142
  0.20945195781361792  0.22001240199926034  0.23050422788780792  0.24095387712562347
  0.25145170807699779  0.26194422440776449  0.27246423970827061  0.28296631350668849
  0.29350619422792523  0.30405545123470351  0.31461836076417737  0.32519325825193018
  0.33575285358957163  0.34631039730532720  0.35689585892503006  0.36743706625728051
  0.37798925739864475  0.38851691797119592  0.39908973522705032  0.40965394553430201
  0.42020858689073903  0.43081227347436513  0.44140277257600791  0.45198936255259281
  0.46249730793926536  0.47299968321627101  0.48346070708206929  0.49397224114633786
  0.50452846796643991  0.51509731783128188  0.52563271443617576  0.53610486137145819
  0.54661538671550758  0.55718911606106902  0.56778726493052101  0.57830158502596474
  0.58878537303567335  0.59926626704357056  0.60983298081180404  0.62037987305596476
  0.63096389881968018  0.64152268503727439  0.65207864598817322  0.66259138521236105
  0.67309307522826323  0.68360661413288248  0.69419313981268438  0.70480078699145132
  0.71542979223038228  0.72605199923032793  0.73658248586635877  0.74713929993904371
  0.75757514679986293  0.76810755568213740  0.77864909811874505  0.78923820095225317
  0.79972108860560731  0.81017992253567506  0.82067421788805095  0.83120445080801131
  0.84167483218161721  0.85216416302669096  0.86271177170649349  0.87329152379219144
  0.88382668519929608  0.89437349510532083  0.90489201057445168  0.91547281202215003
  0.92607494383993649  0.93663339631886200  0.94720204377126416  0.95763796213928343
  0.96819591412468065  0.97871325089453332  0.98936208334792819  1.00000000000000000
 -0.00239709286757246  0.00973403481133857  0.02001554104547040  0.03053827377849434
  0.04105753075608533  0.05154998994239664  0.06203395043669530  0.07253027334560633
  0.08299525092806653  0.09348423271766952  0.10398423618820272  0.11452485725761884
  0.12513017150259068  0.13568713199827245  0.14624477348404147  0.15678143574361875
  0.16734081365697279  0.17790881539009459  0.18845512279595950  0.19896841556379818
  0.20945573995875594  0.21993250222332469  0.23045005637990476  0.24095359351634255
  0.25150205776244067  0.26202499549199676  0.27253275300526869  0.28302920498368189
  0.29353305101808286  0.30408378409101017  0.31459946289308494  0.32506765287867023
  0.33553675183934639  0.34605655452308354  0.35658650207421194  0.36707659660975139
  0.37754687539663861  0.38802125287026318  0.39852630494031871  0.40904956476657622
  0.41959781011859060  0.43018433975617532  0.44079900876140826  0.45142868046068113
  0.46205588522627550  0.47269887399108507  0.48333987637536924  0.49400224779748347
  0.50454000772382590  0.51509476688228817  0.52569265391730036  0.53638127952626102
  0.54707881497033750  0.55767147411133289  0.56825877902716837  0.57883118744957684
  0.58942595161437028  0.60001099195590590  0.61055587186251326  0.62108613339830177
  0.63163746771906204  0.64222807137755866  0.65284221341463766  0.66337499551985535
  0.67391383586160791  0.68442728508196682  0.69499916416925911  0.70559257534656661
  0.71617159748369041  0.72670917243464084  0.73718125919964550  0.74765206374883808
  0.75817379847051558  0.76872352445474945  0.77926185027259520  0.78980460239835759
  0.80034658791219015  0.81088754211562253  0.82139115821961017  0.83187890598448977
  0.84239194664393324  0.85289296025571493  0.86342622316870110  0.87390903154378652
  0.88442029649452580  0.89496720913029038  0.90551638887598274  0.91605813812396863
  0.92657678739547888  0.93714318535174934  0.94764788567072311  0.95814590944473488
  0.96860927783618334  0.97910552715586918  0.98955900602387969  1.00000000000000000
 -0.00237762349718520  0.00972383727395125  0.01984432464312271  0.03025862199993880
  0.04071132596484055  0.05123502906116309  0.06177424364505082  0.07227743568430707
  0.08285290250133724  0.09340915158009899  0.10398593061609757  0.11457581330499382
  0.12516175826798814  0.13575490532459455  0.14628985993994631  0.15689105054338201
  0.16740313993870798  0.17787437613859020  0.18833130959857369  0.19886226518330105
  0.20938002413698639  0.21989118803705293  0.23046227644723263  0.24107144356612292
  0.25166389576590464  0.26217894933096153  0.27269505340206934  0.28314795747241872
  0.29363414821142025  0.30415836738653856  0.31475322595866134  0.32526945919935735
  0.33583857560932723  0.34634482431095298  0.35696055205120714  0.36742559701879213
  0.37782150488658434  0.38812796899919044  0.39849119520983439  0.40900886583550206
  0.41957646046879182  0.43022993490096034  0.44082142955352882  0.45143154165117649
  0.46199967047232754  0.47256886337968379  0.48311840928733274  0.49362561729462245
  0.50415154346533786  0.51470639826937481  0.52527024128201572  0.53587383478430894
  0.54643319931612988  0.55703290033529995  0.56758619864009385  0.57815107728934101
  0.58876183748427935  0.59939030261775461  0.61003389136766228  0.62062632668795037
  0.63121113564732867  0.64173547116877605  0.65222141067134332  0.66271830939746268
  0.67327201171689743  0.68381318755086340  0.69433021007086471  0.70487837752188864
  0.71537776413391696  0.72585828096199045  0.73628483786554322  0.74683920565594375
  0.75743158506965758  0.76799454174383364  0.77852336940614908  0.78904104936087449
  0.79961554465578599  0.81023330114191205  0.82088736660213202  0.83152095179670216
  0.84210480847089775  0.85268456617888022  0.86324874993431910  0.87379593717636250
  0.88437901134012509  0.89498079242282924  0.90557251258872262  0.91604804028108089
  0.92650496164939800  0.93699555934501400  0.94752956856039983  0.95808505410624634
  0.96860280514913133  0.97907087413113192  0.98953896527297691  1.00000000000000000
 -0.00242648137842217  0.00954092155877300  0.01969014442391707  0.03016338606464261
  0.04071915116801193  0.05133441271539429  0.06189056678308913  0.07244888311186040
  0.08300407707643079  0.09360757673855140  0.10419914625479641  0.11467830098378398
  0.12513759767269234  0.13557943765974501  0.14608782267731252  0.15658520279966029
  0.16712051296327582  0.17767755809224467  0.18821815105581066  0.19875876726113775
  0.20929788306493019  0.21988792816709077  0.23041567528297452  0.24100661782496427
  0.25156172541084459  0.26215342120526802  0.27268569014994226  0.28325342612125021
  0.29385219252633893  0.30444863526756755  0.31502014431247100  0.32554867286767880
  0.33607281461362443  0.34660341439458670  0.35714495694790854  0.36768654035357007
  0.37820370556522898  0.38872857019022194  0.39926537196266909  0.40984062498581336
  0.42040504612956298  0.43087193174951055  0.44134716317403100  0.45187413424087969
  0.46244540210196333  0.47305514925383790  0.48365216873759870  0.49423203239869395
  0.50474799213271671  0.51528118186542538  0.52589678951604890  0.53647566038686256
  0.54700054970674128  0.55751888778614633  0.56804983276486987  0.57859693787790134
  0.58914039723304246  0.59968817213127334  0.61019629029470235  0.62066705357060081
  0.63112430400268849  0.64166215686796002  0.65219925188042072  0.66276635685504504
  0.67327675495810546  0.68378584507636475  0.69436376075932549  0.70499383645719960
  0.71564073192227085  0.72622974500525472  0.73671194543012342  0.74719981961933513
  0.75771203619022942  0.76827778595254492  0.77885021060153437  0.78944964620257196
  0.79993463883891469  0.81044253111601872  0.82092453781269425  0.83149266540110134
  0.84201683295946661  0.85252430110175847  0.86305070985243315  0.87356684401247264
  0.88409445466348069  0.89463453886775812  0.90517621986879404  0.91567809384016141
  0.92621129004346225  0.93673738588125111  0.94727964672045673  0.95781018985484301
  0.96837210273487295  0.97890810011910590  0.98945909966157342  1.00000000000000000
 -0.00243418055807872  0.00940740254190354  0.01953006693000781  0.02997348394518028
  0.04053419009683640  0.05112569288566219  0.06176396968159055  0.07235906647790427
  0.08291337943468659  0.09341380498018520  0.10394537118554613  0.11450158942090267
  0.12510129162076614  0.13565650595570763  0.14614873939707235  0.15656746315716752
  0.16694673320536615  0.17737111426866076  0.18789580810904133  0.19844666882314752
  0.20898973847372171  0.21947944225573879  0.22997807992694577  0.24050942058382591
  0.25103968327617282  0.26160122677181291  0.27214953094292993  0.28275239563677274
  0.29335625529755865  0.30393123754974116  0.31449911226631821  0.32500535204411535
  0.33552690467982987  0.34606229331242122  0.35664631437771566  0.36725845248815420
  0.37782735166873355  0.38843757622614788  0.39904151207518607  0.40965207946615223
  0.42021330633334486  0.43072565925760420  0.44122380885775120  0.45170910063348507
  0.46225186654742234  0.47280316233901931  0.48338158094197731  0.49392767699512263
  0.50442899712695355  0.51493820371388355  0.52548295693820124  0.53601845619924315
  0.54655400442188040  0.55707113458821822  0.56763065297162296  0.57815297749585681
  0.58866719484509455  0.59925223698146979  0.60982924919087078  0.62040740441696940
  0.63094617679347087  0.64150423810558710  0.65204670482615834  0.66255491255724430
  0.67309505333026909  0.68367212936675426  0.69422840442007228  0.70477119015855616
  0.71530198835107373  0.72579084700396701  0.73628685126389626  0.74680244460674461
  0.75743135414567331  0.76806265958315656  0.77870258322396124  0.78933999704862468
  0.79990772456913262  0.81044967289646341  0.82097872997106081  0.83154027912370654
  0.84209173711159169  0.85264582837629843  0.86321388267206467  0.87378132849553469
  0.88426477288029837  0.89482270205577208  0.90532483737508329  0.91586886506622589
  0.92629375473915443  0.93682879306195488  0.94736534918592619  0.95801862021032169
  0.96854713057770281  0.97905656517804451  0.98949449095686914  1.00000000000000000
   2.0391879080763854E-012  -1.0000000000000000     
 T T T T T T T T T T T T T T T T T T T T T T T T T T T T T T T T T T T T T T T T T T T T T T T T T T T T T T T T T T T T T T T T F F F F F F F F F F F F F F F F F F F F F F F F F F F F F F F F F F F F F F F F F F F F F F F F F F F F F F F F F F F F F F F F
  <DiscreteSampler_grid>
  grouped_processes
  1 # 1 for a reference and 2 for a running grid.
  10 # Attribute 'min_bin_probing_points' of the grid.
  1 # Attribute 'grid_mode' of the grid. 1=='default',2=='initialization'
  0.0000000000000000 # Attribute 'small_contrib_threshold' of the grid.
  0.5000000000000000 # Attribute 'damping_power' of the grid.
 # binID   n_entries weight   weight_sqr   abs_weight
    10   10   1.700937971882082E+031   9.283753449653008E+062   1.700937971882082E+031
  </DiscreteSampler_grid>
